DY
626
2

0;0.35779276;0.7975258;1.0
0;0.25546288;0.8579048;1.0
0;0.13457684;0.74497247;1.0
0;0.43817216;0.85806;1.0
0;0.20067704;0.6706209;1.0
0;0.15392202;0.91338176;1.0
0;0.1352682;0.8651362;1.0
0;0.22949009;0.6932676;1.0
0;0.40485582;0.82678914;1.0
0;0.2904044;0.7647965;1.0
0;0.5386948;0.8485736;1.0
0;0.22400655;0.70101625;1.0
0;0.3163207;0.66199994;1.0
0;0.45687366;0.8528349;1.0
0;0.37716803;0.632065;1.0
0;0.43052626;0.7740933;1.0
0;0.33028555;0.77002174;1.0
0;0.34750524;0.7711397;1.0
0;0.18285888;0.7559622;1.0
0;0.2650773;0.8328029;1.0
0;0.4173073;0.82363605;1.0
0;0.36973026;0.70092016;1.0
0;0.44466558;0.65790457;1.0
0;0.21942663;0.62396723;1.0
0;0.17842321;0.5617062;1.0
0;0.32975158;0.6862563;1.0
0;0.34308136;0.8514219;1.0
0;0.15058607;0.7182289;1.0
0;0.41123366;0.7562251;1.0
0;0.2419761;0.91912997;1.0
0;0.5134323;0.80262417;1.0
0;0.2012397;0.6174292;1.0
0;0.23223105;0.78378165;1.0
0;0.4136837;0.83697945;1.0
0;0.34878087;0.68617886;1.0
0;0.32611755;0.7139066;1.0
0;0.21712111;0.82364905;1.0
0;0.15734196;0.7510486;1.0
0;0.42993146;0.7444059;1.0
0;0.53591025;0.6265911;1.0
0;0.41882747;0.59608215;1.0
0;0.19532166;0.75667995;1.0
0;0.4975067;0.9254601;1.0
0;0.25670084;0.86899954;1.0
0;0.23977534;0.8845034;1.0
0;0.4523259;0.68907845;1.0
0;0.18955119;0.82088804;1.0
0;0.2844161;0.8182985;1.0
0;0.30836385;0.7338325;1.0
0;0.29929522;0.8969893;1.0
0;0.40444615;0.71138173;1.0
0;0.356954;0.5824114;1.0
0;0.15462907;0.44116062;1.0
0;0.35845774;0.7160644;1.0
0;0.35055277;0.9758162;1.0
0;0.3595201;0.74701303;1.0
0;0.37305227;0.5967017;1.0
0;0.46797442;0.9096808;1.0
0;0.2565922;0.7436814;1.0
0;0.20354366;0.73415583;1.0
0;0.24927631;0.9605005;1.0
0;0.31495032;0.7079636;1.0
0;0.33938137;0.71791995;1.0
0;0.34554896;0.7184715;1.0
0;0.2920319;0.5720961;1.0
0;0.28887433;0.6089652;1.0
0;0.2390525;0.69927406;1.0
0;0.45846885;0.65672165;1.0
0;0.20542906;0.8110943;1.0
0;0.15147947;0.6132546;1.0
0;0.28327057;0.84085166;1.0
0;0.1752479;0.5900077;1.0
0;0.44897774;0.6412602;1.0
0;0.4057151;0.5877563;1.0
0;0.24744089;0.7598463;1.0
0;0.32912546;0.7299571;1.0
0;0.14148463;0.5524216;1.0
0;0.40748057;0.6898826;1.0
0;0.40050203;0.6233075;1.0
0;0.32036328;0.7138228;1.0
0;0.26069474;0.67853516;1.0
0;0.0;0.6539707;1.0
0;0.10440968;0.6955622;1.0
0;0.3717001;0.7178886;1.0
0;0.37231812;0.7713871;1.0
0;0.14572321;0.6651665;1.0
0;0.49699044;0.66618335;1.0
0;0.41558117;0.7440293;1.0
0;0.39987746;0.73137444;1.0
0;0.4904972;0.7152738;1.0
0;0.32784304;0.84993404;1.0
0;0.31053722;0.551204;1.0
0;0.3098549;0.7355638;1.0
0;0.4476854;0.64514136;1.0
0;0.41904038;0.6638932;1.0
0;0.2529373;0.7289468;1.0
0;0.42541686;0.5257221;1.0
0;0.40860263;0.90879726;1.0
0;0.44355926;0.8343122;1.0
0;0.12194415;0.6474735;1.0
0;0.25704718;0.8483298;1.0
0;0.38991702;0.76482344;1.0
0;0.35265073;0.74096584;1.0
0;0.05568576;0.5849451;1.0
0;0.54141563;0.7381284;1.0
0;0.2158634;0.78228045;1.0
0;0.5319562;0.95577747;1.0
0;0.21925321;0.587752;1.0
0;0.29166713;0.5960017;1.0
0;0.19784728;0.75897133;1.0
0;0.35973728;0.8076684;1.0
0;0.38734084;0.58354515;1.0
0;0.31340843;0.63390344;1.0
0;0.41563463;0.8048159;1.0
0;0.39607885;0.6514656;1.0
0;0.3747086;0.94679034;1.0
0;0.41258273;0.9054286;1.0
0;0.3258006;0.7079573;1.0
0;0.33004624;0.7993771;1.0
0;0.3794563;0.82851064;1.0
0;0.4310341;0.8151814;1.0
0;0.25404575;0.6248876;1.0
0;0.41895658;0.7510204;1.0
0;0.13361065;0.83892095;1.0
0;0.38172022;0.8223799;1.0
0;0.08659989;0.66969687;1.0
0;0.24411212;0.60759854;1.0
0;0.15024702;0.7258459;1.0
0;0.1197376;0.8194191;1.0
0;0.33943453;0.7304908;1.0
0;0.35728827;0.850872;1.0
0;0.39048263;0.470367;1.0
0;0.49479914;0.6702468;1.0
0;0.3622189;0.56247735;1.0
0;0.3321846;0.65224224;1.0
0;0.4845232;0.81939375;1.0
0;0.27773452;0.6207809;1.0
0;0.33522597;0.66409373;1.0
0;0.42632464;0.9647776;1.0
0;0.50310546;0.74252;1.0
0;0.30096275;0.7358659;1.0
0;0.39321643;0.7511878;1.0
0;0.1978131;0.5712219;1.0
0;0.20449483;0.76341826;1.0
0;0.36055094;0.6390013;1.0
0;0.29515365;0.8426303;1.0
0;0.42283818;0.6594971;1.0
0;0.29657584;0.6166186;1.0
0;0.23012939;0.8116097;1.0
0;0.2387303;0.9598014;1.0
0;9.11122E-4;0.7198854;1.0
0;0.45224118;0.50077;1.0
0;0.16235012;0.8806478;1.0
0;0.49566746;0.8069994;1.0
0;0.11843184;0.9504953;1.0
0;0.30334356;0.8151504;1.0
0;0.29477757;0.5741558;1.0
0;0.22431801;0.59149146;1.0
0;0.34522748;0.65937436;1.0
0;0.28452772;0.5535227;1.0
0;0.2123011;0.78950346;1.0
0;0.32895347;0.7358494;1.0
0;0.53885114;0.79147494;1.0
0;0.112059645;0.6795903;1.0
0;0.30874777;0.5749231;1.0
0;0.34563714;0.67462415;1.0
0;0.33045456;0.62502915;1.0
0;0.3229533;0.6822821;1.0
0;0.3004094;0.5152857;1.0
0;0.2744015;0.762809;1.0
0;0.32944894;0.84266293;1.0
0;0.21202375;0.7627182;1.0
0;0.43320796;0.70770687;1.0
0;0.6069526;0.7075209;1.0
0;0.26699445;0.7009502;1.0
0;0.23098373;0.6361539;1.0
0;0.27970618;0.8218077;1.0
0;0.23527169;0.7256319;1.0
0;0.16924378;0.6098886;1.0
0;0.17719395;0.5538476;1.0
0;0.38749912;0.7696176;1.0
0;0.28628185;0.58260274;1.0
0;0.28769937;0.77614594;1.0
0;0.3329442;0.76873726;1.0
0;0.451622;0.7986607;1.0
0;0.36489657;0.7005944;1.0
0;0.29925168;0.7860456;1.0
0;0.20511355;0.69719666;1.0
0;0.3983628;0.7973263;1.0
0;0.3362321;0.75583637;1.0
0;0.09519558;0.61218166;1.0
0;0.50147104;0.6075595;1.0
0;0.34354976;0.92473316;1.0
0;0.33517167;0.48634368;1.0
0;0.3766952;0.4465284;1.0
0;0.24688062;0.8464017;1.0
0;0.4690094;0.8766127;1.0
0;0.21554011;0.769929;1.0
0;0.29028094;0.667248;1.0
0;0.2065171;0.42282328;1.0
0;0.2001712;0.6492141;1.0
0;0.30541706;0.73189956;1.0
0;0.4460105;0.94988215;1.0
0;0.36525968;0.8402619;1.0
0;0.42985404;0.6063135;1.0
0;0.33681872;0.80499405;1.0
0;0.26258948;0.88746506;1.0
0;0.19924772;0.9049871;1.0
0;0.34491846;0.7203697;1.0
0;0.37072536;0.87241054;1.0
0;0.292148;0.63468623;1.0
0;0.22185178;0.76908135;1.0
0;0.27802652;0.8120126;1.0
0;0.14656611;0.6415889;1.0
0;0.30398175;0.75118524;1.0
0;0.12995175;0.74740916;1.0
0;0.38651288;0.5273694;1.0
0;0.35658064;0.6844268;1.0
0;0.46597734;0.7185462;1.0
0;0.27577823;0.61612654;1.0
0;0.36736462;0.5281682;1.0
0;0.16551152;0.84843576;1.0
0;0.36274067;0.80479413;1.0
0;0.4930635;0.7103594;1.0
0;0.40050727;0.68702173;1.0
0;0.18038695;0.77741855;1.0
0;0.31993648;0.6912188;1.0
0;0.25322595;0.6503312;1.0
0;0.3925032;0.5982883;1.0
0;0.137341;0.89360553;1.0
0;0.29859897;0.64901245;1.0
0;0.38058078;0.65492934;1.0
0;0.14997381;0.55538946;1.0
0;0.20438513;0.6544244;1.0
0;0.26324078;0.7722758;1.0
0;0.38526255;0.47112697;1.0
0;0.2512179;0.7804551;1.0
0;0.27204138;0.7273824;1.0
0;0.22821298;0.5716128;1.0
0;0.47219202;0.7976802;1.0
0;0.3458023;0.5261094;1.0
0;0.3946125;0.75078976;1.0
0;0.46638748;0.6032029;1.0
0;0.341218;0.6944404;1.0
0;0.3323395;0.79400986;1.0
0;0.38156116;0.6537295;1.0
0;0.14214541;0.8141159;1.0
0;0.43057767;0.8056315;1.0
0;0.24798638;0.94638705;1.0
0;0.32463124;0.8408544;1.0
0;0.4546322;0.68738294;1.0
0;0.3940883;0.78200245;1.0
0;0.3189727;0.7545105;1.0
0;0.20538016;0.77695364;1.0
0;0.25631058;0.58034974;1.0
0;0.33039698;0.8378517;1.0
0;0.25838137;0.7853654;1.0
0;0.22431378;0.7648703;1.0
0;0.20518787;0.65915805;1.0
0;0.30415288;0.6807292;1.0
0;0.24761371;0.76639575;1.0
0;0.28048563;0.75270945;1.0
0;0.24639992;0.65279335;1.0
0;0.20303525;0.7589994;1.0
0;0.51956326;0.7698771;1.0
0;0.160352;0.7500726;1.0
0;0.08242962;0.83986545;1.0
0;0.25484362;0.6387269;1.0
0;0.31568453;0.62688196;1.0
0;0.19296329;0.9362415;1.0
0;0.35423204;0.9338912;1.0
0;0.3537757;0.51534355;1.0
0;0.35825223;0.5865258;1.0
0;0.5388016;1.0;1.0
0;0.28424928;0.7484707;1.0
0;0.44722146;0.75924104;1.0
0;0.3636563;0.75214934;1.0
0;0.27608314;0.769994;1.0
0;0.2571172;0.81851315;1.0
0;0.35488036;0.73265064;1.0
0;0.23395362;0.86887884;1.0
0;0.43921387;0.7141595;1.0
0;0.24615525;0.838095;1.0
0;0.21866043;0.61413664;1.0
0;0.28665653;0.6429454;1.0
0;0.4162444;0.77757233;1.0
0;0.14964476;0.6949476;1.0
0;0.55615616;0.7956618;1.0
0;0.19924489;0.80596364;1.0
0;0.33841306;0.7415505;1.0
0;0.38087338;0.7702021;1.0
0;0.43115678;0.8045051;1.0
0;0.2270462;0.7044092;1.0
0;0.2067558;0.8604092;1.0
0;0.29857922;0.7411658;1.0
0;0.38804945;0.92233014;1.0
0;0.2633613;0.8091103;1.0
0;0.3601806;0.82313365;1.0
0;0.5570904;0.8510715;1.0
0;0.28532803;0.5737261;1.0
0;0.37519115;0.7418055;1.0
0;0.19892025;0.65051794;1.0
0;0.45656058;0.75863516;1.0
0;0.28015167;0.46968496;1.0
0;0.2874804;0.6316151;1.0
0;0.253695;0.8691546;1.0
0;0.28155294;0.6991574;1.0
0;0.31580156;0.685953;1.0
0;0.20895329;0.6107219;1.0
0;0.29896194;0.5630623;1.0
0;0.15215886;0.608628;1.0
0;0.15967265;0.61509514;1.0
0;0.26955277;0.76497453;1.0
0;3.5502565;0.3601658;2.0
0;3.6170857;0.6821639;2.0
0;3.7502773;0.12407683;2.0
0;3.9225328;0.63477355;2.0
0;3.7449188;0.60647666;2.0
0;3.6773903;0.2631244;2.0
0;3.725077;0.43881735;2.0
0;3.7944427;0.36739194;2.0
0;3.7719238;0.4404538;2.0
0;3.7851467;0.458257;2.0
0;3.6780024;0.35764286;2.0
0;3.7510653;0.5363506;2.0
0;3.6305616;0.5507171;2.0
0;3.894246;0.37895626;2.0
0;3.5612814;0.4042414;2.0
0;3.6805503;0.30027944;2.0
0;3.4768574;0.175759;2.0
0;3.5776176;0.42139274;2.0
0;3.6991549;0.5339784;2.0
0;3.6263337;0.625179;2.0
0;3.768576;0.4002835;2.0
0;3.564372;0.54080635;2.0
0;3.7079968;0.0;2.0
0;3.6484363;0.6001043;2.0
0;3.4798543;0.6642286;2.0
0;3.4685988;0.3839464;2.0
0;3.6291106;0.51296854;2.0
0;3.4329076;0.2998;2.0
0;3.77305;0.4530286;2.0
0;3.3571587;0.5935203;2.0
0;3.6452782;0.40537843;2.0
0;3.6489925;0.40824077;2.0
0;3.5837731;0.3705321;2.0
0;3.4601393;0.50581986;2.0
0;3.7722442;0.7218459;2.0
0;3.6671495;0.34216598;2.0
0;3.6965218;0.18834873;2.0
0;3.7141128;0.47070938;2.0
0;3.4129288;0.158439;2.0
0;3.3978934;0.44187543;2.0
0;3.345851;0.5165672;2.0
0;3.4251182;0.27837965;2.0
0;3.7258604;0.4777542;2.0
0;3.7028065;0.16064727;2.0
0;3.5227957;0.47184902;2.0
0;3.5219116;0.51604176;2.0
0;3.6487896;0.6961973;2.0
0;3.7506168;0.06778297;2.0
0;3.8332617;0.3194068;2.0
0;3.650402;0.645116;2.0
0;3.7050471;0.44324225;2.0
0;3.6566963;0.51446366;2.0
0;3.620352;0.68439585;2.0
0;3.600706;0.25008592;2.0
0;3.4081507;0.515184;2.0
0;3.6768842;0.51798856;2.0
0;3.6416903;0.46126688;2.0
0;3.761797;0.36085168;2.0
0;3.596302;0.53348947;2.0
0;3.646648;0.43954605;2.0
0;3.317932;0.20076752;2.0
0;3.687076;0.6732965;2.0
0;3.449004;0.49402988;2.0
0;3.7395725;0.32050458;2.0
0;3.7949216;0.32060647;2.0
0;3.626471;0.44183373;2.0
0;3.5399053;0.3897371;2.0
0;3.7005956;0.18274315;2.0
0;3.9741142;0.29700848;2.0
0;3.7384884;0.49346453;2.0
0;3.7554135;0.57582235;2.0
0;3.6663759;0.16275473;2.0
0;3.671369;0.3619946;2.0
0;3.443955;0.58804035;2.0
0;3.474869;0.46465918;2.0
0;3.689466;0.5750473;2.0
0;3.627417;0.43563986;2.0
0;3.6899304;0.2578531;2.0
0;3.6550417;0.23178935;2.0
0;3.8008893;0.4332143;2.0
0;3.5403671;0.050800636;2.0
0;3.8459759;0.70679754;2.0
0;3.8780856;0.17966288;2.0
0;3.5271175;0.62023276;2.0
0;3.7840497;0.29055527;2.0
0;3.5915332;0.4752716;2.0
0;3.7604976;0.366203;2.0
0;3.6776583;0.6548417;2.0
0;3.3682065;0.3673747;2.0
0;3.5539687;0.504201;2.0
0;3.5423055;0.37682644;2.0
0;3.7456534;0.34506667;2.0
0;3.601927;0.30627686;2.0
0;3.6675415;0.5481936;2.0
0;3.5251405;0.38314274;2.0
0;3.8511364;0.58304346;2.0
0;3.508178;0.6551418;2.0
0;3.684677;0.26344067;2.0
0;3.7372444;0.46137014;2.0
0;3.860051;0.4868063;2.0
0;3.8597758;0.62473214;2.0
0;3.641724;0.4240931;2.0
0;3.6950996;0.33500713;2.0
0;3.5594597;0.7143675;2.0
0;3.5910091;0.5030206;2.0
0;3.7531006;0.5193871;2.0
0;3.825596;0.13852096;2.0
0;3.430999;0.3627828;2.0
0;3.4932222;0.20836931;2.0
0;3.6702614;0.26758754;2.0
0;3.6358356;0.30588868;2.0
0;3.2607648;0.6752835;2.0
0;3.516967;0.30020332;2.0
0;3.6799083;0.4023201;2.0
0;3.8190336;0.48554546;2.0
0;3.7113485;0.60053426;2.0
0;3.5654912;0.548549;2.0
0;3.777722;0.47712702;2.0
0;3.6402755;0.5021407;2.0
0;3.6625965;0.45464578;2.0
0;3.5400043;0.30316016;2.0
0;3.6070182;0.649916;2.0
0;3.83465;0.59227693;2.0
0;3.4477055;0.28999063;2.0
0;3.4468877;0.3702898;2.0
0;3.5404227;0.56849927;2.0
0;3.71171;0.7784604;2.0
0;3.5956283;0.44811288;2.0
0;3.5998993;0.38299796;2.0
0;3.6455646;0.367527;2.0
0;3.7018142;0.2408958;2.0
0;3.6111727;0.46081087;2.0
0;3.424155;0.58825225;2.0
0;3.5215163;0.40267053;2.0
0;3.696553;0.69753605;2.0
0;3.4980328;0.4429006;2.0
0;3.489205;0.2948084;2.0
0;3.6621506;0.4985256;2.0
0;3.4105482;0.4838775;2.0
0;3.709785;0.4416542;2.0
0;3.642697;0.6097932;2.0
0;3.468028;0.63214415;2.0
0;3.5944786;0.35160938;2.0
0;3.944144;0.39991036;2.0
0;3.813661;0.7841812;2.0
0;3.5990527;0.2587591;2.0
0;3.610051;0.3877065;2.0
0;3.7544334;0.5866824;2.0
0;3.372065;0.14188282;2.0
0;3.5658383;0.5002753;2.0
0;3.5132973;0.58264375;2.0
0;3.4950883;0.7420534;2.0
0;3.688095;0.20461212;2.0
0;3.4811954;0.57675964;2.0
0;3.5078905;0.2320385;2.0
0;3.4214334;0.37812126;2.0
0;3.391686;0.36137027;2.0
0;3.6576214;0.5522107;2.0
0;3.4804778;0.15999815;2.0
0;3.8550422;0.32865757;2.0
0;3.6201975;0.5087166;2.0
0;3.5952144;0.39398995;2.0
0;3.5738516;0.59747106;2.0
0;3.7608202;0.7401453;2.0
0;3.466201;0.40713406;2.0
0;3.7087667;0.33058584;2.0
0;3.6643014;0.5743037;2.0
0;3.5605052;0.3088892;2.0
0;3.5614126;0.6415151;2.0
0;3.857086;0.788313;2.0
0;3.7687669;0.59092444;2.0
0;3.5827324;0.55585015;2.0
0;3.401871;0.51165545;2.0
0;3.5926564;0.25871134;2.0
0;3.613138;0.5669026;2.0
0;3.434304;0.5947065;2.0
0;3.804391;0.520306;2.0
0;3.695672;0.3040192;2.0
0;3.6839988;0.45751765;2.0
0;3.87131;0.56877875;2.0
0;3.425451;0.46427125;2.0
0;3.6462603;0.3993615;2.0
0;3.646314;0.48533604;2.0
0;3.5556216;0.7618645;2.0
0;3.6990128;0.90607905;2.0
0;3.8181503;0.2760805;2.0
0;3.682215;0.33449256;2.0
0;3.7811387;0.2931744;2.0
0;3.66647;0.54366505;2.0
0;3.691604;0.37231028;2.0
0;3.5706687;0.3452863;2.0
0;3.8874784;0.5942805;2.0
0;3.5142195;0.024093024;2.0
0;3.5064964;0.50294703;2.0
0;3.5814521;0.28786284;2.0
0;3.749705;0.30925423;2.0
0;3.5851016;0.6154986;2.0
0;3.7414572;0.4869203;2.0
0;3.749082;0.46690315;2.0
0;3.6151705;0.35327643;2.0
0;3.643142;0.29503417;2.0
0;3.5359013;0.342029;2.0
0;3.4118927;0.09102906;2.0
0;3.6727862;0.31203964;2.0
0;3.643702;0.5831678;2.0
0;3.4087312;0.13229391;2.0
0;3.6286979;0.6135231;2.0
0;3.8920572;0.45261285;2.0
0;3.6022449;0.43445227;2.0
0;3.4492474;0.4315372;2.0
0;3.7986212;0.1733156;2.0
0;3.7937748;0.5191803;2.0
0;3.9221232;0.6833697;2.0
0;3.6591313;0.40680224;2.0
0;3.8050895;0.6116595;2.0
0;3.6164968;0.22181045;2.0
0;3.9044092;0.19471958;2.0
0;3.5626762;0.26384944;2.0
0;3.6064475;0.48891836;2.0
0;3.5700414;0.26859558;2.0
0;3.6226785;0.5314128;2.0
0;3.6597624;0.57613516;2.0
0;3.5845747;0.41495752;2.0
0;3.5803058;0.7959436;2.0
0;3.6987603;0.47591123;2.0
0;3.6980176;0.57490414;2.0
0;3.6309385;0.28760383;2.0
0;3.752114;0.43471935;2.0
0;3.725157;0.43774885;2.0
0;3.5543773;0.3391815;2.0
0;3.5635862;0.3256716;2.0
0;3.4990456;0.46320567;2.0
0;3.8139443;0.4879316;2.0
0;3.3030517;0.41732767;2.0
0;3.5337849;0.32690865;2.0
0;3.6207259;0.44263253;2.0
0;3.571175;0.48772335;2.0
0;3.4588153;0.8272695;2.0
0;3.7332811;0.5160055;2.0
0;3.5414052;0.5995679;2.0
0;3.9386175;0.7433738;2.0
0;3.350429;0.55106485;2.0
0;3.4374185;0.43109053;2.0
0;3.6181784;0.42763102;2.0
0;3.6978989;0.5854705;2.0
0;3.6918619;0.36417493;2.0
0;3.6198018;0.13451013;2.0
0;3.5441034;0.5432508;2.0
0;3.5428135;0.60576266;2.0
0;3.8497224;0.43150643;2.0
0;3.589113;0.37139317;2.0
0;3.6491587;0.61801165;2.0
0;3.826796;0.42455262;2.0
0;3.5651457;0.31338418;2.0
0;3.436831;0.50293154;2.0
0;3.6027062;0.52024084;2.0
0;3.6962314;0.10296501;2.0
0;3.6994069;0.86427265;2.0
0;3.5971584;0.5270769;2.0
0;3.6938698;0.5173627;2.0
0;3.6507401;0.3042538;2.0
0;3.6142895;0.6299559;2.0
0;3.4658222;0.26210782;2.0
0;3.560969;0.124764286;2.0
0;3.5823581;0.47386605;2.0
0;3.6933827;0.44731545;2.0
0;3.7356772;0.5740017;2.0
0;3.5429032;0.75134814;2.0
0;3.3176959;0.49657843;2.0
0;3.6587136;0.52002764;2.0
0;3.812589;0.35130832;2.0
0;3.6028492;0.45189172;2.0
0;3.4565318;0.45865595;2.0
0;3.4484615;0.4329551;2.0
0;3.5756187;0.4658281;2.0
0;3.5560021;0.5834937;2.0
0;4.0;0.56757945;2.0
0;3.6492414;0.43953618;2.0
0;3.426384;0.44388464;2.0
0;3.6955347;0.40630198;2.0
0;3.625567;0.7252275;2.0
0;3.857437;0.6895986;2.0
0;3.8470051;0.55974686;2.0
0;3.5096507;0.14967632;2.0
0;3.4863825;0.45051596;2.0
0;3.7072418;0.6607277;2.0
0;3.5592449;0.32468942;2.0
0;3.592543;0.44012335;2.0
0;3.7853482;0.6202442;2.0
0;3.5711265;0.34909695;2.0
0;3.5265257;0.41297764;2.0
0;3.625014;0.16982001;2.0
0;3.5585203;0.41104272;2.0
0;3.8910887;0.590327;2.0
0;3.6066701;0.2795642;2.0
0;3.6268146;0.53277886;2.0
0;3.8371608;0.4347679;2.0
0;3.6794348;0.4361167;2.0
0;3.6930835;0.23676814;2.0
0;3.4487498;0.46522707;2.0
0;3.3930106;0.41857347;2.0
0;3.6967332;0.5062799;2.0
0;3.3044171;0.35583302;2.0
0;3.6889374;0.2964425;2.0
0;3.5158236;0.6549124;2.0
0;3.7437654;0.16860965;2.0
0;3.6378238;0.3304186;2.0
0;3.4548612;0.38455072;2.0
0;3.6980262;0.33484545;2.0
0;3.5914364;0.5399855;2.0
0;3.8989992;0.50773567;2.0
0;3.4528797;0.3336211;2.0
0;3.6528542;0.7364583;2.0
