DY
1002
2

0;0.16391706;0.9977138;1.0
0;0.17040178;0.9982661;1.0
0;0.1695632;0.99784493;1.0
0;0.16652997;0.9971695;1.0
0;0.1624875;0.9995474;1.0
0;0.16419674;0.998659;1.0
0;0.1620403;0.9983359;1.0
0;0.16415292;0.9974692;1.0
0;0.17079757;0.99784845;1.0
0;0.15663844;0.99876237;1.0
0;0.16067587;0.99935925;1.0
0;0.15913264;0.99800295;1.0
0;0.16519006;0.998472;1.0
0;0.16111843;0.9987462;1.0
0;0.16736904;0.9983224;1.0
0;0.15869243;0.9972904;1.0
0;0.16712944;0.99856377;1.0
0;0.16508521;0.99862945;1.0
0;0.16586244;0.9977204;1.0
0;0.16450378;0.9982;1.0
0;0.16612276;0.99856806;1.0
0;0.16691221;0.9976567;1.0
0;0.1670569;0.99884367;1.0
0;0.16415331;0.9984077;1.0
0;0.1739359;0.99798316;1.0
0;0.16694984;0.9982251;1.0
0;0.16584823;0.9988447;1.0
0;0.16607521;0.9975912;1.0
0;0.16548096;0.99873924;1.0
0;0.15954085;0.999454;1.0
0;0.16265236;0.9982547;1.0
0;0.15942664;0.9991101;1.0
0;0.1660179;0.9982366;1.0
0;0.16586082;0.99920326;1.0
0;0.16436732;0.9982686;1.0
0;0.16176265;0.998496;1.0
0;0.1619926;0.99951714;1.0
0;0.16141719;0.99879867;1.0
0;0.16672112;0.9981984;1.0
0;0.16555458;0.99711114;1.0
0;0.17127635;0.99817586;1.0
0;0.16191384;0.9987949;1.0
0;0.16263682;0.9990121;1.0
0;0.15748769;0.9973992;1.0
0;0.164158;0.9982074;1.0
0;0.16109036;0.9991286;1.0
0;0.17007795;0.9987782;1.0
0;0.1541944;0.9979324;1.0
0;0.1630154;0.99747497;1.0
0;0.16233687;0.9990388;1.0
0;0.16295326;0.9981913;1.0
0;0.17095983;0.9976728;1.0
0;0.17228426;0.99720204;1.0
0;0.15727542;0.99700654;1.0
0;0.16300741;0.9980728;1.0
0;0.16171236;0.99708927;1.0
0;0.15938804;0.9976372;1.0
0;0.16695149;0.99792504;1.0
0;0.17477867;0.9978903;1.0
0;0.17371538;0.9985189;1.0
0;0.16337262;0.9979649;1.0
0;0.16757414;0.99880797;1.0
0;0.16241185;0.99842423;1.0
0;0.16108337;0.9987746;1.0
0;0.15966496;0.9999069;1.0
0;0.16220936;0.9981931;1.0
0;0.15986668;0.99824864;1.0
0;0.16436958;0.99818707;1.0
0;0.1560803;0.99842864;1.0
0;0.15864895;0.99789834;1.0
0;0.16312192;0.998385;1.0
0;0.15339813;0.9983556;1.0
0;0.16959594;0.9974801;1.0
0;0.1625386;0.9971594;1.0
0;0.15974374;0.9977289;1.0
0;0.16284496;0.9993485;1.0
0;0.16864802;0.999069;1.0
0;0.17426875;0.9978509;1.0
0;0.16959448;0.9984972;1.0
0;0.16678174;0.99834293;1.0
0;0.16173184;0.999264;1.0
0;0.16445537;0.9975285;1.0
0;0.16451453;0.997855;1.0
0;0.16098924;0.99865466;1.0
0;0.16846253;0.998451;1.0
0;0.16468106;0.99890983;1.0
0;0.15893762;0.9977278;1.0
0;0.16811594;0.9981681;1.0
0;0.16049613;0.99762374;1.0
0;0.16536991;0.9988183;1.0
0;0.15934962;0.99709696;1.0
0;0.1669996;0.9979686;1.0
0;0.17189704;0.99797153;1.0
0;0.1667026;1.0;1.0
0;0.16657025;0.9980988;1.0
0;0.16664942;0.9986749;1.0
0;0.16442844;0.9988537;1.0
0;0.16726945;0.99910986;1.0
0;0.15900351;0.9984023;1.0
0;0.16488335;0.99881846;1.0
0;0.16462447;0.99951494;1.0
0;0.16056506;0.99869543;1.0
0;0.15995412;0.9987663;1.0
0;0.16871986;0.9977231;1.0
0;0.16553922;0.9970942;1.0
0;0.17226556;0.9970303;1.0
0;0.16620012;0.99832207;1.0
0;0.16149181;0.9980268;1.0
0;0.16133375;0.99925554;1.0
0;0.16168876;0.9986833;1.0
0;0.15719734;0.9984907;1.0
0;0.16635641;0.99860936;1.0
0;0.16792345;0.9985388;1.0
0;0.1632748;0.99883723;1.0
0;0.16400026;0.99873346;1.0
0;0.16921906;0.9977901;1.0
0;0.15963936;0.9983195;1.0
0;0.15992054;0.9981569;1.0
0;0.15784211;0.9982593;1.0
0;0.16006811;0.99837214;1.0
0;0.15639183;0.9982135;1.0
0;0.1677269;0.9981947;1.0
0;0.16465956;0.99822146;1.0
0;0.16628166;0.9983631;1.0
0;0.15841863;0.99870384;1.0
0;0.16444242;0.9977928;1.0
0;0.16588591;0.9994684;1.0
0;0.15798256;0.9978678;1.0
0;0.16355208;0.99894726;1.0
0;0.1551105;0.99826086;1.0
0;0.171188;0.9976001;1.0
0;0.16543308;0.9975551;1.0
0;0.16933648;0.9990773;1.0
0;0.1641828;0.99815845;1.0
0;0.16740367;0.99806446;1.0
0;0.1688139;0.9991322;1.0
0;0.1702933;0.99647474;1.0
0;0.16867742;0.9980013;1.0
0;0.16008072;0.9988384;1.0
0;0.16131923;0.9978188;1.0
0;0.16459373;0.9983705;1.0
0;0.16167493;0.99804544;1.0
0;0.16349839;0.9974283;1.0
0;0.1620671;0.9986264;1.0
0;0.1619457;0.9994492;1.0
0;0.1675545;0.99894774;1.0
0;0.1658345;0.9983491;1.0
0;0.15769783;0.9986782;1.0
0;0.16232955;0.9979462;1.0
0;0.16247015;0.99856865;1.0
0;0.16229495;0.9983177;1.0
0;0.17225404;0.99871314;1.0
0;0.17266765;0.9986693;1.0
0;0.16024084;0.99893075;1.0
0;0.16711433;0.9977359;1.0
0;0.16349486;0.99848557;1.0
0;0.16711973;0.9992797;1.0
0;0.16300769;0.9978893;1.0
0;0.16004136;0.99927825;1.0
0;0.16326752;0.99925816;1.0
0;0.1732662;0.9979846;1.0
0;0.16810133;0.9976827;1.0
0;0.16757883;0.99791163;1.0
0;0.15921663;0.9980191;1.0
0;0.16455488;0.9980982;1.0
0;0.1657544;0.9992958;1.0
0;0.16433418;0.9985274;1.0
0;0.16497457;0.9972622;1.0
0;0.15826912;0.99775815;1.0
0;0.15837789;0.99886227;1.0
0;0.16649087;0.9971121;1.0
0;0.1612866;0.9980961;1.0
0;0.15855204;0.99793816;1.0
0;0.16001862;0.9972591;1.0
0;0.16438287;0.9988291;1.0
0;0.16787611;0.9980227;1.0
0;0.1647128;0.9979084;1.0
0;0.16099413;0.9980473;1.0
0;0.16486435;0.9981074;1.0
0;0.1676452;0.9984062;1.0
0;0.16102843;0.9982382;1.0
0;0.16903292;0.9987934;1.0
0;0.16653964;0.9984064;1.0
0;0.16816081;0.9981;1.0
0;0.16120744;0.9979156;1.0
0;0.17159168;0.99765164;1.0
0;0.16150896;0.99855;1.0
0;0.17143084;0.99906975;1.0
0;0.1668308;0.99803567;1.0
0;0.16612895;0.9983611;1.0
0;0.15952314;0.9967578;1.0
0;0.16468361;0.998251;1.0
0;0.1720239;0.99916834;1.0
0;0.16773638;0.9982194;1.0
0;0.16779928;0.9996297;1.0
0;0.16990279;0.99891764;1.0
0;0.168615;0.9980836;1.0
0;0.16366512;0.99728316;1.0
0;0.16268072;0.99703324;1.0
0;0.16437466;0.9959945;1.0
0;0.16474585;0.9980908;1.0
0;0.16474727;0.99892277;1.0
0;0.16545562;0.9978624;1.0
0;0.16816705;0.9981357;1.0
0;0.1689741;0.9982721;1.0
0;0.16136244;0.99775887;1.0
0;0.16207801;0.9982648;1.0
0;0.16091913;0.99854726;1.0
0;0.16079342;0.99945956;1.0
0;0.16520523;0.9979435;1.0
0;0.16758952;0.9989012;1.0
0;0.1657483;0.99739885;1.0
0;0.16757181;0.99885064;1.0
0;0.16365196;0.9989123;1.0
0;0.15802269;0.9975016;1.0
0;0.15919985;0.9988454;1.0
0;0.17517853;0.9982193;1.0
0;0.16050138;0.9983184;1.0
0;0.16412443;0.9981453;1.0
0;0.16226421;0.99818707;1.0
0;0.17047101;0.9981641;1.0
0;0.16396318;0.9986325;1.0
0;0.16704127;0.99815094;1.0
0;0.16112454;0.99800986;1.0
0;0.17309146;0.9981871;1.0
0;0.16406256;0.9986879;1.0
0;0.16174579;0.99709195;1.0
0;0.16468506;0.9988336;1.0
0;0.17205101;0.99745923;1.0
0;0.16543607;0.9983197;1.0
0;0.1644458;0.99779254;1.0
0;0.1663632;0.9981023;1.0
0;0.16336155;0.9977834;1.0
0;0.16844817;0.9974048;1.0
0;0.16849624;0.9990548;1.0
0;0.16609241;0.9982997;1.0
0;0.16208364;0.9983415;1.0
0;0.17331761;0.99858576;1.0
0;0.16933823;0.9983444;1.0
0;0.1551064;0.9983539;1.0
0;0.16738567;0.99820316;1.0
0;0.15621889;0.99893075;1.0
0;0.16556461;0.99784386;1.0
0;0.16319492;0.9988575;1.0
0;0.15455493;0.9978075;1.0
0;0.16123465;0.99950445;1.0
0;0.16359606;0.99841166;1.0
0;0.16507336;0.99891657;1.0
0;0.17215651;0.99825;1.0
0;0.16035119;0.9979199;1.0
0;0.1724521;0.99828434;1.0
0;0.1661007;0.9979286;1.0
0;0.17299214;0.9991972;1.0
0;0.1566186;0.9987925;1.0
0;0.15909788;0.99857;1.0
0;0.16772425;0.9982456;1.0
0;0.16373904;0.9976448;1.0
0;0.16670881;0.9985549;1.0
0;0.1499437;0.99925786;1.0
0;0.17229585;0.9993466;1.0
0;0.16272295;0.9974617;1.0
0;0.1669932;0.99746805;1.0
0;0.16121598;0.99801844;1.0
0;0.17343086;0.9982862;1.0
0;0.15806879;0.9976779;1.0
0;0.16856082;0.99868786;1.0
0;0.16626614;0.9991433;1.0
0;0.15904815;0.9980258;1.0
0;0.16011019;0.99785876;1.0
0;0.16227187;0.9982285;1.0
0;0.16183335;0.99809146;1.0
0;0.16026695;0.99828523;1.0
0;0.16019574;0.9970529;1.0
0;0.16071981;0.9984635;1.0
0;0.1668017;0.9994376;1.0
0;0.165048;0.99906594;1.0
0;0.16153368;0.9981611;1.0
0;0.16021791;0.9975315;1.0
0;0.16068006;0.9992102;1.0
0;0.1651561;0.99683183;1.0
0;0.17102183;0.99805737;1.0
0;0.17108458;0.9989881;1.0
0;0.1609215;0.9971048;1.0
0;0.16417235;0.9987513;1.0
0;0.16310073;0.99822646;1.0
0;0.15436731;0.99828386;1.0
0;0.16301215;0.9973523;1.0
0;0.16574311;0.9971496;1.0
0;0.158987;0.99927264;1.0
0;0.1669088;0.9985763;1.0
0;0.15065725;0.99852383;1.0
0;0.15796487;0.9983463;1.0
0;0.1657407;0.9976928;1.0
0;0.1580462;0.9984296;1.0
0;0.16605625;0.99762726;1.0
0;0.1652835;0.99850154;1.0
0;0.16505598;0.9996582;1.0
0;0.16061535;0.99802005;1.0
0;0.15511332;0.9980222;1.0
0;0.16220981;0.99778044;1.0
0;0.16557722;0.9990828;1.0
0;0.16562067;0.9985347;1.0
0;0.16010575;0.99837935;1.0
0;0.16628714;0.99898183;1.0
0;0.1709769;0.99829334;1.0
0;0.17456158;0.99822414;1.0
0;0.16077292;0.9996637;1.0
0;0.15549403;0.99833107;1.0
0;0.16348185;0.99865055;1.0
0;0.16942473;0.99820757;1.0
0;0.15809806;0.99784625;1.0
0;0.1649682;0.9985966;1.0
0;0.16343048;0.9974742;1.0
0;0.16072999;0.99837154;1.0
0;0.17065841;0.9975646;1.0
0;0.16480082;0.99888486;1.0
0;0.16432075;0.9983132;1.0
0;0.16732518;0.997629;1.0
0;0.16494974;0.998708;1.0
0;0.16815715;0.9979152;1.0
0;0.16711225;0.9976669;1.0
0;0.15952066;0.9986176;1.0
0;0.16783574;0.9976614;1.0
0;0.16017246;0.99752635;1.0
0;0.16656245;0.9985292;1.0
0;0.167549;0.9992927;1.0
0;0.16682273;0.997368;1.0
0;0.15634231;0.99895465;1.0
0;0.17276199;0.9978318;1.0
0;0.16442195;0.99767554;1.0
0;0.15711564;0.9980131;1.0
0;0.1687794;0.9993176;1.0
0;0.16976415;0.99818426;1.0
0;0.1669452;0.9988348;1.0
0;0.79595137;0.5246024;2.0
0;0.8844135;0.5292797;2.0
0;0.91700935;0.52706647;2.0
0;0.756523;0.5087424;2.0
0;0.8319238;0.51646405;2.0
0;0.75510746;0.51172024;2.0
0;0.8970149;0.516068;2.0
0;0.7609184;0.51263505;2.0
0;0.8704379;0.5191387;2.0
0;0.8088975;0.52576184;2.0
0;0.8973737;0.5232687;2.0
0;0.8532462;0.5108623;2.0
0;0.95202565;0.5051659;2.0
0;0.8482583;0.5297448;2.0
0;0.74392444;0.50935864;2.0
0;0.8502401;0.52535146;2.0
0;0.8941794;0.52400345;2.0
0;0.937418;0.5132916;2.0
0;0.91998917;0.52266216;2.0
0;0.7930709;0.51966864;2.0
0;0.72926414;0.5099327;2.0
0;0.7202356;0.5133946;2.0
0;0.82754797;0.5181639;2.0
0;0.83960015;0.51433766;2.0
0;0.8044516;0.52350944;2.0
0;0.8508682;0.51636636;2.0
0;0.87851506;0.51412123;2.0
0;0.7376893;0.5153159;2.0
0;0.88548565;0.51653016;2.0
0;0.8117056;0.50310683;2.0
0;0.8408926;0.51496226;2.0
0;0.7261296;0.51632065;2.0
0;0.8218872;0.5068796;2.0
0;0.75277865;0.5236612;2.0
0;0.8725754;0.5091008;2.0
0;0.8122028;0.52295274;2.0
0;0.7912301;0.52060676;2.0
0;0.8252471;0.523506;2.0
0;0.8060509;0.5216544;2.0
0;0.83129966;0.52038205;2.0
0;0.90661556;0.524686;2.0
0;0.8151638;0.51397085;2.0
0;0.8460224;0.52967757;2.0
0;0.85342443;0.5229606;2.0
0;0.91606766;0.5130112;2.0
0;0.7718216;0.5123519;2.0
0;0.8195464;0.5248873;2.0
0;0.79998374;0.531211;2.0
0;0.93131167;0.5240726;2.0
0;0.8217767;0.51056784;2.0
0;0.9701719;0.52726775;2.0
0;0.8560188;0.5135973;2.0
0;0.9130106;0.51040184;2.0
0;0.8208153;0.520938;2.0
0;0.7687244;0.51851773;2.0
0;0.7855039;0.5166803;2.0
0;0.77722514;0.5194606;2.0
0;0.8176464;0.5122433;2.0
0;0.75707144;0.52201813;2.0
0;0.79974616;0.5212705;2.0
0;0.79040045;0.52813566;2.0
0;0.782775;0.51731676;2.0
0;0.8731034;0.53861696;2.0
0;0.8080408;0.52522343;2.0
0;0.8589289;0.5069912;2.0
0;0.784838;0.53050685;2.0
0;0.8452106;0.5252884;2.0
0;0.8457683;0.5184031;2.0
0;0.8455972;0.5288671;2.0
0;0.95515263;0.5145799;2.0
0;0.7912157;0.5241562;2.0
0;0.83009934;0.5191219;2.0
0;0.8702323;0.508695;2.0
0;0.8206187;0.51070815;2.0
0;0.8898512;0.5180375;2.0
0;0.8119275;0.50738746;2.0
0;0.8558515;0.5170335;2.0
0;0.8341267;0.5118621;2.0
0;0.81915474;0.5157711;2.0
0;0.7863521;0.51893157;2.0
0;0.9110204;0.5263449;2.0
0;0.8357107;0.51770747;2.0
0;0.9430608;0.52058345;2.0
0;0.7791667;0.50453377;2.0
0;0.96462965;0.5274529;2.0
0;0.7627916;0.52708745;2.0
0;0.7729405;0.5087893;2.0
0;0.96042067;0.51744914;2.0
0;0.69001794;0.5151809;2.0
0;0.7969457;0.5137494;2.0
0;0.8322299;0.52144426;2.0
0;0.86228883;0.510712;2.0
0;0.8621656;0.53568304;2.0
0;0.8661167;0.52170503;2.0
0;0.77054876;0.50453025;2.0
0;0.768434;0.52275497;2.0
0;0.89432657;0.5194273;2.0
0;0.70991373;0.5279686;2.0
0;0.7804203;0.52566856;2.0
0;0.9026054;0.5320877;2.0
0;0.7988807;0.5130389;2.0
0;0.8320464;0.5110628;2.0
0;0.7786575;0.5133669;2.0
0;0.7983568;0.51015604;2.0
0;0.7354656;0.5044636;2.0
0;0.76994354;0.5161118;2.0
0;0.9011766;0.5139376;2.0
0;0.81192535;0.5215403;2.0
0;0.7608904;0.5370749;2.0
0;0.83590156;0.5216448;2.0
0;0.8847823;0.51580334;2.0
0;0.82413;0.51286256;2.0
0;0.8056547;0.5249284;2.0
0;0.75513834;0.5145508;2.0
0;0.81148654;0.5081714;2.0
0;0.81484675;0.5025192;2.0
0;0.7192892;0.5353132;2.0
0;0.76202536;0.531937;2.0
0;0.81330186;0.51787376;2.0
0;0.7921903;0.5198108;2.0
0;0.7552335;0.52780753;2.0
0;0.87169;0.51325876;2.0
0;0.8092035;0.52908105;2.0
0;0.8297248;0.5145586;2.0
0;0.8656215;0.5200222;2.0
0;0.9077605;0.5223583;2.0
0;0.69920284;0.5032984;2.0
0;0.84997433;0.5082671;2.0
0;0.7740425;0.51186556;2.0
0;0.91068214;0.5075043;2.0
0;0.83807343;0.5341728;2.0
0;0.70722616;0.53285444;2.0
0;0.8307465;0.5192031;2.0
0;0.8650817;0.51219255;2.0
0;0.7941084;0.50617725;2.0
0;0.8466646;0.5226461;2.0
0;0.8354501;0.5205017;2.0
0;0.6879161;0.5162545;2.0
0;0.81323683;0.5173769;2.0
0;0.78425115;0.5126808;2.0
0;0.8446754;0.5106492;2.0
0;0.82990134;0.52312785;2.0
0;0.72564876;0.5014657;2.0
0;0.84565765;0.5029342;2.0
0;0.7288359;0.520428;2.0
0;0.79834664;0.50590825;2.0
0;0.6971621;0.51040775;2.0
0;0.82336205;0.52697283;2.0
0;0.81385636;0.5007696;2.0
0;0.8455066;0.50735724;2.0
0;0.9092508;0.5245581;2.0
0;0.883178;0.52304554;2.0
0;0.82274467;0.51330864;2.0
0;0.81457883;0.53561425;2.0
0;0.88346314;0.51577085;2.0
0;0.90293205;0.5155074;2.0
0;0.9089776;0.50794953;2.0
0;0.8637244;0.5309308;2.0
0;0.8652487;0.5061082;2.0
0;0.84487337;0.5298608;2.0
0;0.7794959;0.51354235;2.0
0;0.7123579;0.51430357;2.0
0;0.8478438;0.51984173;2.0
0;0.8885933;0.5171083;2.0
0;0.87228143;0.50945747;2.0
0;0.78956825;0.51156205;2.0
0;0.7902998;0.51615846;2.0
0;0.86113596;0.5366146;2.0
0;0.70664537;0.53689325;2.0
0;0.79555506;0.51935;2.0
0;0.8421687;0.506181;2.0
0;0.8133012;0.5217176;2.0
0;0.8361521;0.5234627;2.0
0;0.7917319;0.5052884;2.0
0;0.74976194;0.5164051;2.0
0;0.76080483;0.5174025;2.0
0;0.81931597;0.5221185;2.0
0;0.83686435;0.51400346;2.0
0;0.93171483;0.5131406;2.0
0;0.81894934;0.5152617;2.0
0;0.78362983;0.5217632;2.0
0;0.7159141;0.5337253;2.0
0;0.9063853;0.52012914;2.0
0;0.7651067;0.5060883;2.0
0;0.83427745;0.519862;2.0
0;0.82368577;0.5008423;2.0
0;0.7774564;0.51550657;2.0
0;0.7271767;0.509639;2.0
0;0.76600534;0.52466273;2.0
0;0.9007393;0.5132617;2.0
0;0.8386575;0.5194695;2.0
0;0.72442824;0.5052754;2.0
0;0.7942041;0.52643204;2.0
0;0.76291823;0.5238144;2.0
0;0.8832894;0.5016483;2.0
0;0.6672083;0.5192119;2.0
0;0.8148896;0.5206677;2.0
0;0.8366942;0.5081906;2.0
0;0.95698464;0.5189926;2.0
0;0.74822867;0.5171728;2.0
0;0.9032572;0.52779883;2.0
0;0.8077583;0.5276984;2.0
0;0.85362273;0.51114655;2.0
0;0.8475508;0.5310364;2.0
0;0.7971657;0.5324404;2.0
0;1.0;0.5147399;2.0
0;0.8215928;0.51925474;2.0
0;0.78832275;0.5258782;2.0
0;0.7552673;0.51655716;2.0
0;0.7909151;0.52540565;2.0
0;0.92988586;0.5213683;2.0
0;0.7320853;0.512552;2.0
0;0.8422891;0.5130232;2.0
0;0.80959654;0.5138973;2.0
0;0.78437555;0.5266687;2.0
0;0.6973281;0.521568;2.0
0;0.8202635;0.5053943;2.0
0;0.90780705;0.51920056;2.0
0;0.942532;0.52334243;2.0
0;0.8184229;0.5233906;2.0
0;0.9616903;0.5216364;2.0
0;0.76929355;0.51708883;2.0
0;0.8873638;0.5169881;2.0
0;0.8584437;0.5202636;2.0
0;0.9838901;0.5312557;2.0
0;0.70196146;0.51204354;2.0
0;0.7494855;0.5323997;2.0
0;0.89977485;0.5179141;2.0
0;0.8259826;0.51416725;2.0
0;0.7540367;0.5344589;2.0
0;0.806126;0.5112616;2.0
0;0.83937025;0.5154767;2.0
0;0.77500236;0.51783687;2.0
0;0.797096;0.5081281;2.0
0;0.8347293;0.52361846;2.0
0;0.8349911;0.5245335;2.0
0;0.8601845;0.51030904;2.0
0;0.85495085;0.5027115;2.0
0;0.7888431;0.5213431;2.0
0;0.8957662;0.52435666;2.0
0;0.9115434;0.50982225;2.0
0;0.87938875;0.5060194;2.0
0;0.8822225;0.5061772;2.0
0;0.70874894;0.51026386;2.0
0;0.783343;0.5232186;2.0
0;0.7463242;0.512301;2.0
0;0.73903847;0.5334609;2.0
0;0.82699287;0.5168988;2.0
0;0.8588775;0.5180689;2.0
0;0.85615575;0.5061214;2.0
0;0.79975516;0.5214115;2.0
0;0.9362729;0.5059754;2.0
0;0.97059;0.49750963;2.0
0;0.8492796;0.5057251;2.0
0;0.87302107;0.5166491;2.0
0;0.7233803;0.50228864;2.0
0;0.91054165;0.5065475;2.0
0;0.95192915;0.52260727;2.0
0;0.8347637;0.5236276;2.0
0;0.7630293;0.51264304;2.0
0;0.8002951;0.501768;2.0
0;0.7477211;0.5171104;2.0
0;0.85376316;0.5227251;2.0
0;0.8825954;0.5219095;2.0
0;0.8295394;0.5312836;2.0
0;0.7981607;0.50528413;2.0
0;0.8862706;0.5159217;2.0
0;0.76673114;0.507729;2.0
0;0.8266871;0.51929164;2.0
0;0.8079595;0.5064443;2.0
0;0.7423965;0.50089747;2.0
0;0.86874723;0.52600884;2.0
0;0.8273382;0.5268267;2.0
0;0.7017408;0.5123311;2.0
0;0.8841078;0.50820667;2.0
0;0.88983285;0.51696193;2.0
0;0.9178035;0.51121336;2.0
0;0.8139923;0.5283787;2.0
0;0.85862654;0.5198382;2.0
0;0.8187175;0.52801275;2.0
0;0.8206683;0.5099767;2.0
0;0.9412104;0.5213767;2.0
0;0.7592354;0.51521355;2.0
0;0.9550883;0.5264409;2.0
0;0.79874474;0.5088674;2.0
0;0.7922166;0.5194881;2.0
0;0.9195777;0.52354085;2.0
0;0.7881452;0.52784646;2.0
0;0.8366355;0.50728494;2.0
0;0.8060343;0.51980567;2.0
0;0.8079707;0.5000593;2.0
0;0.78845227;0.52808833;2.0
0;0.8251675;0.5141114;2.0
0;0.78942597;0.52578527;2.0
0;0.7867094;0.5150494;2.0
0;0.77648777;0.51375055;2.0
0;0.82435286;0.5120995;2.0
0;0.80202514;0.5102103;2.0
0;0.9540813;0.5063582;2.0
0;0.80317247;0.51930463;2.0
0;0.76137185;0.50503033;2.0
0;0.8637335;0.523714;2.0
0;0.7342432;0.519316;2.0
0;0.80234647;0.5072375;2.0
0;0.8327165;0.5181971;2.0
0;0.91299427;0.51407707;2.0
0;0.87952554;0.5146391;2.0
0;0.69190073;0.52516323;2.0
0;0.7439371;0.5100819;2.0
0;0.7490522;0.50708765;2.0
0;0.8981281;0.51743346;2.0
0;0.800402;0.5209988;2.0
0;0.8904252;0.5222945;2.0
0;0.8700831;0.523705;2.0
0;0.79626584;0.524306;2.0
0;0.85160625;0.5142861;2.0
0;0.84709805;0.50430214;2.0
0;0.84266824;0.50985724;2.0
0;0.86917233;0.51372975;2.0
0;0.82493794;0.5247177;2.0
0;0.9778927;0.520384;2.0
0;0.7796441;0.5281039;2.0
0;0.7525916;0.51923776;2.0
0;0.8192965;0.51642025;2.0
0;0.83896774;0.5218818;2.0
0;0.76000637;0.5132337;2.0
0;0.9943602;0.5122118;2.0
0;0.71856827;0.51242554;2.0
0;0.739846;0.5202308;2.0
0;0.66100955;0.5160874;2.0
0;0.9101926;0.51616627;2.0
0;0.8713551;0.51659435;2.0
0;0.693778;0.52630585;2.0
0;0.80901843;0.52654207;2.0
0;0.17803437;0.04181721;3.0
0;0.24087681;0.030514117;3.0
0;0.14203317;0.04536763;3.0
0;0.3279817;0.04337283;3.0
0;0.35563856;0.0402266;3.0
0;0.22123465;0.05262329;3.0
0;0.2231529;0.054877955;3.0
0;0.26172054;0.02315581;3.0
0;0.21926248;0.055238437;3.0
0;0.27879432;0.046876714;3.0
0;0.19221218;0.019193403;3.0
0;0.45501193;0.028884524;3.0
0;0.25496158;0.022053739;3.0
0;0.22380218;0.038825992;3.0
0;0.35638672;0.07207349;3.0
0;0.29208633;0.036352105;3.0
0;0.2799238;0.04610879;3.0
0;0.32570073;0.04388402;3.0
0;0.43317074;0.052520096;3.0
0;0.23621948;0.04012181;3.0
0;0.324073;0.040004674;3.0
0;0.3798797;0.01937653;3.0
0;0.26374123;0.051492613;3.0
0;0.31259486;0.052614022;3.0
0;0.16535571;0.0565372;3.0
0;0.35021544;0.032804385;3.0
0;0.13192809;0.02883093;3.0
0;0.26650628;0.05293245;3.0
0;0.25778544;0.049244028;3.0
0;0.13526945;0.027363038;3.0
0;0.26600632;0.043101914;3.0
0;0.24433587;0.009231494;3.0
0;0.49029812;0.03881832;3.0
0;0.35982022;0.051116847;3.0
0;0.13282791;0.024381518;3.0
0;0.17646068;0.037329737;3.0
0;0.33068568;0.044262797;3.0
0;0.35078043;0.03287124;3.0
0;0.22056141;0.037792187;3.0
0;0.095586225;0.015915802;3.0
0;0.24444292;0.023749756;3.0
0;0.28229097;0.043399777;3.0
0;0.3006462;0.038623895;3.0
0;0.32924783;0.07267075;3.0
0;0.21788262;0.05419868;3.0
0;0.12547831;0.018496875;3.0
0;0.28870547;0.057295427;3.0
0;0.2725318;0.016836403;3.0
0;0.16665033;0.047845937;3.0
0;0.1761314;0.03458807;3.0
0;0.2918378;0.030220488;3.0
0;0.41706726;0.040504694;3.0
0;0.25509197;0.042352404;3.0
0;0.30193514;0.019954393;3.0
0;0.11975139;0.04905728;3.0
0;0.32216236;0.055506647;3.0
0;0.29175603;0.022260256;3.0
0;0.20202392;0.03842229;3.0
0;0.3370482;0.02808928;3.0
0;0.25109085;0.048897482;3.0
0;0.3575563;0.010966248;3.0
0;0.22156595;0.020869715;3.0
0;0.14206879;0.05327605;3.0
0;0.36552468;0.050455004;3.0
0;0.124152765;0.079137556;3.0
0;0.2386451;0.048267376;3.0
0;0.21255144;0.051940024;3.0
0;0.21071714;0.036038585;3.0
0;0.3052575;0.039224103;3.0
0;0.18655539;0.044243213;3.0
0;0.39205483;0.032478467;3.0
0;0.40702936;0.022384323;3.0
0;0.22735952;0.07397639;3.0
0;0.38411722;0.06398679;3.0
0;0.18522042;0.04556303;3.0
0;0.3076597;0.035683446;3.0
0;0.2888138;0.01828508;3.0
0;0.24549171;0.04994295;3.0
0;0.2140505;0.065630384;3.0
0;0.23796698;0.0364518;3.0
0;0.2954624;0.025015738;3.0
0;0.2266798;0.032757055;3.0
0;0.22033674;0.05908678;3.0
0;0.30998415;0.029308297;3.0
0;0.18903993;0.037013948;3.0
0;0.0;0.035118353;3.0
0;0.3336691;0.042619392;3.0
0;0.18927953;0.060883537;3.0
0;0.43666652;0.060442206;3.0
0;0.2333775;0.06840901;3.0
0;0.29768398;0.04035263;3.0
0;0.3006774;0.031811837;3.0
0;0.1640241;0.043531887;3.0
0;0.5204967;0.04608319;3.0
0;0.23221241;0.04361624;3.0
0;0.25416765;0.029274778;3.0
0;0.018295929;0.03474148;3.0
0;0.21060942;0.017600952;3.0
0;0.32449833;0.029579027;3.0
0;0.46376988;0.057530362;3.0
0;0.13757806;0.03767481;3.0
0;0.45152506;0.042935364;3.0
0;0.21006927;0.040095963;3.0
0;0.28754488;0.052463003;3.0
0;0.30085728;0.040959902;3.0
0;0.31670806;0.0;3.0
0;0.21063067;0.038195394;3.0
0;0.39770982;0.036477525;3.0
0;0.3831562;0.033536397;3.0
0;0.19827102;0.04112473;3.0
0;0.23234734;0.052676577;3.0
0;0.33868492;0.04298988;3.0
0;0.26652783;0.044981178;3.0
0;0.3728357;0.054640867;3.0
0;0.38860682;0.03357256;3.0
0;0.28813875;0.04335834;3.0
0;0.19595337;0.04931223;3.0
0;0.42808068;0.06350151;3.0
0;0.40063456;0.044036392;3.0
0;0.39671606;0.05687877;3.0
0;0.21554288;0.027298026;3.0
0;0.2074828;0.052486576;3.0
0;0.3163844;0.05690517;3.0
0;0.26711965;0.01842511;3.0
0;0.31605384;0.043450426;3.0
0;0.43168697;0.052644104;3.0
0;0.20333837;0.034386463;3.0
0;0.38003433;0.03839264;3.0
0;0.18727988;0.04084467;3.0
0;0.30324864;0.043660622;3.0
0;0.28320053;0.029632129;3.0
0;0.3032745;0.04359862;3.0
0;0.25335395;0.05879561;3.0
0;0.1328893;0.0630956;3.0
0;0.19661698;0.05083924;3.0
0;0.34425217;0.062904306;3.0
0;0.26719186;0.03420696;3.0
0;0.17080767;0.046946883;3.0
0;0.34514895;0.028969118;3.0
0;0.43850514;0.047687795;3.0
0;0.19001648;0.0252853;3.0
0;0.30322382;0.037896305;3.0
0;0.2514148;0.020958424;3.0
0;0.15876952;0.04923298;3.0
0;0.32805187;0.06375775;3.0
0;0.33277252;0.043000866;3.0
0;0.3040384;0.048977226;3.0
0;0.21266942;0.03297192;3.0
0;0.2514235;0.044294413;3.0
0;0.3362455;0.031101739;3.0
0;0.26731408;0.029822314;3.0
0;0.35662198;0.03684046;3.0
0;0.44885644;0.02784857;3.0
0;0.14311278;0.009256296;3.0
0;0.33159608;0.04310652;3.0
0;0.23943122;0.030180464;3.0
0;0.4396294;0.03450599;3.0
0;0.29084125;0.030765876;3.0
0;0.434114;0.04555628;3.0
0;0.40611404;0.056652;3.0
0;0.2945187;0.05976262;3.0
0;0.16858107;0.03537754;3.0
0;0.20421396;0.061054815;3.0
0;0.43497217;0.06115046;3.0
0;0.25239232;0.03153589;3.0
0;0.21047148;0.03617272;3.0
0;0.37121537;0.038471464;3.0
0;0.25736317;0.029121242;3.0
0;0.28284743;0.06007749;3.0
0;0.33994895;0.06976198;3.0
0;0.25900617;0.047139093;3.0
0;0.26195866;0.04872719;3.0
0;0.27570802;0.04341003;3.0
0;0.23740512;0.04017669;3.0
0;0.1780082;0.03677066;3.0
0;0.43441242;0.06872019;3.0
0;0.32419705;0.034284435;3.0
0;0.19379576;0.023016578;3.0
0;0.36561584;0.05152963;3.0
0;0.26279575;0.039524607;3.0
0;0.37825024;0.03788059;3.0
0;0.18209136;0.036590602;3.0
0;0.29394588;0.022067368;3.0
0;0.3886527;0.048977043;3.0
0;0.2921166;0.04423161;3.0
0;0.2666284;0.024185993;3.0
0;0.408688;0.04732093;3.0
0;0.2741866;0.05458623;3.0
0;0.4233572;0.032040637;3.0
0;0.23891418;0.03501123;3.0
0;0.22787762;0.027347261;3.0
0;0.28519574;0.050061863;3.0
0;0.24765329;0.04634471;3.0
0;0.22221984;0.028703056;3.0
0;0.28407905;0.04669512;3.0
0;0.2953137;0.039399557;3.0
0;0.2557528;0.028183023;3.0
0;0.43393052;0.03395649;3.0
0;0.11934469;0.038951963;3.0
0;0.23880644;0.04746753;3.0
0;0.33971906;0.07675373;3.0
0;0.43749887;0.03352639;3.0
0;0.25078627;0.041699156;3.0
0;0.11874952;0.059599753;3.0
0;0.2245092;0.03455473;3.0
0;0.2845658;0.04860379;3.0
0;0.31170413;0.0335523;3.0
0;0.103265546;0.035616715;3.0
0;0.29666683;0.044312768;3.0
0;0.20490034;0.065749414;3.0
0;0.24366392;0.01937788;3.0
0;0.28272435;0.030537812;3.0
0;0.31537333;0.052388538;3.0
0;0.41805837;0.03747382;3.0
0;0.25038522;0.04056062;3.0
0;0.3772956;0.006012519;3.0
0;0.1185698;0.051523678;3.0
0;0.25351125;0.023909431;3.0
0;0.11045336;0.043931782;3.0
0;0.23522326;0.040425748;3.0
0;0.2407677;0.058502596;3.0
0;0.2615961;0.06317626;3.0
0;0.33803147;0.029716171;3.0
0;0.34184778;0.04953968;3.0
0;0.2755843;0.050872147;3.0
0;0.33508137;0.031148704;3.0
0;0.33904853;0.047235783;3.0
0;0.37997591;0.03953535;3.0
0;0.37708223;0.031229738;3.0
0;0.23659241;0.026606102;3.0
0;0.39414334;0.041007355;3.0
0;0.39838755;0.040057287;3.0
0;0.2937895;0.060761005;3.0
0;0.31082046;0.027414544;3.0
0;0.25146112;0.035522297;3.0
0;0.27132335;0.03609089;3.0
0;0.25011465;0.040323164;3.0
0;0.4138094;0.020622497;3.0
0;0.33393466;0.01871616;3.0
0;0.2515549;0.034661;3.0
0;0.2799159;0.04532717;3.0
0;0.36749768;0.047485456;3.0
0;0.20014814;0.04251104;3.0
0;0.34061947;0.053166468;3.0
0;0.25768894;0.030141542;3.0
0;0.29563817;0.035424687;3.0
0;0.30776498;0.05591004;3.0
0;0.40156275;0.03452637;3.0
0;0.23843274;0.05243114;3.0
0;0.34678945;0.035029892;3.0
0;0.34591064;0.047284648;3.0
0;0.074758425;0.02807111;3.0
0;0.4197111;0.028506547;3.0
0;0.35162383;0.038593877;3.0
0;0.2662458;0.056976013;3.0
0;0.30923826;0.023882788;3.0
0;0.14073439;0.026868176;3.0
0;0.19110331;0.053030368;3.0
0;0.24698146;0.056090713;3.0
0;0.16005999;0.031462222;3.0
0;0.43750113;0.036258485;3.0
0;0.22632337;0.04223945;3.0
0;0.17450306;0.052117564;3.0
0;0.21291652;0.048600845;3.0
0;0.41497865;0.03536815;3.0
0;0.33743644;0.041816965;3.0
0;0.32196692;0.04827106;3.0
0;0.29410344;0.062883675;3.0
0;0.4459438;0.041550532;3.0
0;0.28205475;0.034086082;3.0
0;0.3184018;0.031914357;3.0
0;0.12519759;0.034598872;3.0
0;0.1743858;0.04375719;3.0
0;0.13830312;0.0640647;3.0
0;0.36825687;0.026870508;3.0
0;0.2996747;0.038740966;3.0
0;0.35935318;0.042233493;3.0
0;0.30996332;0.025173387;3.0
0;0.24034107;0.029118726;3.0
0;0.15812925;0.053389437;3.0
0;0.39670113;0.036794417;3.0
0;0.21829873;0.049512915;3.0
0;0.36660013;0.031861685;3.0
0;0.35015878;0.033778336;3.0
0;0.13873878;0.033488885;3.0
0;0.124540254;0.048089407;3.0
0;0.2624778;0.04104603;3.0
0;0.4338011;0.050735187;3.0
0;0.32286698;0.04570828;3.0
0;0.38694325;0.03281126;3.0
0;0.38043073;0.041717082;3.0
0;0.30855924;0.029649502;3.0
0;0.29228252;0.029272754;3.0
0;0.34782863;0.041657045;3.0
0;0.23794305;0.05026451;3.0
0;0.1196406;0.02981237;3.0
0;0.16374551;0.026229046;3.0
0;0.18682808;0.047105942;3.0
0;0.16815576;0.047138665;3.0
0;0.38513783;0.055837233;3.0
0;0.32203135;0.06546101;3.0
0;0.2805716;0.052380495;3.0
0;0.20617323;0.05169115;3.0
0;0.25496495;0.02936232;3.0
0;0.05416284;0.027141176;3.0
0;0.26284066;0.051184006;3.0
0;0.34678864;0.037970893;3.0
0;0.42061234;0.033381328;3.0
0;0.16744508;0.048035383;3.0
0;0.31642875;0.031097075;3.0
0;0.625414;0.032922376;3.0
0;0.049792428;0.04020861;3.0
0;0.36211246;0.037613787;3.0
0;0.29063517;0.02555388;3.0
0;0.33404693;0.07274945;3.0
0;0.20577528;0.03333676;3.0
0;0.27793705;0.051421095;3.0
0;0.4488295;0.037302297;3.0
0;0.27632606;0.039089598;3.0
0;0.35599977;0.019805154;3.0
0;0.22399466;0.04468755;3.0
0;0.21225148;0.03937942;3.0
0;0.3027152;0.051451482;3.0
0;0.13760434;0.044960983;3.0
0;0.12848528;0.038442366;3.0
0;0.24944834;0.041741025;3.0
0;0.29705063;0.05406583;3.0
0;0.17563376;0.059716333;3.0
0;0.28296986;0.036992647;3.0
0;0.24817745;0.047231425;3.0
0;0.23117997;0.054684516;3.0
0;0.24142034;0.03179833;3.0
0;0.3356503;0.04140774;3.0
0;0.3870615;0.03500036;3.0
