DY
1004
2

0;1.9980414;0.6326556;1.0
0;1.998307;0.6326219;1.0
0;1.998406;0.63376;1.0
0;1.9984738;0.6324233;1.0
0;1.9985354;0.6323304;1.0
0;1.9970778;0.632859;1.0
0;1.9987948;0.63264257;1.0
0;1.9985873;0.6325584;1.0
0;1.9984212;0.6337467;1.0
0;1.9990499;0.6330805;1.0
0;1.9977388;0.6336045;1.0
0;1.9986318;0.6329998;1.0
0;1.9972364;0.6332384;1.0
0;1.998262;0.63267416;1.0
0;1.9965135;0.6328071;1.0
0;1.9986275;0.63323957;1.0
0;1.9975047;0.6325888;1.0
0;1.9972904;0.63330215;1.0
0;1.9986346;0.6329426;1.0
0;1.9968013;0.6324825;1.0
0;1.9977772;0.6334026;1.0
0;1.9979552;0.63410455;1.0
0;1.9983629;0.63237786;1.0
0;1.9979069;0.6343543;1.0
0;1.9973041;0.63350254;1.0
0;1.9976436;0.6327289;1.0
0;1.9975543;0.63296217;1.0
0;1.9972181;0.6329725;1.0
0;1.998162;0.6331567;1.0
0;1.9971812;0.63283414;1.0
0;1.9973118;0.6329665;1.0
0;1.9972569;0.63306606;1.0
0;1.9980233;0.6329033;1.0
0;1.9981076;0.6324588;1.0
0;1.9979216;0.63353693;1.0
0;1.9973149;0.63305473;1.0
0;1.998506;0.6339006;1.0
0;1.9983975;0.63279283;1.0
0;1.9976565;0.6329839;1.0
0;1.9985381;0.6328396;1.0
0;1.998761;0.6329599;1.0
0;1.9992547;0.63370365;1.0
0;1.9989918;0.63312876;1.0
0;1.9978453;0.6328183;1.0
0;1.9982606;0.632915;1.0
0;1.9973063;0.6326555;1.0
0;1.9973967;0.63270974;1.0
0;1.9990164;0.6331904;1.0
0;1.9981707;0.63332045;1.0
0;1.9983139;0.6325797;1.0
0;1.9993382;0.63305485;1.0
0;1.9977074;0.6331439;1.0
0;1.9984883;0.63406783;1.0
0;1.9984701;0.6320663;1.0
0;1.9979537;0.6332514;1.0
0;1.9978409;0.6328117;1.0
0;1.9974111;0.6327122;1.0
0;1.9986323;0.6333137;1.0
0;1.9979547;0.6329448;1.0
0;1.9986892;0.63375425;1.0
0;1.9971715;0.6325864;1.0
0;1.9973036;0.63304764;1.0
0;1.9976535;0.6326929;1.0
0;1.9977204;0.6323056;1.0
0;1.9973179;0.6330178;1.0
0;1.9972126;0.63392556;1.0
0;1.9982255;0.6331606;1.0
0;1.9994872;0.63418615;1.0
0;1.9970334;0.6323801;1.0
0;1.9972351;0.6326064;1.0
0;1.9983203;0.63323724;1.0
0;1.9975011;0.6318669;1.0
0;1.9990598;0.63277566;1.0
0;1.9982636;0.6331256;1.0
0;1.998472;0.63328385;1.0
0;1.9970436;0.6334392;1.0
0;1.9978433;0.6333252;1.0
0;1.9987516;0.6341662;1.0
0;1.9981468;0.6326115;1.0
0;1.9976228;0.6331791;1.0
0;1.9967772;0.6329388;1.0
0;1.9974103;0.6329709;1.0
0;1.9973439;0.6332096;1.0
0;1.9977638;0.63349295;1.0
0;1.998299;0.6332313;1.0
0;1.9980623;0.63262236;1.0
0;1.9984996;0.63299114;1.0
0;1.9968675;0.6330909;1.0
0;1.9974627;0.6332257;1.0
0;1.9975169;0.6329241;1.0
0;1.997895;0.6327942;1.0
0;1.9976447;0.632676;1.0
0;1.9994243;0.63257873;1.0
0;1.9983327;0.6331119;1.0
0;1.9986258;0.63307345;1.0
0;1.9972055;0.6328216;1.0
0;1.9981868;0.632843;1.0
0;1.9979082;0.6316835;1.0
0;1.9975673;0.6331893;1.0
0;1.9974418;0.63309115;1.0
0;1.996965;0.6334498;1.0
0;1.9984742;0.6330027;1.0
0;2.0;0.63258964;1.0
0;1.9979409;0.6337549;1.0
0;1.9972439;0.63254976;1.0
0;1.9987594;0.63262117;1.0
0;1.9993086;0.63361764;1.0
0;1.9975595;0.63306504;1.0
0;1.9976676;0.6326109;1.0
0;1.9983269;0.6322793;1.0
0;1.9976023;0.6326416;1.0
0;1.998248;0.63296884;1.0
0;1.9981388;0.6330401;1.0
0;1.997874;0.63275445;1.0
0;1.9970347;0.63351065;1.0
0;1.9975017;0.6334661;1.0
0;1.9971256;0.6329723;1.0
0;1.9968672;0.633529;1.0
0;1.9972931;0.6334827;1.0
0;1.9983432;0.63310283;1.0
0;1.9992455;0.6339141;1.0
0;1.9973243;0.63255334;1.0
0;1.9989325;0.63307613;1.0
0;1.9984235;0.63293433;1.0
0;1.9987415;0.6322179;1.0
0;1.9971703;0.63310707;1.0
0;1.997386;0.6328051;1.0
0;1.9977533;0.6328555;1.0
0;1.9969487;0.6330263;1.0
0;1.9982067;0.6326289;1.0
0;1.996632;0.6328287;1.0
0;1.9991364;0.6326994;1.0
0;1.9986405;0.6333206;1.0
0;1.9977585;0.6320368;1.0
0;1.9981059;0.63363785;1.0
0;1.997513;0.63312036;1.0
0;1.9986956;0.6329752;1.0
0;1.9983128;0.6338502;1.0
0;1.9979328;0.6327789;1.0
0;1.9991239;0.63307536;1.0
0;1.9986503;0.633715;1.0
0;1.9980694;0.63330954;1.0
0;1.9968908;0.63342994;1.0
0;1.9972453;0.63379145;1.0
0;1.9973614;0.6332558;1.0
0;1.9991795;0.63381237;1.0
0;1.9978554;0.6332816;1.0
0;1.9978772;0.63410544;1.0
0;1.9973489;0.63286114;1.0
0;1.9983466;0.63319176;1.0
0;1.9990617;0.6328997;1.0
0;1.9991872;0.6330821;1.0
0;1.999483;0.63308537;1.0
0;1.996965;0.6327435;1.0
0;1.9974644;0.6328578;1.0
0;1.998977;0.63334566;1.0
0;1.9988307;0.6330563;1.0
0;1.9976805;0.6333939;1.0
0;1.9981357;0.63221014;1.0
0;1.9981161;0.6333234;1.0
0;1.9981031;0.6333386;1.0
0;1.9982661;0.6327495;1.0
0;1.9981371;0.63308203;1.0
0;1.9978057;0.6324372;1.0
0;1.9972829;0.63282436;1.0
0;1.9969488;0.63347995;1.0
0;1.9981091;0.6342961;1.0
0;1.999368;0.6331588;1.0
0;1.9985472;0.63276017;1.0
0;1.9989314;0.6332969;1.0
0;1.9977604;0.63327444;1.0
0;1.9970793;0.63305014;1.0
0;1.9974221;0.63367754;1.0
0;1.9976357;0.63383937;1.0
0;1.9977372;0.6328491;1.0
0;1.9986233;0.633287;1.0
0;1.9977843;0.6332784;1.0
0;1.9988612;0.6339195;1.0
0;1.997811;0.6325173;1.0
0;1.9984008;0.632766;1.0
0;1.9991449;0.63308597;1.0
0;1.9973934;0.63319325;1.0
0;1.99807;0.6337729;1.0
0;1.9981824;0.6336981;1.0
0;1.9969189;0.6326881;1.0
0;1.9967724;0.63244;1.0
0;1.998186;0.63333374;1.0
0;1.9984543;0.6331185;1.0
0;1.9976529;0.6330517;1.0
0;1.9981065;0.63323253;1.0
0;1.9981942;0.6330695;1.0
0;1.9974713;0.6341785;1.0
0;1.997787;0.6335893;1.0
0;1.9984452;0.6325447;1.0
0;1.9977773;0.6324576;1.0
0;1.9967988;0.63267606;1.0
0;1.9971801;0.63315034;1.0
0;1.9978447;0.6333969;1.0
0;1.999211;0.63329154;1.0
0;1.9989294;0.6332984;1.0
0;1.9985799;0.63297164;1.0
0;1.9977593;0.6322168;1.0
0;1.9978024;0.633439;1.0
0;1.9970338;0.6329381;1.0
0;1.9982086;0.6330111;1.0
0;1.9975313;0.63322955;1.0
0;1.9983436;0.6326752;1.0
0;1.9977535;0.6332536;1.0
0;1.9975506;0.6329704;1.0
0;1.998168;0.63307923;1.0
0;1.9982797;0.6330926;1.0
0;1.9975415;0.633105;1.0
0;1.9986864;0.63376254;1.0
0;1.9980804;0.6333906;1.0
0;1.9977036;0.6331434;1.0
0;1.9978898;0.6329982;1.0
0;1.9978199;0.6331909;1.0
0;1.9969181;0.63344014;1.0
0;1.9976034;0.63280874;1.0
0;1.9972011;0.6327776;1.0
0;1.9971547;0.6333303;1.0
0;1.9986914;0.6333249;1.0
0;1.9978591;0.6332207;1.0
0;1.9981694;0.6337851;1.0
0;1.9974124;0.6324645;1.0
0;1.9983292;0.63369024;1.0
0;1.9982808;0.6333702;1.0
0;1.9991486;0.63253516;1.0
0;1.997859;0.6324574;1.0
0;1.9980627;0.6329509;1.0
0;1.998421;0.6325635;1.0
0;1.9984306;0.6325635;1.0
0;1.9974482;0.63304555;1.0
0;1.9974772;0.6332006;1.0
0;1.9979386;0.6327288;1.0
0;1.9969097;0.6331753;1.0
0;1.9979973;0.6329641;1.0
0;1.997751;0.6333193;1.0
0;1.9979594;0.63268584;1.0
0;1.9993719;0.63302517;1.0
0;1.9974185;0.6329463;1.0
0;1.9985259;0.6335556;1.0
0;1.9985809;0.63283765;1.0
0;1.9981252;0.633565;1.0
0;1.9986845;0.6337078;1.0
0;1.99746;0.63334155;1.0
0;1.996956;0.63216054;1.0
0;1.9972876;0.63336515;1.0
0;1.9978571;0.63216215;1.0
0;1.9985409;0.63292485;1.0
0;1.9974465;0.6329595;1.0
0;1.1039554;0.95985913;2.0
0;1.1137087;0.97841144;2.0
0;1.1618917;0.9478499;2.0
0;1.1099638;0.9637553;2.0
0;1.1120043;0.9727063;2.0
0;1.1241808;0.95779866;2.0
0;1.1542319;0.94806916;2.0
0;1.1158922;0.9574194;2.0
0;1.1275111;0.95172495;2.0
0;1.1194886;0.9621391;2.0
0;1.1256087;0.96060747;2.0
0;1.1028224;0.94233674;2.0
0;1.1306138;0.9532389;2.0
0;1.0996841;0.96079475;2.0
0;1.1202358;0.9509363;2.0
0;1.1061672;0.9458832;2.0
0;1.1268444;0.9477086;2.0
0;1.1241763;0.95057505;2.0
0;1.1244076;0.94974834;2.0
0;1.1137058;0.9607113;2.0
0;1.1220254;0.9398542;2.0
0;1.1171939;0.9688675;2.0
0;1.1008035;0.9369552;2.0
0;1.1260483;0.9416493;2.0
0;1.1431795;0.9665919;2.0
0;1.1241329;0.95459634;2.0
0;1.1053666;0.96718234;2.0
0;1.1390318;0.976596;2.0
0;1.1096754;0.9533069;2.0
0;1.1572107;0.95789665;2.0
0;1.1361;0.9370345;2.0
0;1.1057084;0.9397444;2.0
0;1.1288139;0.9613894;2.0
0;1.115701;0.927804;2.0
0;1.114596;0.97065717;2.0
0;1.1057805;0.9598472;2.0
0;1.1623995;0.94676024;2.0
0;1.1382989;0.96110886;2.0
0;1.1315055;0.97276133;2.0
0;1.0866705;0.96980226;2.0
0;1.1565033;0.9667674;2.0
0;1.0965047;0.9753729;2.0
0;1.1053531;0.9597849;2.0
0;1.0801249;0.9567406;2.0
0;1.1085885;0.979712;2.0
0;1.1072524;0.9475845;2.0
0;1.111095;0.94225603;2.0
0;1.1423607;0.9651679;2.0
0;1.1028104;0.9653139;2.0
0;1.1131774;0.95947814;2.0
0;1.0989497;0.95007324;2.0
0;1.1500796;0.9570411;2.0
0;1.1029028;0.9713072;2.0
0;1.1229208;0.9654239;2.0
0;1.1117879;0.9692921;2.0
0;1.1318176;0.95529217;2.0
0;1.1085835;0.96502787;2.0
0;1.1166449;0.9568882;2.0
0;1.1332963;0.9698108;2.0
0;1.1428208;0.96243715;2.0
0;1.1106925;0.94449633;2.0
0;1.1157192;0.95342463;2.0
0;1.1539719;0.9441757;2.0
0;1.0954022;1.0;2.0
0;1.1297565;0.9523915;2.0
0;1.1414306;0.94783556;2.0
0;1.1157837;0.95508486;2.0
0;1.1292908;0.96881306;2.0
0;1.0998986;0.9474244;2.0
0;1.0858423;0.94185245;2.0
0;1.1216023;0.949015;2.0
0;1.098808;0.9443652;2.0
0;1.1397659;0.94182515;2.0
0;1.146938;0.9629077;2.0
0;1.1539191;0.9538194;2.0
0;1.1344942;0.9532164;2.0
0;1.1170081;0.9554487;2.0
0;1.1104184;0.9400817;2.0
0;1.138703;0.9436571;2.0
0;1.0705895;0.97075754;2.0
0;1.117639;0.9446108;2.0
0;1.1279209;0.95088786;2.0
0;1.1421463;0.95609504;2.0
0;1.1533843;0.96552795;2.0
0;1.1331947;0.95504004;2.0
0;1.1193318;0.9777733;2.0
0;1.1363229;0.96741414;2.0
0;1.1104919;0.9600602;2.0
0;1.105249;0.93370765;2.0
0;1.1311551;0.9548887;2.0
0;1.1357948;0.96396124;2.0
0;1.155943;0.95750386;2.0
0;1.1521283;0.95341116;2.0
0;1.134027;0.9592774;2.0
0;1.1104895;0.9422966;2.0
0;1.124528;0.9486533;2.0
0;1.1349332;0.963886;2.0
0;1.1214836;0.9497184;2.0
0;1.0746924;0.970472;2.0
0;1.1309265;0.9745557;2.0
0;1.1398625;0.9559231;2.0
0;1.1240406;0.95000815;2.0
0;1.1263622;0.9470795;2.0
0;1.1069682;0.95546985;2.0
0;1.1551329;0.9583578;2.0
0;1.1101787;0.9622409;2.0
0;1.127228;0.9870013;2.0
0;1.1195124;0.9445394;2.0
0;1.1218735;0.9724282;2.0
0;1.1269133;0.97089857;2.0
0;1.1197417;0.95377314;2.0
0;1.1327893;0.95598704;2.0
0;1.1020004;0.9531027;2.0
0;1.0932517;0.95704347;2.0
0;1.1204982;0.9549038;2.0
0;1.1186937;0.9552959;2.0
0;1.1458527;0.9616584;2.0
0;1.113463;0.9565086;2.0
0;1.1226991;0.9732979;2.0
0;1.1490307;0.9678836;2.0
0;1.1050689;0.97345704;2.0
0;1.1304228;0.96664286;2.0
0;1.1300538;0.94685334;2.0
0;1.130038;0.96157;2.0
0;1.1061616;0.95850104;2.0
0;1.1519482;0.95946646;2.0
0;1.1166853;0.95436615;2.0
0;1.1188573;0.95042205;2.0
0;1.1171278;0.95741695;2.0
0;1.122131;0.94094074;2.0
0;1.1434076;0.95040435;2.0
0;1.1196854;0.95950216;2.0
0;1.1256669;0.9509924;2.0
0;1.1135111;0.95427054;2.0
0;1.1470056;0.96850544;2.0
0;1.1500189;0.9617976;2.0
0;1.1282111;0.9311387;2.0
0;1.1245557;0.9510789;2.0
0;1.1221956;0.9515605;2.0
0;1.0956354;0.95185286;2.0
0;1.1126499;0.97248554;2.0
0;1.1165901;0.9473348;2.0
0;1.1382227;0.9678509;2.0
0;1.1049261;0.9642869;2.0
0;1.14517;0.95014894;2.0
0;1.1229855;0.94351804;2.0
0;1.1193343;0.9724792;2.0
0;1.1523737;0.954417;2.0
0;1.0994518;0.9538332;2.0
0;1.0916936;0.95020497;2.0
0;1.1390373;0.96646357;2.0
0;1.0989739;0.96217096;2.0
0;1.1250033;0.9623532;2.0
0;1.1122646;0.9539728;2.0
0;1.1359602;0.948271;2.0
0;1.1413064;0.9344819;2.0
0;1.1160321;0.9382529;2.0
0;1.1398776;0.96073526;2.0
0;1.1252784;0.94365615;2.0
0;1.1100638;0.96865;2.0
0;1.0869116;0.96301603;2.0
0;1.110813;0.9641266;2.0
0;1.155121;0.9635684;2.0
0;1.1043949;0.94762105;2.0
0;1.1606088;0.93534136;2.0
0;1.1582434;0.957324;2.0
0;1.1183591;0.96304464;2.0
0;1.1169776;0.939997;2.0
0;1.119677;0.94760096;2.0
0;1.0888958;0.95891446;2.0
0;1.133505;0.97508794;2.0
0;1.1132873;0.9381245;2.0
0;1.1013122;0.9596446;2.0
0;1.0986575;0.94711477;2.0
0;1.1248838;0.9479958;2.0
0;1.1149917;0.9411824;2.0
0;1.1227108;0.97996145;2.0
0;1.1176385;0.9662572;2.0
0;1.1175325;0.9606096;2.0
0;1.1273687;0.951413;2.0
0;1.1323016;0.9540293;2.0
0;1.154454;0.9607922;2.0
0;1.1610243;0.9597505;2.0
0;1.1225924;0.93911934;2.0
0;1.1254061;0.9513642;2.0
0;1.1504829;0.9637863;2.0
0;1.1235547;0.9578903;2.0
0;1.1222762;0.9587734;2.0
0;1.1503601;0.96013296;2.0
0;1.1393114;0.9607872;2.0
0;1.1334226;0.94541526;2.0
0;1.0980393;0.9761689;2.0
0;1.118295;0.95502806;2.0
0;1.1309179;0.9700686;2.0
0;1.1329906;0.96351534;2.0
0;1.1627975;0.95570827;2.0
0;1.1112576;0.93877023;2.0
0;1.113516;0.95230734;2.0
0;1.138314;0.94766486;2.0
0;1.1206832;0.9624125;2.0
0;1.1349735;0.9580669;2.0
0;1.1482362;0.98249894;2.0
0;1.1338915;0.957566;2.0
0;1.1197522;0.9319598;2.0
0;1.0947337;0.9633183;2.0
0;1.129878;0.9545982;2.0
0;1.1233072;0.95029795;2.0
0;1.1025366;0.95341045;2.0
0;1.1015736;0.965121;2.0
0;1.1173569;0.94402075;2.0
0;1.1286395;0.955416;2.0
0;1.1263967;0.9507829;2.0
0;1.1431854;0.9664507;2.0
0;1.147515;0.93945354;2.0
0;1.132585;0.9589309;2.0
0;1.0869637;0.9751002;2.0
0;1.1314337;0.9562531;2.0
0;1.1070964;0.9501225;2.0
0;1.132488;0.95787644;2.0
0;1.1599612;0.98368406;2.0
0;1.1506112;0.9708481;2.0
0;1.143372;0.97383106;2.0
0;1.1328735;0.94001895;2.0
0;1.0950774;0.97014165;2.0
0;1.0944519;0.95756674;2.0
0;1.1315917;0.9474362;2.0
0;1.1258484;0.9579911;2.0
0;1.1313298;0.97882897;2.0
0;1.0965054;0.9581771;2.0
0;1.086681;0.9594042;2.0
0;1.1016166;0.9468341;2.0
0;1.1213294;0.97327155;2.0
0;1.1203583;0.9532928;2.0
0;1.1471804;0.9613988;2.0
0;1.1235788;0.9679731;2.0
0;1.0800571;0.9619024;2.0
0;1.1549143;0.9723238;2.0
0;1.1336694;0.94468975;2.0
0;1.1150825;0.9628793;2.0
0;1.099375;0.94425875;2.0
0;1.0989478;0.96095574;2.0
0;1.1099864;0.95315343;2.0
0;1.1082927;0.9634849;2.0
0;1.1493025;0.96602213;2.0
0;1.1140918;0.95495886;2.0
0;1.1195128;0.9641349;2.0
0;1.1549289;0.96819824;2.0
0;1.1308699;0.9703608;2.0
0;1.1551713;0.95988435;2.0
0;1.119561;0.9667745;2.0
0;1.1607991;0.95690745;2.0
0;0.60191345;0.5703119;3.0
0;0.6467339;0.55955064;3.0
0;0.6489936;0.52777165;3.0
0;0.49273214;0.5020093;3.0
0;0.79507315;0.52892655;3.0
0;0.7169138;0.41132712;3.0
0;0.45130926;0.5590885;3.0
0;0.6556919;0.5430427;3.0
0;0.5803443;0.47447282;3.0
0;0.6812631;0.5243412;3.0
0;0.7206558;0.6015282;3.0
0;0.67612267;0.47146598;3.0
0;0.5179061;0.51274335;3.0
0;0.55505073;0.58326954;3.0
0;0.5633183;0.5898005;3.0
0;0.66311985;0.52230763;3.0
0;0.6488197;0.41226453;3.0
0;0.7158786;0.59684557;3.0
0;0.67514044;0.5169684;3.0
0;0.65371007;0.59272754;3.0
0;0.7009663;0.46583092;3.0
0;0.58811337;0.5513219;3.0
0;0.6591378;0.5358286;3.0
0;0.61266255;0.53450984;3.0
0;0.6713826;0.47197685;3.0
0;0.7373069;0.59790534;3.0
0;0.5132227;0.52006304;3.0
0;0.5316769;0.5716799;3.0
0;0.5995502;0.52478933;3.0
0;0.7418046;0.5824077;3.0
0;0.5530165;0.47220975;3.0
0;0.50927234;0.617883;3.0
0;0.63455695;0.6381487;3.0
0;0.49568942;0.52605987;3.0
0;0.5764921;0.5481846;3.0
0;0.71666604;0.5496385;3.0
0;0.6713711;0.4865504;3.0
0;0.6726353;0.4805406;3.0
0;0.83108324;0.5286691;3.0
0;0.56286;0.5422065;3.0
0;0.6468996;0.6281122;3.0
0;0.5597875;0.6005846;3.0
0;0.64448696;0.5880147;3.0
0;0.7283524;0.54868996;3.0
0;0.6519905;0.55694085;3.0
0;0.67346627;0.45954344;3.0
0;0.73777765;0.63109654;3.0
0;0.55051327;0.5546616;3.0
0;0.76476145;0.5476579;3.0
0;0.56483483;0.55602473;3.0
0;0.49537927;0.63412136;3.0
0;0.64626753;0.49520922;3.0
0;0.65839386;0.5457702;3.0
0;0.5568997;0.44193128;3.0
0;0.58392537;0.49249473;3.0
0;0.63176954;0.5329927;3.0
0;0.70726126;0.5700233;3.0
0;0.49065995;0.5614929;3.0
0;0.6173324;0.49304372;3.0
0;0.59658647;0.588278;3.0
0;0.76666605;0.5874178;3.0
0;0.6423977;0.5302332;3.0
0;0.6100131;0.53316003;3.0
0;0.7585098;0.47064385;3.0
0;0.5493618;0.5949127;3.0
0;0.6971512;0.5731501;3.0
0;0.55818033;0.56621474;3.0
0;0.63296354;0.5692544;3.0
0;0.651547;0.53886276;3.0
0;0.7139493;0.5374149;3.0
0;0.6604088;0.5010853;3.0
0;0.6468118;0.59494686;3.0
0;0.7091435;0.5698545;3.0
0;0.5543617;0.5792219;3.0
0;0.7445156;0.5702123;3.0
0;0.6961511;0.5690997;3.0
0;0.58687943;0.614285;3.0
0;0.44834304;0.5560049;3.0
0;0.65065026;0.5438148;3.0
0;0.64264435;0.597994;3.0
0;0.5976899;0.5910692;3.0
0;0.65313756;0.5562755;3.0
0;0.59441304;0.4830606;3.0
0;0.53681624;0.5423803;3.0
0;0.67798805;0.59241676;3.0
0;0.5208538;0.49863636;3.0
0;0.69663286;0.5125593;3.0
0;0.61185133;0.5257898;3.0
0;0.6590013;0.52268726;3.0
0;0.55213773;0.56794494;3.0
0;0.6858085;0.47285593;3.0
0;0.66559863;0.52413344;3.0
0;0.583548;0.5353459;3.0
0;0.71976686;0.60203433;3.0
0;0.6199228;0.5480032;3.0
0;0.7291186;0.45336875;3.0
0;0.6247857;0.54267055;3.0
0;0.8348644;0.5629653;3.0
0;0.5374332;0.51347405;3.0
0;0.6020381;0.5181516;3.0
0;0.60275066;0.5310244;3.0
0;0.5543712;0.5764128;3.0
0;0.6548897;0.5582602;3.0
0;0.6644277;0.54111993;3.0
0;0.52428454;0.5355502;3.0
0;0.59676427;0.48554307;3.0
0;0.6812298;0.5225325;3.0
0;0.57422763;0.50414765;3.0
0;0.6456814;0.5263324;3.0
0;0.8123095;0.4955878;3.0
0;0.73105377;0.52189994;3.0
0;0.59729403;0.49278396;3.0
0;0.48152384;0.62560004;3.0
0;0.66348076;0.5285668;3.0
0;0.58340746;0.5477286;3.0
0;0.6129514;0.51443684;3.0
0;0.6897681;0.4732204;3.0
0;0.61789554;0.5635047;3.0
0;0.5131651;0.53625655;3.0
0;0.6612305;0.51177186;3.0
0;0.54934883;0.5465384;3.0
0;0.5361142;0.5694458;3.0
0;0.79795694;0.5074075;3.0
0;0.6881359;0.5025296;3.0
0;0.5013477;0.5378286;3.0
0;0.6246915;0.6214405;3.0
0;0.5802484;0.49277422;3.0
0;0.6031601;0.50089717;3.0
0;0.6727329;0.43306813;3.0
0;0.53949165;0.5862697;3.0
0;0.5109828;0.5967729;3.0
0;0.71487457;0.5758918;3.0
0;0.73915046;0.5586626;3.0
0;0.74899286;0.5080877;3.0
0;0.63474154;0.5700151;3.0
0;0.606664;0.48631108;3.0
0;0.65908307;0.5940743;3.0
0;0.516326;0.5636435;3.0
0;0.5433554;0.63923883;3.0
0;0.6740022;0.48892847;3.0
0;0.7228737;0.5148299;3.0
0;0.68452716;0.48770988;3.0
0;0.682438;0.5512102;3.0
0;0.68661296;0.42439035;3.0
0;0.6437877;0.5536018;3.0
0;0.62009734;0.49783707;3.0
0;0.5774208;0.56571156;3.0
0;0.6770371;0.5297497;3.0
0;0.6267957;0.4753867;3.0
0;0.6347283;0.5538042;3.0
0;0.69434935;0.51219094;3.0
0;0.71634793;0.63013834;3.0
0;0.6353433;0.57895696;3.0
0;0.6895333;0.5206499;3.0
0;0.6202816;0.57921094;3.0
0;0.52350605;0.5187643;3.0
0;0.6623878;0.519855;3.0
0;0.5648471;0.57478404;3.0
0;0.52845925;0.54552054;3.0
0;0.62716615;0.56296927;3.0
0;0.7307342;0.5840855;3.0
0;0.7146864;0.5295529;3.0
0;0.64034027;0.46798643;3.0
0;0.67629784;0.5561047;3.0
0;0.5728414;0.44680703;3.0
0;0.5749332;0.544399;3.0
0;0.79113805;0.6054215;3.0
0;0.80267024;0.5184153;3.0
0;0.6884655;0.544171;3.0
0;0.55495405;0.54794437;3.0
0;0.54657525;0.5501806;3.0
0;0.7026182;0.5030024;3.0
0;0.6963038;0.5048656;3.0
0;0.7782384;0.5845889;3.0
0;0.71303946;0.4731662;3.0
0;0.64903927;0.59768254;3.0
0;0.55961794;0.47207257;3.0
0;0.68277854;0.52279335;3.0
0;0.7164369;0.50920004;3.0
0;0.62570256;0.5102859;3.0
0;0.7091188;0.5689876;3.0
0;0.6154104;0.51039255;3.0
0;0.7283148;0.5763176;3.0
0;0.6463061;0.58053195;3.0
0;0.63258576;0.52906;3.0
0;0.57450104;0.5624163;3.0
0;0.80954146;0.5446913;3.0
0;0.6559115;0.6816143;3.0
0;0.6737324;0.5106885;3.0
0;0.5252526;0.47933438;3.0
0;0.62043095;0.6282879;3.0
0;0.61968446;0.66042507;3.0
0;0.6776256;0.48810384;3.0
0;0.66813487;0.4561041;3.0
0;0.62292296;0.54875433;3.0
0;0.63982165;0.53313327;3.0
0;0.7286893;0.5323869;3.0
0;0.58623785;0.49077573;3.0
0;0.70344627;0.53391737;3.0
0;0.60884875;0.5281129;3.0
0;0.6009668;0.66107947;3.0
0;0.75268304;0.67569387;3.0
0;0.58805794;0.46124414;3.0
0;0.7539964;0.4906389;3.0
0;0.6260642;0.56698656;3.0
0;0.56770676;0.58415896;3.0
0;0.64741784;0.5814369;3.0
0;0.6946633;0.54830694;3.0
0;0.59077215;0.51433766;3.0
0;0.7701685;0.50001365;3.0
0;0.63134754;0.5081518;3.0
0;0.6368206;0.5721049;3.0
0;0.70042557;0.5412391;3.0
0;0.5096674;0.54567647;3.0
0;0.6846138;0.5639498;3.0
0;0.6554505;0.5308578;3.0
0;0.7175529;0.5213229;3.0
0;0.56743497;0.5051693;3.0
0;0.6411182;0.5321864;3.0
0;0.4537312;0.56480974;3.0
0;0.6553885;0.5966961;3.0
0;0.5003509;0.55593944;3.0
0;0.6370722;0.55892015;3.0
0;0.5603156;0.5402671;3.0
0;0.6949295;0.4247517;3.0
0;0.5557393;0.5736105;3.0
0;0.6101642;0.5209311;3.0
0;0.51983696;0.5851694;3.0
0;0.63489413;0.6426356;3.0
0;0.7924905;0.54221797;3.0
0;0.65860945;0.53868884;3.0
0;0.61618996;0.5632852;3.0
0;0.7137063;0.5275503;3.0
0;0.4680686;0.5323003;3.0
0;0.55408144;0.57586145;3.0
0;0.6663395;0.5632813;3.0
0;0.5269908;0.5150806;3.0
0;0.5911331;0.5803419;3.0
0;0.46962562;0.4128321;3.0
0;0.64956725;0.52359897;3.0
0;0.73594695;0.5194509;3.0
0;0.77688116;0.5067153;3.0
0;0.59804547;0.5412214;3.0
0;0.7660755;0.51187634;3.0
0;0.66294944;0.56536776;3.0
0;0.6164329;0.5683258;3.0
0;0.5939159;0.46818933;3.0
0;0.6767874;0.5359133;3.0
0;0.63730896;0.5513515;3.0
0;0.677874;0.5064292;3.0
0;0.75535756;0.46910906;3.0
0;0.38650164;0.07070873;4.0
0;0.2339483;0.22018354;4.0
0;0.39226285;0.16473714;4.0
0;0.37377384;0.113568574;4.0
0;0.24562357;0.1791751;4.0
0;0.054987762;0.13022555;4.0
0;0.31058037;0.21944359;4.0
0;0.32430255;0.26986542;4.0
0;0.20898834;0.23964556;4.0
0;0.16051829;0.18522544;4.0
0;0.17501217;0.10132257;4.0
0;0.20329598;0.113894194;4.0
0;0.18970187;0.1520483;4.0
0;0.162082;0.1570054;4.0
0;0.48262098;0.06865294;4.0
0;0.14847928;0.04910604;4.0
0;0.30909318;0.19728167;4.0
0;0.24831243;0.21413052;4.0
0;0.0873541;0.16900489;4.0
0;0.2630501;0.17349458;4.0
0;0.13989389;0.13109416;4.0
0;0.3093111;0.118076764;4.0
0;0.1772287;0.11019753;4.0
0;0.32904914;0.097478494;4.0
0;0.2773242;0.19509679;4.0
0;0.28808305;0.18485492;4.0
0;0.40822726;0.1943053;4.0
0;0.22948338;0.18398078;4.0
0;0.3135146;0.057654634;4.0
0;0.15486304;0.2471136;4.0
0;0.20885564;0.0063570263;4.0
0;0.0;0.19463684;4.0
0;0.21243252;0.18130282;4.0
0;0.09831429;0.21940961;4.0
0;0.36825004;0.20162615;4.0
0;0.26080215;0.15204306;4.0
0;0.13557069;0.13656922;4.0
0;0.21105182;0.1235353;4.0
0;0.15346242;0.17724375;4.0
0;0.10267166;0.06418451;4.0
0;0.21244028;0.14516614;4.0
0;0.098635465;0.09186925;4.0
0;0.1381847;0.19505703;4.0
0;0.42501566;0.11927031;4.0
0;0.31432286;0.012055554;4.0
0;0.20747076;0.19566514;4.0
0;0.2664095;0.09071681;4.0
0;0.10947889;0.11762436;4.0
0;0.22962867;0.30672055;4.0
0;0.11706409;0.1520904;4.0
0;0.06599219;0.097355396;4.0
0;0.24355118;0.16192622;4.0
0;0.26292098;0.08728976;4.0
0;0.2922335;0.057511915;4.0
0;0.28452995;0.24348202;4.0
0;0.25676376;0.1414653;4.0
0;0.17444447;0.14260833;4.0
0;0.24472967;0.15270734;4.0
0;0.37351108;0.0489391;4.0
0;0.2150503;0.11199539;4.0
0;0.3135951;0.035688333;4.0
0;0.25761962;0.20741794;4.0
0;0.24571677;0.16457817;4.0
0;0.29453126;0.1576265;4.0
0;0.49574122;0.11389583;4.0
0;0.33737236;0.046322003;4.0
0;0.19151421;0.17338863;4.0
0;0.30243027;0.13275906;4.0
0;0.17479205;0.14408915;4.0
0;0.2858857;0.1156355;4.0
0;0.30751857;0.12236802;4.0
0;0.34933904;0.1521852;4.0
0;0.16515176;0.082885616;4.0
0;0.1955586;0.07978049;4.0
0;0.3244015;0.21008283;4.0
0;0.4160004;0.19149368;4.0
0;0.17855825;0.13983653;4.0
0;0.20715252;0.07528751;4.0
0;0.12980476;0.21466556;4.0
0;0.22310194;0.17942546;4.0
0;0.1349206;0.1353426;4.0
0;0.20791373;0.09571808;4.0
0;0.33434525;0.13544299;4.0
0;0.18271267;0.24529074;4.0
0;0.337373;0.21604766;4.0
0;0.18668976;0.19059508;4.0
0;0.31089848;0.17396498;4.0
0;0.4607268;0.23218212;4.0
0;0.34405088;0.13140953;4.0
0;0.39175785;0.1992292;4.0
0;0.12845677;0.19481882;4.0
0;0.24624695;0.121784866;4.0
0;0.10737305;0.1006404;4.0
0;0.28776574;0.0781135;4.0
0;0.0902312;0.19248274;4.0
0;0.064965375;0.20093185;4.0
0;0.112100855;0.10117195;4.0
0;0.29232877;0.046334784;4.0
0;0.09614704;0.1875203;4.0
0;0.20926674;0.114550665;4.0
0;0.27428326;0.17508256;4.0
0;0.35061985;0.2065972;4.0
0;0.23804466;0.18056859;4.0
0;0.34677523;0.15023437;4.0
0;0.33053106;0.1740052;4.0
0;0.26793632;0.13822317;4.0
0;0.16996446;0.13697515;4.0
0;0.3702065;0.043989766;4.0
0;0.18571807;0.16459076;4.0
0;0.33159426;0.061977588;4.0
0;0.23067456;0.19607382;4.0
0;0.1536312;0.04018118;4.0
0;0.09027921;0.18848948;4.0
0;0.10363831;0.08493016;4.0
0;0.25612077;0.07734195;4.0
0;0.26457024;0.11581493;4.0
0;0.12673563;0.0930741;4.0
0;0.2510172;0.0;4.0
0;0.17184347;0.13675953;4.0
0;0.1940517;0.2201212;4.0
0;0.3457257;0.09866057;4.0
0;0.24036455;0.12724465;4.0
0;0.23050036;0.20091212;4.0
0;0.35922083;0.16071549;4.0
0;0.31374142;0.074878745;4.0
0;0.20806697;0.20801327;4.0
0;0.32788312;0.109742835;4.0
0;0.25384557;0.04522969;4.0
0;0.15636384;0.16892983;4.0
0;0.33995208;0.24775825;4.0
0;0.34993148;0.25477326;4.0
0;0.3547744;0.109699026;4.0
0;0.26933828;0.18128805;4.0
0;0.30552572;0.14833258;4.0
0;0.119156085;0.12661365;4.0
0;0.34236076;0.05121809;4.0
0;0.3679055;0.15271454;4.0
0;0.08138586;0.20296855;4.0
0;0.23306572;0.13492738;4.0
0;0.3520829;0.14120282;4.0
0;0.33061546;0.18891907;4.0
0;0.45509598;0.19089161;4.0
0;0.30300963;0.20468362;4.0
0;0.23405439;0.15983948;4.0
0;0.35933217;0.21958953;4.0
0;0.32777107;0.08941401;4.0
0;0.22378369;0.12639011;4.0
0;0.25904024;0.17584127;4.0
0;0.2971855;0.19966815;4.0
0;0.17586416;0.1607657;4.0
0;0.40704784;0.14951788;4.0
0;0.22492434;0.1843861;4.0
0;0.26925978;0.11212494;4.0
0;0.18789393;0.2125493;4.0
0;0.1318175;0.147053;4.0
0;0.2677706;0.21342298;4.0
0;0.21170822;0.050343134;4.0
0;0.11949486;0.18115364;4.0
0;0.2556647;0.28144437;4.0
0;0.17819536;0.13120586;4.0
0;0.2790809;0.14775498;4.0
0;0.33272654;0.23093118;4.0
0;0.29788014;0.08874389;4.0
0;0.38835108;0.1975825;4.0
0;0.23230535;0.16312015;4.0
0;0.22677211;0.19229248;4.0
0;0.31575564;0.12543674;4.0
0;0.2699739;0.16744398;4.0
0;0.35155138;0.2050217;4.0
0;0.37473726;0.23090453;4.0
0;0.2816886;0.20947148;4.0
0;0.23024501;0.13067488;4.0
0;0.32212934;0.14560491;4.0
0;0.39964375;0.26457798;4.0
0;0.36062145;0.084559284;4.0
0;0.24674274;0.12017456;4.0
0;0.18685433;0.19322316;4.0
0;0.25765598;0.15153499;4.0
0;0.37959272;0.19332407;4.0
0;0.22206317;0.03971987;4.0
0;0.17444468;0.20781575;4.0
0;0.30921203;0.026985392;4.0
0;0.15868184;0.19683743;4.0
0;0.33324906;0.2219781;4.0
0;0.3014329;0.09862695;4.0
0;0.33877444;0.15080012;4.0
0;0.30904937;0.13646124;4.0
0;0.055308722;0.021119991;4.0
0;0.115934126;0.14394633;4.0
0;0.25466084;0.12957014;4.0
0;0.086598136;0.18383466;4.0
0;0.24890266;0.21352585;4.0
0;0.2584242;0.14405937;4.0
0;0.05362531;0.19600573;4.0
0;0.24875371;0.101776846;4.0
0;0.33412346;0.08677848;4.0
0;0.14636046;0.14540213;4.0
0;0.22983831;0.10175726;4.0
0;0.25508976;0.14680709;4.0
0;0.2680234;0.20063856;4.0
0;0.39798573;0.21161824;4.0
0;0.103858225;0.17839645;4.0
0;0.19717763;0.13823287;4.0
0;0.23085171;0.14105175;4.0
0;0.30196437;0.23613673;4.0
0;0.24933316;0.14277829;4.0
0;0.25502133;0.09972402;4.0
0;0.3176948;0.08240979;4.0
0;0.20308194;0.030631604;4.0
0;0.21173169;0.1370092;4.0
0;0.16140129;0.16887087;4.0
0;0.2865881;0.15470827;4.0
0;0.263452;0.13813438;4.0
0;0.3312929;0.048820727;4.0
0;0.33142424;0.13324705;4.0
0;0.27713385;0.16170086;4.0
0;0.21505804;0.16998701;4.0
0;0.26659492;0.15523526;4.0
0;0.2584107;0.18251708;4.0
0;0.22430506;0.14605983;4.0
0;0.3261278;0.11721209;4.0
0;0.13708472;0.18401203;4.0
0;0.4558165;0.09290273;4.0
0;0.2810189;0.10654268;4.0
0;0.26620102;0.028412351;4.0
0;0.23890902;0.091171116;4.0
0;0.16811104;0.05611816;4.0
0;0.34334585;0.20711018;4.0
0;0.20046186;0.11808605;4.0
0;0.3262259;0.14601284;4.0
0;0.28392786;0.20767827;4.0
0;0.32258016;0.23467173;4.0
0;0.22916369;0.065813795;4.0
0;0.11764458;0.15824972;4.0
0;0.29171085;0.11176952;4.0
0;0.14368461;0.1260671;4.0
0;0.22123908;0.03674404;4.0
0;0.29163486;0.119650975;4.0
0;0.22633523;0.047142107;4.0
0;0.19191504;0.11584326;4.0
0;0.50160515;0.11684167;4.0
0;0.3273129;0.20379347;4.0
0;0.24727973;0.24462985;4.0
0;0.3064712;0.11152859;4.0
0;0.27324137;0.17089707;4.0
0;0.26008782;0.13394062;4.0
0;0.34498525;0.10882779;4.0
0;0.3411268;0.20113587;4.0
0;0.30066732;0.13215332;4.0
0;0.21860202;0.09519527;4.0
0;0.32954085;0.16756055;4.0
