DY
752
2

0;0.9896649;0.059408054;1.0
0;0.97060615;0.060146987;1.0
0;0.9210059;0.049766216;1.0
0;0.9644;0.048638936;1.0
0;0.9343632;0.025566503;1.0
0;0.95420146;0.09147942;1.0
0;0.95306677;0.019639209;1.0
0;0.90440184;0.039004102;1.0
0;0.9375502;0.051690884;1.0
0;0.97670376;0.028499847;1.0
0;0.928643;0.035585415;1.0
0;0.98471534;0.049539704;1.0
0;0.96342915;0.058808036;1.0
0;0.9612858;0.059042096;1.0
0;0.9296622;0.029447759;1.0
0;0.9394492;0.05856375;1.0
0;0.90314776;0.053103484;1.0
0;0.97335714;0.036916375;1.0
0;0.9106179;0.07449874;1.0
0;0.95835376;0.033019293;1.0
0;0.9332265;0.044920005;1.0
0;0.9527057;0.037501022;1.0
0;0.9383309;0.032657538;1.0
0;0.95790005;0.046124972;1.0
0;0.94057673;0.033555742;1.0
0;0.9332644;0.056906886;1.0
0;0.9365838;0.04260554;1.0
0;0.9366676;0.016817184;1.0
0;0.92973584;0.030863589;1.0
0;0.9560321;0.060875542;1.0
0;0.97117454;0.040044717;1.0
0;0.9141478;0.12820779;1.0
0;0.9317488;0.06042012;1.0
0;0.9062624;0.041038215;1.0
0;0.9458387;0.02716682;1.0
0;0.9589818;0.019041756;1.0
0;0.9518061;0.051529057;1.0
0;0.9243873;0.032318447;1.0
0;0.9587962;0.038924634;1.0
0;0.9465165;0.08523515;1.0
0;0.9372169;0.019118058;1.0
0;0.95705754;0.04159502;1.0
0;0.9837796;0.04462243;1.0
0;0.9172658;0.06097794;1.0
0;0.9534376;0.0059874333;1.0
0;0.9661733;0.03616213;1.0
0;0.944289;0.040651187;1.0
0;0.9611256;0.036478244;1.0
0;0.98137873;0.04211131;1.0
0;0.97570854;0.07706058;1.0
0;0.92271525;0.014980511;1.0
0;0.95382756;0.0864804;1.0
0;0.9681536;0.0057733026;1.0
0;0.9338172;0.056393523;1.0
0;0.9112659;0.015331018;1.0
0;0.9714717;0.043892812;1.0
0;0.9019081;0.073367536;1.0
0;0.8982608;0.020542737;1.0
0;0.9166998;0.03667766;1.0
0;0.8834409;0.069600426;1.0
0;0.9366032;0.066715285;1.0
0;0.9454804;0.11263614;1.0
0;0.92836505;0.048859783;1.0
0;0.93429613;0.040401645;1.0
0;0.94148326;0.07139277;1.0
0;0.9688003;0.101200335;1.0
0;0.9284812;0.03010722;1.0
0;0.90814936;0.061876774;1.0
0;0.9847938;0.06464216;1.0
0;0.92887306;0.03066924;1.0
0;0.9343359;0.02138743;1.0
0;0.9621407;0.057813633;1.0
0;0.9642217;0.030688522;1.0
0;0.9585575;0.025669875;1.0
0;0.96115535;0.0654443;1.0
0;0.9642376;0.038425885;1.0
0;0.9424292;0.08978934;1.0
0;0.9282515;0.029125426;1.0
0;0.9355857;0.055518683;1.0
0;0.9320782;0.031845495;1.0
0;0.92574084;0.046262138;1.0
0;0.9510496;0.026684422;1.0
0;0.97015023;0.027431611;1.0
0;0.9477366;0.053563654;1.0
0;0.9328323;0.0820979;1.0
0;0.9619079;0.061299004;1.0
0;0.9771331;0.05402918;1.0
0;0.9775878;0.062365767;1.0
0;0.9548867;0.081545345;1.0
0;0.9620529;0.06120992;1.0
0;0.92937845;0.0715036;1.0
0;0.94152087;0.077211194;1.0
0;0.9673469;0.053923737;1.0
0;0.95887524;0.035258155;1.0
0;0.91842693;0.037567183;1.0
0;0.96180713;0.032766905;1.0
0;0.97078955;0.011398798;1.0
0;0.942403;0.065165125;1.0
0;0.94372237;0.025221447;1.0
0;0.91889393;0.05524438;1.0
0;0.93151724;0.08583489;1.0
0;0.9208571;0.03506507;1.0
0;0.9266517;0.02428711;1.0
0;0.9250526;0.03723833;1.0
0;0.93819433;0.023923276;1.0
0;0.9843246;0.058257755;1.0
0;0.9467872;0.018951615;1.0
0;0.9643541;0.04418204;1.0
0;0.9360557;0.053720478;1.0
0;0.95722425;0.03344588;1.0
0;0.9275335;0.059360974;1.0
0;0.97851646;0.027657503;1.0
0;0.92410314;0.05823908;1.0
0;0.95458;0.05132167;1.0
0;0.97632676;0.07580233;1.0
0;0.9313837;0.047798738;1.0
0;0.93996334;0.023147164;1.0
0;0.93343115;0.06373837;1.0
0;0.9418657;0.016523741;1.0
0;0.9247767;0.053703148;1.0
0;0.9419884;0.03867113;1.0
0;0.8959171;0.0703875;1.0
0;0.9235707;0.03151976;1.0
0;0.95732284;0.06393944;1.0
0;0.9585811;0.07010205;1.0
0;0.9415833;0.042710934;1.0
0;0.91485584;0.060471594;1.0
0;0.9534877;0.04919528;1.0
0;0.9168504;0.06979078;1.0
0;0.8894904;0.013291075;1.0
0;0.9177203;0.035407282;1.0
0;0.905974;0.01997522;1.0
0;0.93418854;0.050254293;1.0
0;0.9474531;0.019232484;1.0
0;0.95064396;0.049472705;1.0
0;0.90692276;0.039463818;1.0
0;0.93217516;0.01776184;1.0
0;0.9049315;0.038609724;1.0
0;0.89336187;0.046942774;1.0
0;0.94575596;0.034073908;1.0
0;0.9390355;0.03825933;1.0
0;0.9327294;0.068912245;1.0
0;0.9064562;0.010188072;1.0
0;0.9444215;0.047084793;1.0
0;0.9370556;0.036133822;1.0
0;0.92849255;0.087601855;1.0
0;0.9723762;0.082972355;1.0
0;0.9561729;0.027423503;1.0
0;0.95294386;0.020712793;1.0
0;0.94003737;0.049493182;1.0
0;0.9617177;0.07323217;1.0
0;0.96099436;0.06570731;1.0
0;0.9536999;0.0144997565;1.0
0;0.9486798;0.042313054;1.0
0;0.9024534;0.08780758;1.0
0;0.91683644;0.029365677;1.0
0;0.92044944;0.06311598;1.0
0;0.93260616;0.06038567;1.0
0;0.9628425;0.049064588;1.0
0;0.92235;0.03735;1.0
0;0.90376467;0.067806594;1.0
0;0.9330612;0.06250164;1.0
0;0.924158;0.04024114;1.0
0;0.91193336;0.028406968;1.0
0;0.9874132;0.03308128;1.0
0;0.9597041;0.048804417;1.0
0;0.94783753;0.060520727;1.0
0;0.90719044;0.05295265;1.0
0;0.9386714;0.039713882;1.0
0;0.92138994;0.04777269;1.0
0;0.9149711;0.046687707;1.0
0;0.9384108;0.070341095;1.0
0;0.91566676;0.068878025;1.0
0;0.9022155;0.0346671;1.0
0;0.9316979;0.08038554;1.0
0;0.9585873;0.010014929;1.0
0;0.9034583;0.07594515;1.0
0;0.91756624;0.07540522;1.0
0;0.9612839;0.05876461;1.0
0;0.9936407;0.05853516;1.0
0;0.95295584;0.017053956;1.0
0;0.94973564;0.045874152;1.0
0;0.9343906;0.048470397;1.0
0;0.93337667;0.01997883;1.0
0;0.92787904;0.016936328;1.0
0;0.9528656;0.055525333;1.0
0;0.9308351;0.029865688;1.0
0;0.9379626;0.03496501;1.0
0;0.8946683;0.024240049;1.0
0;0.88659745;0.046808507;1.0
0;0.91172695;0.0246236;1.0
0;0.9513684;0.040494677;1.0
0;0.91876054;0.044450957;1.0
0;0.92430127;0.012734845;1.0
0;0.93780625;0.015165917;1.0
0;0.9459293;0.06723143;1.0
0;0.9326584;0.029309096;1.0
0;0.9045532;0.0025482727;1.0
0;0.91048646;0.058690187;1.0
0;0.92250204;0.05992738;1.0
0;0.92645043;0.03548014;1.0
0;0.9408607;0.05612299;1.0
0;0.90563077;0.01454124;1.0
0;0.92347735;0.017981844;1.0
0;0.9348105;0.02776753;1.0
0;0.92041487;0.019424688;1.0
0;0.9132401;0.040812336;1.0
0;0.92099917;0.016371733;1.0
0;0.9335358;0.023077272;1.0
0;0.9454355;0.06833203;1.0
0;0.90854406;0.028659867;1.0
0;0.93811667;0.08914952;1.0
0;0.9555135;0.06625091;1.0
0;0.9351847;0.061080538;1.0
0;0.9217845;0.07080704;1.0
0;0.93167925;0.018613668;1.0
0;0.9154321;0.047767397;1.0
0;0.92767024;0.033510208;1.0
0;0.9508532;0.07385284;1.0
0;0.990334;0.060846295;1.0
0;0.9106542;0.035929523;1.0
0;0.9175412;0.04861542;1.0
0;0.9738069;0.053248044;1.0
0;0.93597925;0.039975673;1.0
0;0.92666763;0.05160856;1.0
0;0.9273381;0.02423248;1.0
0;0.9371673;0.050188556;1.0
0;0.924303;0.023772085;1.0
0;0.88935226;0.051711697;1.0
0;0.97235125;0.010492748;1.0
0;0.96594256;0.03081599;1.0
0;0.92162544;0.048429724;1.0
0;0.93315965;0.02488859;1.0
0;0.9092422;0.055161647;1.0
0;0.94029003;0.0457851;1.0
0;0.9521514;0.04471774;1.0
0;0.9378118;0.05921776;1.0
0;0.92552483;0.08355667;1.0
0;0.93579626;0.040097516;1.0
0;0.9704233;0.086528555;1.0
0;0.97263825;0.02144768;1.0
0;0.8836215;0.008522761;1.0
0;0.9369895;0.0645441;1.0
0;0.9766247;0.03153585;1.0
0;0.9152767;0.0050495677;1.0
0;0.9427906;0.06395428;1.0
0;0.9071779;0.03474019;1.0
0;0.9447012;0.037259907;1.0
0;0.97851926;0.044785168;1.0
0;0.96941483;0.05685756;1.0
0;0.9574208;0.07932474;1.0
0;0.92495555;0.06527387;1.0
0;0.91969514;0.02142374;1.0
0;0.89760244;0.03767144;1.0
0;0.9196839;0.030399343;1.0
0;0.9579027;0.026814122;1.0
0;0.93357235;0.056521874;1.0
0;0.93007183;0.061698075;1.0
0;0.9110216;0.015873067;1.0
0;0.9425992;0.035611376;1.0
0;0.9334388;0.06739645;1.0
0;0.93300825;0.023497859;1.0
0;0.9114295;0.007024175;1.0
0;0.91342163;0.036273297;1.0
0;0.971733;0.045526866;1.0
0;0.92505944;0.031146996;1.0
0;0.96450895;0.057809144;1.0
0;0.96243674;0.041344702;1.0
0;0.97250175;0.022082828;1.0
0;0.9311135;0.08896938;1.0
0;0.9413701;0.03881976;1.0
0;0.9376005;0.038349353;1.0
0;0.94721293;0.041031174;1.0
0;0.94340557;0.06544051;1.0
0;0.91195875;0.061769515;1.0
0;0.93245417;0.08599984;1.0
0;0.9724671;0.047135472;1.0
0;0.96081626;0.022190247;1.0
0;0.9550735;0.07379015;1.0
0;0.92761624;0.09778228;1.0
0;0.92099196;0.06308865;1.0
0;0.96672;0.03472681;1.0
0;0.9413198;0.10552401;1.0
0;0.92888;0.06369392;1.0
0;0.9384368;0.049470745;1.0
0;0.9309825;0.045923293;1.0
0;0.9219591;0.048429437;1.0
0;0.8984069;0.051046524;1.0
0;0.9406247;0.026107136;1.0
0;0.9635795;0.06005292;1.0
0;0.93551713;0.053829025;1.0
0;0.9254993;0.11799143;1.0
0;0.94320256;0.031820867;1.0
0;0.96555555;0.04970654;1.0
0;0.9767397;0.06624062;1.0
0;0.9262246;0.044188645;1.0
0;0.92454785;0.05433218;1.0
0;0.96657133;0.045195945;1.0
0;0.9565351;0.062244143;1.0
0;0.95179325;0.0505827;1.0
0;0.93784297;0.064579025;1.0
0;0.9756212;0.038001582;1.0
0;0.96956056;0.037496306;1.0
0;0.9120022;0.042997062;1.0
0;0.9586698;0.035327174;1.0
0;0.9539732;0.025291327;1.0
0;0.92362916;0.04732831;1.0
0;0.9240643;0.01859023;1.0
0;0.9509635;0.05583138;1.0
0;0.9655375;0.039979517;1.0
0;0.92898464;0.05957432;1.0
0;0.93672097;0.05412687;1.0
0;0.92994803;0.040114414;1.0
0;0.9454394;0.03809494;1.0
0;0.88871056;0.057336885;1.0
0;0.9548066;0.038483992;1.0
0;0.95898753;0.028255077;1.0
0;0.94820064;0.03486728;1.0
0;0.9854664;0.028260553;1.0
0;0.91006476;0.008613792;1.0
0;0.95224595;0.046213713;1.0
0;0.9652972;0.057952955;1.0
0;0.91296315;0.022554068;1.0
0;0.97008306;0.01215544;1.0
0;0.92875093;0.048121464;1.0
0;0.9304305;0.04540211;1.0
0;0.9197823;0.046529654;1.0
0;0.9501488;5.2017276E-4;1.0
0;0.92789435;0.017895017;1.0
0;0.93272793;0.050638985;1.0
0;0.9209828;0.051814463;1.0
0;0.95460856;0.056913346;1.0
0;0.9041236;0.028892143;1.0
0;0.9002342;0.06251735;1.0
0;0.9493584;0.031597786;1.0
0;0.93651116;0.042467125;1.0
0;0.95339113;0.07315359;1.0
0;0.91779375;0.025478236;1.0
0;0.9490664;0.009813542;1.0
0;0.9786165;0.056516726;1.0
0;0.9284564;0.0065798536;1.0
0;0.9002862;0.06337341;1.0
0;0.9524779;0.013807341;1.0
0;0.96319574;0.0666237;1.0
0;0.96654516;0.031928483;1.0
0;0.9269351;0.03225239;1.0
0;0.97922236;0.10242571;1.0
0;0.96249974;0.067740254;1.0
0;0.9938979;0.032479566;1.0
0;0.9467643;0.04498014;1.0
0;0.9302088;0.023306064;1.0
0;0.9061002;0.05153048;1.0
0;0.9505823;0.01963637;1.0
0;0.95103854;0.09882099;1.0
0;0.9489292;0.048435364;1.0
0;0.9678302;0.046075393;1.0
0;0.9359429;0.09262179;1.0
0;0.9342353;0.07424285;1.0
0;0.9388472;0.060157765;1.0
0;0.9664724;0.072764315;1.0
0;0.9669899;0.05243622;1.0
0;0.9209926;0.0;1.0
0;0.9648208;0.044295464;1.0
0;0.9466319;0.051970467;1.0
0;0.93556315;0.08159338;1.0
0;0.9534225;0.059595376;1.0
0;0.94767654;0.04918487;1.0
0;0.9490984;0.07887588;1.0
0;0.96839535;0.08393158;1.0
0;0.91949975;0.029822988;1.0
0;0.94701374;0.10474488;1.0
0;0.95681465;0.026171718;1.0
0;1.0;0.06434447;1.0
0;0.93623465;0.071659654;1.0
0;0.94027257;0.069050685;1.0
0;0.9620042;0.04170862;1.0
0;0.007402124;0.98842305;2.0
0;0.011279964;0.991392;2.0
0;0.014882167;0.99356;2.0
0;0.011470215;0.9873358;2.0
0;0.0064603537;0.9930273;2.0
0;0.0055470457;0.9934553;2.0
0;0.012118665;0.98839027;2.0
0;0.011863293;0.99140924;2.0
0;0.0132570295;0.9890052;2.0
0;0.010081643;0.98772347;2.0
0;0.009558045;0.98493975;2.0
0;0.015731871;0.9870522;2.0
0;0.01852535;0.9867702;2.0
0;0.015432712;0.9923288;2.0
0;0.010560332;0.9878876;2.0
0;0.011059848;0.9846128;2.0
0;0.006961104;0.991438;2.0
0;0.0065953094;0.9938876;2.0
0;0.008569007;0.9883958;2.0
0;0.010653801;0.99167246;2.0
0;0.010407693;0.9896207;2.0
0;0.016154366;0.9823138;2.0
0;0.013564834;0.98847735;2.0
0;0.0071728565;0.9825627;2.0
0;0.012304032;0.989791;2.0
0;0.007830288;0.9803467;2.0
0;0.012555979;0.9941033;2.0
0;0.008426528;0.9870641;2.0
0;0.010130371;0.9885455;2.0
0;0.009523464;0.9872564;2.0
0;0.00748038;0.98663765;2.0
0;0.01399182;0.990398;2.0
0;0.014703761;0.9919742;2.0
0;0.009303235;0.986773;2.0
0;0.01682016;0.9944495;2.0
0;0.006136438;0.9845388;2.0
0;0.0072819325;0.98286533;2.0
0;0.007547409;0.98405296;2.0
0;0.012393179;0.9878815;2.0
0;0.011468532;0.9899229;2.0
0;0.00839206;0.9928586;2.0
0;0.008931601;0.9898188;2.0
0;0.014421668;0.98180896;2.0
0;0.009223519;0.9841729;2.0
0;0.0065140775;0.9834191;2.0
0;0.008263336;0.98586845;2.0
0;0.009335346;0.9896887;2.0
0;0.008639516;0.9885429;2.0
0;0.01025584;0.989222;2.0
0;0.023205008;0.98958814;2.0
0;0.009150764;0.992575;2.0
0;0.009692945;0.98735875;2.0
0;0.014625673;0.98592204;2.0
0;0.009040172;0.9879213;2.0
0;0.008510511;0.9921474;2.0
0;0.01286165;0.99664116;2.0
0;0.018664293;0.9871189;2.0
0;0.007907814;0.9850293;2.0
0;0.004876534;0.994551;2.0
0;0.008256543;0.98662055;2.0
0;0.008505066;0.986761;2.0
0;0.015729569;0.98216414;2.0
0;0.010050487;0.98829806;2.0
0;0.0129472045;0.9869332;2.0
0;0.010260836;0.9907093;2.0
0;0.004171947;0.99147636;2.0
0;0.009267644;0.99450713;2.0
0;0.012002347;0.98857915;2.0
0;0.008896347;0.99061424;2.0
0;0.009160757;0.98398215;2.0
0;0.014276495;0.99153215;2.0
0;0.009481473;0.99145645;2.0
0;0.017382102;0.99126136;2.0
0;0.0056576934;0.9862893;2.0
0;0.015772065;0.9883011;2.0
0;0.0020462277;0.98785466;2.0
0;0.0101578785;0.99320346;2.0
0;0.007974169;0.99179107;2.0
0;0.011833147;0.98977655;2.0
0;0.008542117;1.0;2.0
0;0.013602054;0.9849881;2.0
0;0.009028272;0.99057865;2.0
0;0.003174881;0.98447144;2.0
0;0.013128137;0.99100876;2.0
0;0.0081862025;0.99281096;2.0
0;0.0040651164;0.9950351;2.0
0;0.013287794;0.9910919;2.0
0;0.012048268;0.9943154;2.0
0;0.011503057;0.9899994;2.0
0;0.0030569914;0.98948;2.0
0;0.010272063;0.9922377;2.0
0;0.008917287;0.9873072;2.0
0;0.0120897535;0.9886839;2.0
0;0.012420743;0.9883146;2.0
0;0.0076034907;0.9929181;2.0
0;0.011934926;0.99459356;2.0
0;0.01108466;0.98620564;2.0
0;0.012211966;0.9857057;2.0
0;0.002495219;0.9922762;2.0
0;0.005877361;0.9844095;2.0
0;0.014719536;0.9866893;2.0
0;0.005570287;0.98730665;2.0
0;0.0089194765;0.9885855;2.0
0;0.006152269;0.9910841;2.0
0;0.0054534078;0.98967326;2.0
0;0.0059621856;0.9954353;2.0
0;0.002967676;0.990753;2.0
0;0.017800497;0.9935359;2.0
0;0.0100770965;0.9905141;2.0
0;0.0077260956;0.9813319;2.0
0;0.011071131;0.9906959;2.0
0;0.009344664;0.9852179;2.0
0;0.010164896;0.984462;2.0
0;0.014831699;0.98962575;2.0
0;0.0103929285;0.98987174;2.0
0;0.013473105;0.9858931;2.0
0;0.013892792;0.98272526;2.0
0;0.00707338;0.9878587;2.0
0;0.009822174;0.99329984;2.0
0;0.011799577;0.9878863;2.0
0;0.0072460044;0.9925124;2.0
0;0.007324766;0.9817907;2.0
0;0.0149721;0.98861134;2.0
0;0.0076377345;0.9917265;2.0
0;0.0093855895;0.9917657;2.0
0;0.009970771;0.9852277;2.0
0;0.014101232;0.98725516;2.0
0;0.00950797;0.98417336;2.0
0;0.016425006;0.9866897;2.0
0;0.007224447;0.9853442;2.0
0;0.01008664;0.9864237;2.0
0;0.005736848;0.9840717;2.0
0;0.014434354;0.99746567;2.0
0;0.0072123213;0.98794556;2.0
0;0.0033265096;0.9913215;2.0
0;0.0040715723;0.99389505;2.0
0;0.011799914;0.9828058;2.0
0;0.0044516823;0.9885323;2.0
0;0.01745261;0.99004424;2.0
0;0.009282857;0.99216336;2.0
0;0.013477035;0.98349524;2.0
0;0.0059731887;0.98833835;2.0
0;0.011108687;0.99209094;2.0
0;0.008602128;0.9929561;2.0
0;0.014301196;0.99089086;2.0
0;0.010013043;0.9898163;2.0
0;0.012009982;0.9978909;2.0
0;0.0107296435;0.9892024;2.0
0;0.008342602;0.9902898;2.0
0;0.010394837;0.98847353;2.0
0;0.007477068;0.9796374;2.0
0;0.007109701;0.9864194;2.0
0;0.011535335;0.98141193;2.0
0;0.009664427;0.9912916;2.0
0;0.012104182;0.987641;2.0
0;0.00796676;0.9924027;2.0
0;0.01460681;0.98374426;2.0
0;0.013307105;0.98987913;2.0
0;0.00362623;0.98452777;2.0
0;0.014966093;0.9862411;2.0
0;0.018223329;0.9877896;2.0
0;0.014055592;0.9879398;2.0
0;0.0017800217;0.9899186;2.0
0;0.016952533;0.9849342;2.0
0;0.006593513;0.9900109;2.0
0;0.009619909;0.9863934;2.0
0;0.01908123;0.9951123;2.0
0;0.009721687;0.9859727;2.0
0;0.011906968;0.99070895;2.0
0;0.017344546;0.9847315;2.0
0;0.013634333;0.9936004;2.0
0;0.016134549;0.9886688;2.0
0;0.0069449362;0.98977035;2.0
0;0.012666908;0.9930009;2.0
0;0.009565287;0.992294;2.0
0;0.013435605;0.98186404;2.0
0;0.017493142;0.98952043;2.0
0;0.012551264;0.98344964;2.0
0;0.01336038;0.9902536;2.0
0;0.013173385;0.98739934;2.0
0;0.011750344;0.9841726;2.0
0;0.014318486;0.9860699;2.0
0;0.0134694;0.9852064;2.0
0;0.014213901;0.99717915;2.0
0;0.005476256;0.9842049;2.0
0;0.0062566292;0.9953184;2.0
0;0.004507371;0.9906132;2.0
0;0.0038201865;0.98370373;2.0
0;0.011006965;0.9900733;2.0
0;0.014151981;0.9864104;2.0
0;0.0015838757;0.98457336;2.0
0;0.013900876;0.9842021;2.0
0;0.01456538;0.983866;2.0
0;0.003936841;0.99601126;2.0
0;0.009263882;0.98684275;2.0
0;0.006433632;0.9949153;2.0
0;0.01690476;0.98882174;2.0
0;0.006047122;0.99251306;2.0
0;0.0064129173;0.98686844;2.0
0;0.0076083746;0.9892844;2.0
0;0.010611754;0.989247;2.0
0;0.011805022;0.98709255;2.0
0;0.013586841;0.9867197;2.0
0;0.0058180233;0.9897393;2.0
0;0.009762724;0.98944396;2.0
0;0.012200458;0.9954567;2.0
0;0.011388759;0.98594105;2.0
0;0.008572151;0.9825984;2.0
0;0.006481293;0.99084973;2.0
0;0.009062628;0.9910213;2.0
0;0.0074550617;0.9872241;2.0
0;0.014989054;0.9867802;2.0
0;0.015159545;0.9940475;2.0
0;0.013553102;0.9938331;2.0
0;0.00803564;0.98774594;2.0
0;0.007260488;0.9823394;2.0
0;0.014808177;0.9906603;2.0
0;0.011183856;0.9851113;2.0
0;0.006847088;0.9930561;2.0
0;0.0055005634;0.9948976;2.0
0;0.009976947;0.9880313;2.0
0;0.003964573;0.9938853;2.0
0;0.005293583;0.9902124;2.0
0;0.0052117337;0.99002075;2.0
0;0.0030993193;0.98925656;2.0
0;0.011523041;0.98881173;2.0
0;0.008988413;0.9852958;2.0
0;0.012530661;0.99249077;2.0
0;0.015873788;0.9858512;2.0
0;0.010256177;0.99080163;2.0
0;0.009617888;0.9902239;2.0
0;0.011097796;0.9949372;2.0
0;0.015502211;0.9906341;2.0
0;0.012669098;0.9890755;2.0
0;0.01193195;0.99540216;2.0
0;0.0096133975;0.9855345;2.0
0;0.014664745;0.98807925;2.0
0;0.018034762;0.99399865;2.0
0;0.006783259;0.99387556;2.0
0;0.009181865;0.9841996;2.0
0;0.0070825303;0.9921978;2.0
0;0.0145749245;0.9870028;2.0
0;0.010527884;0.99108434;2.0
0;0.0062456825;0.99708533;2.0
0;0.014943133;0.98701763;2.0
0;0.0064993133;0.9870136;2.0
0;0.0073728757;0.99936086;2.0
0;0.005637933;0.98205894;2.0
0;0.012427816;0.9892625;2.0
0;0.0056869416;0.98998;2.0
0;0.010863645;0.998959;2.0
0;0.008892305;0.9821678;2.0
0;0.012963485;0.99104005;2.0
0;0.011734962;0.98770833;2.0
0;0.009505276;0.99395686;2.0
0;0.012002852;0.98674655;2.0
0;0.015275862;0.9901749;2.0
0;0.011856894;0.99093366;2.0
0;0.014030498;0.9893818;2.0
0;0.0115870945;0.9826255;2.0
0;0.006114207;0.98924935;2.0
0;0.011649407;0.98922414;2.0
0;0.007894622;0.98940974;2.0
0;0.014478984;0.9869094;2.0
0;0.01256715;0.9847117;2.0
0;0.009806512;0.9858162;2.0
0;0.004972025;0.9904604;2.0
0;0.007891254;0.99393237;2.0
0;0.007984836;0.98463184;2.0
0;0.0058485623;0.9866951;2.0
0;0.0054110796;0.982151;2.0
0;0.016372629;0.9898201;2.0
0;0.009636582;0.99120754;2.0
0;0.010820643;0.9871967;2.0
0;0.015824499;0.9936689;2.0
0;0.011771845;0.988079;2.0
0;0.013993841;0.9890303;2.0
0;0.012653996;0.9870184;2.0
0;0.013149862;0.99152166;2.0
0;0.0078090676;0.98615146;2.0
0;0.013905535;0.989331;2.0
0;0.01404807;0.9890851;2.0
0;0.009900992;0.9854567;2.0
0;0.016725287;0.9800074;2.0
0;0.014005012;0.9906602;2.0
0;0.008640414;0.9907843;2.0
0;0.015724517;0.9890518;2.0
0;0.0;0.9863211;2.0
0;0.010045154;0.9891294;2.0
0;0.012138257;0.9884929;2.0
0;0.018659014;0.99516577;2.0
0;0.0041202437;0.99236995;2.0
0;0.004362816;0.98927367;2.0
0;0.007219507;0.99328935;2.0
0;0.011483913;0.98555773;2.0
0;0.009326981;0.98677754;2.0
0;0.012268721;0.99005586;2.0
0;0.01060047;0.9835583;2.0
0;0.0062723476;0.9822911;2.0
0;0.007964626;0.99238074;2.0
0;0.014614894;0.9887893;2.0
0;0.0046043773;0.9910376;2.0
0;0.0048354412;0.9853219;2.0
0;0.007812548;0.9877802;2.0
0;0.007173081;0.99048245;2.0
0;0.013120053;0.9919503;2.0
0;0.010700396;0.988803;2.0
0;0.01051385;0.9880469;2.0
0;0.0048884354;0.98659045;2.0
0;0.012320256;0.9860564;2.0
0;0.010425769;0.9963335;2.0
0;0.007402629;0.9853408;2.0
0;0.008912235;0.99210143;2.0
0;0.009488209;0.9870967;2.0
0;0.008427147;0.9903428;2.0
0;0.009643711;0.9846646;2.0
0;0.009148631;0.9924452;2.0
0;0.013824192;0.9859163;2.0
0;0.0111153675;0.9960127;2.0
0;0.005269163;0.98657787;2.0
0;0.009848391;0.9866392;2.0
0;0.0051842825;0.99023515;2.0
0;0.00936959;0.988908;2.0
0;0.0103366785;0.9905413;2.0
0;0.009651122;0.9865516;2.0
0;0.0036162937;0.98615193;2.0
0;0.013674134;0.98950076;2.0
0;0.009914633;0.9871135;2.0
0;0.014676141;0.98784035;2.0
0;0.007891759;0.989902;2.0
0;0.012268834;0.99651116;2.0
0;0.015307075;0.9853819;2.0
0;0.0083525395;0.99047416;2.0
0;0.0161053;0.98743004;2.0
0;0.009916318;0.99420726;2.0
0;0.011296132;0.9871674;2.0
0;0.0038350632;0.98645216;2.0
0;0.0015982471;0.9893395;2.0
0;0.0073282463;0.9873672;2.0
0;0.019603984;0.98624897;2.0
0;0.00721597;0.9933654;2.0
0;0.019822193;0.99038064;2.0
0;0.013960831;0.9868683;2.0
0;0.0071755513;0.9924062;2.0
0;0.016513536;0.98825246;2.0
0;0.015856497;0.9829389;2.0
0;0.008155719;0.9878905;2.0
0;0.009647417;0.99089515;2.0
0;0.013684969;0.99072474;2.0
0;0.012461724;0.98710954;2.0
0;0.010572289;0.99379426;2.0
0;0.009596444;0.9928212;2.0
0;0.005215327;0.98341674;2.0
0;0.00895838;0.9883933;2.0
0;0.0073638377;0.99225575;2.0
0;0.014289575;0.99252546;2.0
0;0.017505437;0.99096215;2.0
0;0.01016091;0.98917794;2.0
0;0.00996381;0.9936607;2.0
0;0.012225663;0.9879201;2.0
0;0.009231715;0.98710674;2.0
0;0.0072216964;0.98914564;2.0
0;0.011110652;0.99359334;2.0
0;0.006968795;0.99158955;2.0
0;0.010131999;0.991871;2.0
0;0.010296932;0.98490584;2.0
0;0.005508591;0.9867424;2.0
0;0.008007796;0.9881217;2.0
0;0.013828177;0.98492795;2.0
0;0.012538352;0.98894304;2.0
0;0.0049255425;0.9908153;2.0
0;0.016186476;0.99006444;2.0
0;0.009539968;0.987608;2.0
0;7.266495E-4;0.9911751;2.0
0;0.012381559;0.9835359;2.0
0;0.008046138;0.995968;2.0
