DY
755
2

0;0.3630583;0.9307082;1.0
0;0.3589404;0.9201868;1.0
0;0.36269584;0.9273033;1.0
0;0.3527681;0.93746066;1.0
0;0.3575772;0.9191625;1.0
0;0.36471695;0.9238863;1.0
0;0.36818105;0.9204294;1.0
0;0.36000273;0.9348314;1.0
0;0.35943353;0.92570364;1.0
0;0.3564322;0.93053;1.0
0;0.35689107;0.93028116;1.0
0;0.3617821;0.93095094;1.0
0;0.3688011;0.93048173;1.0
0;0.3672057;0.92838603;1.0
0;0.36435243;0.9184934;1.0
0;0.37108263;0.9238931;1.0
0;0.36100507;0.92880034;1.0
0;0.3588172;0.93770224;1.0
0;0.3474449;0.92564917;1.0
0;0.364777;0.9230732;1.0
0;0.35289797;0.9278942;1.0
0;0.3597041;0.92581445;1.0
0;0.35803568;0.91361856;1.0
0;0.364945;0.93778026;1.0
0;0.36712003;0.92470706;1.0
0;0.35281616;0.92922384;1.0
0;0.36347032;0.92689747;1.0
0;0.37159118;0.9431553;1.0
0;0.3551212;0.9315362;1.0
0;0.366139;0.92278785;1.0
0;0.35801098;0.9293542;1.0
0;0.3653811;0.9147025;1.0
0;0.3660279;0.93035847;1.0
0;0.37349972;0.9249257;1.0
0;0.35926682;0.91814405;1.0
0;0.3565981;0.9230018;1.0
0;0.3597961;0.9182954;1.0
0;0.3632866;0.9198916;1.0
0;0.35909155;0.9233159;1.0
0;0.36854407;0.9288603;1.0
0;0.36113808;0.9253661;1.0
0;0.37724337;0.93306637;1.0
0;0.35822237;0.92973137;1.0
0;0.36203772;0.9314453;1.0
0;0.36343414;0.9307839;1.0
0;0.35809296;0.93320185;1.0
0;0.36173388;0.9239575;1.0
0;0.36248547;0.93129617;1.0
0;0.3483378;0.9198046;1.0
0;0.36173752;0.92233795;1.0
0;0.36431977;0.9126894;1.0
0;0.3477215;0.92994505;1.0
0;0.34310067;0.9253459;1.0
0;0.34842542;0.9175568;1.0
0;0.3694998;0.9322524;1.0
0;0.36087358;0.9231224;1.0
0;0.35182208;0.9123758;1.0
0;0.36889514;0.92850065;1.0
0;0.36038506;0.92322576;1.0
0;0.36820453;0.9184451;1.0
0;0.35621676;0.9326483;1.0
0;0.34849864;0.9226685;1.0
0;0.35304984;0.9210024;1.0
0;0.35916203;0.92073333;1.0
0;0.3447548;0.92480016;1.0
0;0.35451522;0.9194992;1.0
0;0.3675855;0.9296622;1.0
0;0.3655545;0.90721804;1.0
0;0.34080553;0.92036235;1.0
0;0.35895646;0.9202086;1.0
0;0.3605794;0.92680657;1.0
0;0.3529047;0.9314568;1.0
0;0.3497183;0.9194017;1.0
0;0.35079077;0.9297214;1.0
0;0.3616528;0.9331315;1.0
0;0.3597151;0.93265307;1.0
0;0.36578566;0.9325249;1.0
0;0.3632332;0.9280976;1.0
0;0.36080378;0.9253954;1.0
0;0.3512266;0.9212432;1.0
0;0.36199808;0.9231066;1.0
0;0.3629496;0.9279852;1.0
0;0.36195093;0.933881;1.0
0;0.36295182;0.9149293;1.0
0;0.36281225;0.92845964;1.0
0;0.35253182;0.9251033;1.0
0;0.3514851;0.9319599;1.0
0;0.3633721;0.93119484;1.0
0;0.35880357;0.92077136;1.0
0;0.3506365;0.9343926;1.0
0;0.36369485;0.92097527;1.0
0;0.3691764;0.91727304;1.0
0;0.3696093;0.92230725;1.0
0;0.3521349;0.9202549;1.0
0;0.36329404;0.9237361;1.0
0;0.37102067;0.93268794;1.0
0;0.35098612;0.92236394;1.0
0;0.37150705;0.9262632;1.0
0;0.3588191;0.932377;1.0
0;0.35881588;0.9249072;1.0
0;0.35800877;0.917278;1.0
0;0.35717714;0.92535853;1.0
0;0.35732108;0.92751825;1.0
0;0.3633007;0.9340189;1.0
0;0.35136864;0.93606424;1.0
0;0.36335805;0.9250348;1.0
0;0.36762026;0.92745596;1.0
0;0.3753694;0.9155817;1.0
0;0.3660509;0.93962425;1.0
0;0.36379677;0.9331837;1.0
0;0.36138853;0.9150074;1.0
0;0.36515138;0.92189246;1.0
0;0.35998768;0.932277;1.0
0;0.36886793;0.9211746;1.0
0;0.3657648;0.93627316;1.0
0;0.3624729;0.9368021;1.0
0;0.36110744;0.9241017;1.0
0;0.36253104;0.9191223;1.0
0;0.3642999;0.92455924;1.0
0;0.36117238;0.932537;1.0
0;0.35484713;0.92017055;1.0
0;0.3732232;0.9222122;1.0
0;0.358412;0.924515;1.0
0;0.36308947;0.92921174;1.0
0;0.35457835;0.9238274;1.0
0;0.36089897;0.9092292;1.0
0;0.3606594;0.92672104;1.0
0;0.36384043;0.92727226;1.0
0;0.35830277;0.9232637;1.0
0;0.35594195;0.9178869;1.0
0;0.35245335;0.9317076;1.0
0;0.36601833;0.92576766;1.0
0;0.35510853;0.92378956;1.0
0;0.3588709;0.9263549;1.0
0;0.36407667;0.92669165;1.0
0;0.35947493;0.92742866;1.0
0;0.35962713;0.9356675;1.0
0;0.3664209;0.92100596;1.0
0;0.3674509;0.9286181;1.0
0;0.36426368;0.92461383;1.0
0;0.3627547;0.9238354;1.0
0;0.36174893;0.9179155;1.0
0;0.368123;0.9288218;1.0
0;0.34851408;0.9399529;1.0
0;0.35473287;0.92150736;1.0
0;0.37042612;0.9253112;1.0
0;0.35009098;0.9380166;1.0
0;0.36468706;0.9252593;1.0
0;0.3547671;0.92466444;1.0
0;0.36399022;0.91808313;1.0
0;0.36596867;0.9318681;1.0
0;0.19235718;0.7908813;2.0
0;0.3018733;0.58633196;2.0
0;0.11439193;0.6051115;2.0
0;0.24782637;0.6566863;2.0
0;0.17329942;0.6150685;2.0
0;0.1400208;0.5957833;2.0
0;0.1255303;0.46601096;2.0
0;0.25246522;0.5587436;2.0
0;0.3179662;0.5266424;2.0
0;0.18622036;0.5748496;2.0
0;0.17090881;0.46290064;2.0
0;0.22456168;0.5238682;2.0
0;0.20265634;0.5891731;2.0
0;0.23023349;0.6167404;2.0
0;0.17439078;0.64439905;2.0
0;0.23629898;0.66109014;2.0
0;0.28374153;0.6158218;2.0
0;0.2054819;0.5331866;2.0
0;0.10198887;0.69851744;2.0
0;0.19817151;0.64010656;2.0
0;0.2502663;0.6694063;2.0
0;0.16949506;0.51616234;2.0
0;0.122419335;0.61533344;2.0
0;0.23680528;0.5840873;2.0
0;0.20705055;0.64906937;2.0
0;0.21501096;0.5876322;2.0
0;0.2576081;0.58653843;2.0
0;0.21266256;0.59380025;2.0
0;0.24748275;0.45377862;2.0
0;0.18285981;0.62875104;2.0
0;0.22732094;0.613302;2.0
0;0.22972904;0.6503514;2.0
0;0.19467813;0.6640846;2.0
0;0.17657873;0.6147534;2.0
0;0.22789162;0.66135657;2.0
0;0.2072614;0.61390656;2.0
0;0.19374223;0.602596;2.0
0;0.2877213;0.52332795;2.0
0;0.17790936;0.6506999;2.0
0;0.14631958;0.54321903;2.0
0;0.0866245;0.6653648;2.0
0;0.2668597;0.53196955;2.0
0;0.30488527;0.5881667;2.0
0;0.27737206;0.63220197;2.0
0;0.17713809;0.6581585;2.0
0;0.26755962;0.5864213;2.0
0;0.27373686;0.51649916;2.0
0;0.26143992;0.6277171;2.0
0;0.19413497;0.578533;2.0
0;0.19518936;0.65311337;2.0
0;0.22095202;0.6068234;2.0
0;0.236117;0.5772502;2.0
0;0.19311406;0.64084667;2.0
0;0.23690407;0.65612906;2.0
0;0.31871128;0.66114813;2.0
0;0.25894094;0.6642002;2.0
0;0.25185978;0.61137074;2.0
0;0.14632359;0.5923782;2.0
0;0.06025595;0.65178764;2.0
0;0.24061412;0.66164076;2.0
0;0.14596562;0.6607748;2.0
0;0.1258565;0.7019051;2.0
0;0.17507075;0.5196088;2.0
0;0.17763844;0.50133866;2.0
0;0.21890216;0.54666626;2.0
0;0.31402805;0.6538372;2.0
0;0.18016638;0.6303347;2.0
0;0.1995137;0.59457177;2.0
0;0.16520616;0.5809348;2.0
0;0.10446714;0.51488763;2.0
0;0.10536536;0.68779767;2.0
0;0.27528852;0.69639504;2.0
0;0.21235977;0.66804713;2.0
0;0.19285266;0.6071134;2.0
0;0.14235179;0.7318474;2.0
0;0.23144116;0.48616046;2.0
0;0.1974111;0.6219262;2.0
0;0.23288308;0.6528221;2.0
0;0.36044744;0.69089013;2.0
0;0.18068638;0.5389716;2.0
0;0.26709872;0.6858008;2.0
0;0.27388072;0.54577905;2.0
0;0.09407546;0.55340016;2.0
0;0.1547985;0.56969094;2.0
0;0.19428779;0.608437;2.0
0;0.29549402;0.8187211;2.0
0;0.23675787;0.5556452;2.0
0;0.2080178;0.60469246;2.0
0;0.18433581;0.6561643;2.0
0;0.25279573;0.7114628;2.0
0;0.12434965;0.63593453;2.0
0;0.0;0.7222841;2.0
0;0.14901619;0.69896156;2.0
0;0.076985486;0.6058047;2.0
0;0.12674302;0.66792244;2.0
0;0.14286123;0.6729151;2.0
0;0.21038787;0.64359826;2.0
0;0.26447973;0.60219634;2.0
0;0.21670304;0.75278926;2.0
0;0.103346996;0.5914312;2.0
0;0.19006346;0.6441333;2.0
0;0.13296045;0.5592329;2.0
0;0.21272528;0.69007504;2.0
0;0.22615333;0.61865175;2.0
0;0.20467943;0.57235664;2.0
0;0.33488676;0.6206108;2.0
0;0.1791723;0.5754898;2.0
0;0.22623888;0.59963304;2.0
0;0.23262586;0.6559365;2.0
0;0.30484366;0.70531553;2.0
0;0.35583377;0.58481187;2.0
0;0.23211291;0.4651422;2.0
0;0.19429202;0.65457267;2.0
0;0.2990657;0.5566601;2.0
0;0.1965127;0.63332117;2.0
0;0.057754733;0.6282722;2.0
0;0.21111731;0.5467691;2.0
0;0.21577266;0.73786;2.0
0;0.15243529;0.63778746;2.0
0;0.18094897;0.6105588;2.0
0;0.15424386;0.57936424;2.0
0;0.2773142;0.5834428;2.0
0;0.16751297;0.6645726;2.0
0;0.2998005;0.53681827;2.0
0;0.28546068;0.55061007;2.0
0;0.21604693;0.6520412;2.0
0;0.23010704;0.6091233;2.0
0;0.24284239;0.65137726;2.0
0;0.24493638;0.6730335;2.0
0;0.21818133;0.6300619;2.0
0;0.2921727;0.5168276;2.0
0;0.1428648;0.5634;2.0
0;0.18548383;0.65923274;2.0
0;0.29607546;0.46684608;2.0
0;0.27446878;0.53424495;2.0
0;0.2191359;0.65839714;2.0
0;0.17601226;0.64167464;2.0
0;0.14914043;0.5861584;2.0
0;0.2005908;0.566058;2.0
0;0.06464976;0.70345235;2.0
0;0.11208424;0.5927862;2.0
0;0.18499297;0.6600492;2.0
0;0.1247882;0.71442574;2.0
0;0.28229824;0.6072902;2.0
0;0.35231307;0.61393005;2.0
0;0.38946018;0.6962834;2.0
0;0.26327565;0.64214665;2.0
0;0.25693402;0.65015316;2.0
0;0.17831421;0.6170999;2.0
0;0.13089618;0.58808535;2.0
0;0.19363284;0.51987743;2.0
0;0.5531489;0.87762564;3.0
0;0.51548105;0.84824353;3.0
0;0.62734085;0.85570025;3.0
0;0.57775766;0.9503775;3.0
0;0.52913874;0.9163276;3.0
0;0.61767566;0.8183462;3.0
0;0.4956422;0.8586862;3.0
0;0.5242618;0.8779334;3.0
0;0.54474956;0.8740535;3.0
0;0.646267;0.9495309;3.0
0;0.570439;0.8802667;3.0
0;0.4993728;0.91018337;3.0
0;0.47960907;0.827081;3.0
0;0.628167;0.84728277;3.0
0;0.56857055;0.88940966;3.0
0;0.50558496;0.88279074;3.0
0;0.5476418;0.96298957;3.0
0;0.63264483;0.8937596;3.0
0;0.49486205;0.76045114;3.0
0;0.60137576;0.8732232;3.0
0;0.44197273;0.9046418;3.0
0;0.6357593;0.93248856;3.0
0;0.53351057;0.8739315;3.0
0;0.6165498;0.81607527;3.0
0;0.64199203;0.8853014;3.0
0;0.5727918;0.78119;3.0
0;0.65557253;0.84195405;3.0
0;0.5701792;0.891011;3.0
0;0.5244787;0.8840386;3.0
0;0.58981955;0.828759;3.0
0;0.6017775;0.91942763;3.0
0;0.5564465;0.8098083;3.0
0;0.60122746;0.85357946;3.0
0;0.6487768;0.8935089;3.0
0;0.5060515;0.8564683;3.0
0;0.60881555;0.9942899;3.0
0;0.6135959;0.89360166;3.0
0;0.58509713;0.86313796;3.0
0;0.38523322;0.8628282;3.0
0;0.60668993;0.9123278;3.0
0;0.65395963;0.931054;3.0
0;0.54651976;0.8509511;3.0
0;0.5700174;0.8188234;3.0
0;0.5833208;0.8561728;3.0
0;0.68550456;0.813601;3.0
0;0.5729959;0.8982487;3.0
0;0.56979173;0.8109128;3.0
0;0.6329255;0.80863935;3.0
0;0.49376;0.8047494;3.0
0;0.52381253;0.90056026;3.0
0;0.6176463;0.8816236;3.0
0;0.5488117;0.90603095;3.0
0;0.5842154;0.93337613;3.0
0;0.5279851;0.9345193;3.0
0;0.5441123;0.83687145;3.0
0;0.6030795;0.9554533;3.0
0;0.5574082;0.82427454;3.0
0;0.54788417;0.8524924;3.0
0;0.562722;0.92234945;3.0
0;0.5830114;0.8076267;3.0
0;0.47333792;0.8760689;3.0
0;0.49721643;0.8708577;3.0
0;0.46227548;0.8970373;3.0
0;0.54971147;0.8878036;3.0
0;0.5398866;0.7806502;3.0
0;0.4269234;0.9315348;3.0
0;0.486711;0.77307385;3.0
0;0.64759517;0.99474716;3.0
0;0.5290341;0.8224118;3.0
0;0.6636851;0.8923031;3.0
0;0.5756041;0.8361351;3.0
0;0.5569021;0.8895839;3.0
0;0.5359755;0.99184793;3.0
0;0.5885072;0.8570581;3.0
0;0.6294714;0.8838075;3.0
0;0.5553884;0.9072351;3.0
0;0.57186544;0.88550097;3.0
0;0.6859757;0.9096629;3.0
0;0.6118366;0.89410686;3.0
0;0.55933523;0.8594075;3.0
0;0.66852605;0.8179794;3.0
0;0.56456083;0.9556706;3.0
0;0.5744665;0.9096788;3.0
0;0.5599022;0.8318029;3.0
0;0.5541712;0.86231154;3.0
0;0.56356025;0.96716154;3.0
0;0.414284;0.841017;3.0
0;0.5636969;0.80097055;3.0
0;0.64152026;0.8776132;3.0
0;0.5740647;0.8344229;3.0
0;0.5286579;0.8234148;3.0
0;0.6491968;0.93947536;3.0
0;0.49936345;0.754642;3.0
0;0.52258676;0.9343971;3.0
0;0.5911002;0.93671703;3.0
0;0.5716299;0.93174845;3.0
0;0.58068806;0.9538874;3.0
0;0.5767815;0.8713536;3.0
0;0.5853079;0.92409545;3.0
0;0.55332744;0.78541166;3.0
0;0.54735667;0.93304914;3.0
0;0.6073583;0.876666;3.0
0;0.6156216;0.92852086;3.0
0;0.4835692;0.8698145;3.0
0;0.57272595;0.86743826;3.0
0;0.5696493;0.85486156;3.0
0;0.5787035;0.8002601;3.0
0;0.61199296;0.8795037;3.0
0;0.5878996;0.9205233;3.0
0;0.56268936;0.83807963;3.0
0;0.6780705;0.90422136;3.0
0;0.594122;1.0;3.0
0;0.5989179;0.8953532;3.0
0;0.56587064;0.9132726;3.0
0;0.58043814;0.8535958;3.0
0;0.47842517;0.8278527;3.0
0;0.5992792;0.87907845;3.0
0;0.6023839;0.82287323;3.0
0;0.52503675;0.8041109;3.0
0;0.745525;0.9377408;3.0
0;0.4969455;0.86577266;3.0
0;0.618348;0.8046718;3.0
0;0.5766732;0.85061693;3.0
0;0.58474064;0.8819446;3.0
0;0.5281439;0.8356749;3.0
0;0.65304524;0.918147;3.0
0;0.5732696;0.80071384;3.0
0;0.6188314;0.804051;3.0
0;0.5006078;0.86805934;3.0
0;0.6185017;0.79652923;3.0
0;0.5253883;0.9196162;3.0
0;0.57124585;0.9147923;3.0
0;0.6074236;0.851841;3.0
0;0.6918196;0.79582447;3.0
0;0.5274593;0.8934979;3.0
0;0.49187267;0.8140454;3.0
0;0.6257963;0.87458175;3.0
0;0.52199554;0.87425065;3.0
0;0.5387449;0.90412563;3.0
0;0.56903666;0.9277257;3.0
0;0.63970673;0.8896849;3.0
0;0.61819;0.8629339;3.0
0;0.51381946;0.9347399;3.0
0;0.61478746;0.92598474;3.0
0;0.6715855;0.8577134;3.0
0;0.57414657;0.8684213;3.0
0;0.59446764;0.81194085;3.0
0;0.46297082;0.80445874;3.0
0;0.43821684;0.7332582;3.0
0;0.6138979;0.84772927;3.0
0;0.5127591;0.9522206;3.0
0;0.45406544;0.40118238;4.0
0;0.51074183;0.31351793;4.0
0;0.47063208;0.32581592;4.0
0;0.46334866;0.32022715;4.0
0;0.5254689;0.3762627;4.0
0;0.47427368;0.30689862;4.0
0;0.45991787;0.3958117;4.0
0;0.47992003;0.30857557;4.0
0;0.5018048;0.3319412;4.0
0;0.51537234;0.33307663;4.0
0;0.49764866;0.34527785;4.0
0;0.5714948;0.3184564;4.0
0;0.51959467;0.32049987;4.0
0;0.48936412;0.3646967;4.0
0;0.46480376;0.27972266;4.0
0;0.5237916;0.27969015;4.0
0;0.4805616;0.30169365;4.0
0;0.5163654;0.3316106;4.0
0;0.4739633;0.31151396;4.0
0;0.49590576;0.30355102;4.0
0;0.49949387;0.29821607;4.0
0;0.43254396;0.35519585;4.0
0;0.54222935;0.34888935;4.0
0;0.46360508;0.29387552;4.0
0;0.5347783;0.28233603;4.0
0;0.46249062;0.369204;4.0
0;0.47422192;0.3865147;4.0
0;0.50316983;0.2679476;4.0
0;0.48106354;0.29028136;4.0
0;0.5049283;0.30797437;4.0
0;0.4834173;0.3196458;4.0
0;0.39087677;0.3651491;4.0
0;0.44673657;0.3390363;4.0
0;0.49149176;0.29356146;4.0
0;0.47068265;0.32988903;4.0
0;0.4553688;0.33205315;4.0
0;0.479991;0.3016357;4.0
0;0.51631606;0.36153573;4.0
0;0.48873177;0.354544;4.0
0;0.4899971;0.33058158;4.0
0;0.5175452;0.35404843;4.0
0;0.47912928;0.33872864;4.0
0;0.5038068;0.36465415;4.0
0;0.48390475;0.28077674;4.0
0;0.49989858;0.26837924;4.0
0;0.461915;0.3244489;4.0
0;0.47088715;0.26214236;4.0
0;0.46470934;0.3027118;4.0
0;0.47095212;0.31071708;4.0
0;0.4845212;0.34215957;4.0
0;0.44762036;0.39151776;4.0
0;0.48658705;0.30331203;4.0
0;0.49100912;0.29010284;4.0
0;0.5100536;0.2970282;4.0
0;0.50944823;0.29046872;4.0
0;0.4975313;0.37901092;4.0
0;0.5224415;0.3218446;4.0
0;0.49774104;0.3264399;4.0
0;0.49128574;0.30911148;4.0
0;0.48548433;0.32387987;4.0
0;0.46432778;0.2970152;4.0
0;0.5196933;0.3195291;4.0
0;0.53953165;0.30399674;4.0
0;0.50634736;0.30647877;4.0
0;0.4628022;0.42815876;4.0
0;0.46533537;0.29756263;4.0
0;0.49528491;0.2691797;4.0
0;0.4859629;0.3300269;4.0
0;0.48802197;0.31225476;4.0
0;0.4633458;0.33541945;4.0
0;0.42052796;0.29228213;4.0
0;0.44936448;0.3516504;4.0
0;0.5131526;0.3127544;4.0
0;0.44209588;0.36875254;4.0
0;0.41496834;0.3366586;4.0
0;0.51863456;0.32973787;4.0
0;0.4637778;0.3026235;4.0
0;0.5230593;0.26875618;4.0
0;0.5026258;0.302734;4.0
0;0.47975048;0.3122693;4.0
0;0.47327885;0.3465134;4.0
0;0.44523963;0.32052138;4.0
0;0.488754;0.31361902;4.0
0;0.5233268;0.29812393;4.0
0;0.52583474;0.35895163;4.0
0;0.47433352;0.28358683;4.0
0;0.5147829;0.36634532;4.0
0;0.47072133;0.3015643;4.0
0;0.5036075;0.3222258;4.0
0;0.45689288;0.29246712;4.0
0;0.53167737;0.35009935;4.0
0;0.49233288;0.35832217;4.0
0;0.5136198;0.31383908;4.0
0;0.4664421;0.32707003;4.0
0;0.5084819;0.35768652;4.0
0;0.47946656;0.352554;4.0
0;0.49410707;0.2968758;4.0
0;0.48884594;0.33575696;4.0
0;0.5329064;0.37310627;4.0
0;0.55392927;0.3373114;4.0
0;0.48066127;0.3641288;4.0
0;0.45983073;0.2948974;4.0
0;0.53082687;0.36107916;4.0
0;0.5418858;0.28424817;4.0
0;0.47576842;0.3231306;4.0
0;0.5396459;0.36006036;4.0
0;0.5432702;0.34861875;4.0
0;0.4847926;0.32207716;4.0
0;0.46935272;0.34757358;4.0
0;0.46788236;0.31741092;4.0
0;0.5069236;0.33802587;4.0
0;0.5099369;0.35662246;4.0
0;0.49983644;0.33431202;4.0
0;0.5366287;0.37835065;4.0
0;0.5091102;0.3120894;4.0
0;0.45340088;0.4124464;4.0
0;0.48486993;0.28472885;4.0
0;0.49369103;0.3530267;4.0
0;0.45110205;0.3143885;4.0
0;0.51811856;0.30094647;4.0
0;0.48223814;0.38780364;4.0
0;0.45687047;0.35552758;4.0
0;0.51758236;0.32850695;4.0
0;0.5307135;0.45883986;4.0
0;0.50430137;0.27806604;4.0
0;0.5163997;0.3278234;4.0
0;0.4880938;0.3418164;4.0
0;0.50032216;0.32369277;4.0
0;0.4815026;0.2735544;4.0
0;0.5105806;0.40678483;4.0
0;0.52370924;0.28233042;4.0
0;0.47789377;0.35138267;4.0
0;0.5007391;0.33732268;4.0
0;0.5026601;0.32839572;4.0
0;0.4679248;0.36496717;4.0
0;0.44049218;0.363873;4.0
0;0.5095987;0.34104568;4.0
0;0.48374626;0.3695586;4.0
0;0.4570493;0.36399657;4.0
0;0.48433304;0.3234044;4.0
0;0.47529048;0.30514875;4.0
0;0.48843548;0.3141406;4.0
0;0.5099469;0.30245522;4.0
0;0.50355023;0.30810884;4.0
0;0.44535413;0.32089943;4.0
0;0.46973312;0.37806752;4.0
0;0.44231334;0.33909163;4.0
0;0.5274087;0.30845284;4.0
0;0.50632614;0.39020354;4.0
0;0.4530317;0.34748313;4.0
0;0.53219306;0.31966132;4.0
0;0.7489355;0.23444225;5.0
0;0.9028934;0.1739785;5.0
0;0.8380655;0.11026718;5.0
0;0.88112676;0.18174836;5.0
0;0.8430181;0.21222682;5.0
0;0.87197065;0.16095114;5.0
0;0.846818;0.13750401;5.0
0;0.8456201;0.10817099;5.0
0;0.94709855;0.13735114;5.0
0;0.87017006;0.05341134;5.0
0;0.9306009;0.16636486;5.0
0;0.8679442;0.14630668;5.0
0;0.8104639;0.19912796;5.0
0;0.82310766;0.16960084;5.0
0;0.8836873;0.16181196;5.0
0;0.81604284;0.17976022;5.0
0;0.88446325;0.1835779;5.0
0;0.8979095;0.20684154;5.0
0;0.9453818;0.12790926;5.0
0;0.87521154;0.19330174;5.0
0;0.7486172;0.22578746;5.0
0;0.8648914;0.2149591;5.0
0;0.99544805;0.09553384;5.0
0;0.808095;0.17673519;5.0
0;0.8735373;0.16070268;5.0
0;0.9027038;0.16165541;5.0
0;0.8655681;0.034206048;5.0
0;0.82357085;0.11133946;5.0
0;0.857481;0.14444876;5.0
0;0.9453696;0.16127439;5.0
0;0.87093097;0.2679575;5.0
0;0.8050559;0.1509415;5.0
0;0.9192642;0.23913747;5.0
0;0.8014037;0.24589391;5.0
0;0.82053536;0.20569849;5.0
0;0.8635895;0.20151263;5.0
0;0.74982244;0.09630383;5.0
0;0.7769328;0.16173127;5.0
0;0.94306505;0.0;5.0
0;0.80179644;0.26173577;5.0
0;0.7944996;0.112326585;5.0
0;0.88900113;0.16684884;5.0
0;0.7754016;0.22592658;5.0
0;0.9697811;0.19259487;5.0
0;0.8060424;0.17111951;5.0
0;0.96095437;0.113898456;5.0
0;0.90636843;0.16415335;5.0
0;0.91646194;0.13891564;5.0
0;0.80856526;0.11273068;5.0
0;0.9298379;0.120127335;5.0
0;0.8413166;0.14066188;5.0
0;0.92787445;0.100329824;5.0
0;0.88822955;0.19530416;5.0
0;0.78294635;0.1278945;5.0
0;0.84050214;0.13246608;5.0
0;0.8792333;0.1857006;5.0
0;0.8742804;0.25222126;5.0
0;0.86914665;0.16403823;5.0
0;0.8870352;0.16244034;5.0
0;0.90435535;0.18437082;5.0
0;0.88442814;0.10372701;5.0
0;0.81671435;0.31251526;5.0
0;0.7811281;0.17018493;5.0
0;0.8861036;0.19342291;5.0
0;0.8671434;0.279744;5.0
0;0.89516044;0.14834228;5.0
0;0.9221142;0.21833952;5.0
0;0.85730696;0.06208677;5.0
0;0.837349;0.19383252;5.0
0;0.8179649;0.13052133;5.0
0;0.9228094;0.15669608;5.0
0;0.8326004;0.1480352;5.0
0;0.83340406;0.1062954;5.0
0;0.8981951;0.17075908;5.0
0;0.8020152;0.13700815;5.0
0;0.9438772;0.116158806;5.0
0;0.84682;0.22439004;5.0
0;0.8676044;0.28456828;5.0
0;0.8796618;0.21009108;5.0
0;0.89385426;0.13299948;5.0
0;0.78049445;0.12346585;5.0
0;0.8916351;0.18995355;5.0
0;0.8352952;0.25116473;5.0
0;0.8987646;0.17569041;5.0
0;0.8457147;0.20461357;5.0
0;0.85808975;0.25877857;5.0
0;0.7869493;0.3167292;5.0
0;0.7770916;0.033884127;5.0
0;0.8632532;0.2535166;5.0
0;0.81708086;0.119701296;5.0
0;0.8379249;0.23200403;5.0
0;0.8976163;0.16856319;5.0
0;0.8465124;0.20775607;5.0
0;0.89721304;0.21095547;5.0
0;0.859865;0.111649886;5.0
0;0.8862595;0.09359733;5.0
0;0.78850436;0.09522801;5.0
0;0.897617;0.20906995;5.0
0;0.84456486;0.24928698;5.0
0;0.80742604;0.19381844;5.0
0;0.8713978;0.08566574;5.0
0;0.8085629;0.17408635;5.0
0;1.0;0.17349136;5.0
0;0.9397798;0.14372867;5.0
0;0.8069774;0.16082193;5.0
0;0.6652857;0.19273438;5.0
0;0.91062915;0.22152081;5.0
0;0.85010284;0.14146616;5.0
0;0.945471;0.24763761;5.0
0;0.9225614;0.116577856;5.0
0;0.8406773;0.18315698;5.0
0;0.8258739;0.09350212;5.0
0;0.8353215;0.2356852;5.0
0;0.79774845;0.21109067;5.0
0;0.91555756;0.099976294;5.0
0;0.7870875;0.15895571;5.0
0;0.84350353;0.084795944;5.0
0;0.8112725;0.20326611;5.0
0;0.98961794;0.2053497;5.0
0;0.90015835;0.18757203;5.0
0;0.88161933;0.1484361;5.0
0;0.83419955;0.2803354;5.0
0;0.8884838;0.23639604;5.0
0;0.83884805;0.20098789;5.0
0;0.89218855;0.01599593;5.0
0;0.7259806;0.15089495;5.0
0;0.7944513;0.16740328;5.0
0;0.83932304;0.25664532;5.0
0;0.93052816;0.1263827;5.0
0;0.8667374;0.12994395;5.0
0;0.88069105;0.16451283;5.0
0;0.88062054;0.1691738;5.0
0;0.9147874;0.11830058;5.0
0;0.91301644;0.10990177;5.0
0;0.9195557;0.13131416;5.0
0;0.9080897;0.09843392;5.0
0;0.8466819;0.083197154;5.0
0;0.85969245;0.12732466;5.0
0;0.8042267;0.1096968;5.0
0;0.81630427;0.21596408;5.0
0;0.7848558;0.27833414;5.0
0;0.8176864;0.14029297;5.0
0;0.8553822;0.086218305;5.0
0;0.7939415;0.22495028;5.0
0;0.8103921;0.036917247;5.0
0;0.84820974;0.16394655;5.0
0;0.95907605;0.11460839;5.0
0;0.7933626;0.11797425;5.0
0;0.7775863;0.18052672;5.0
0;0.9245835;0.20816846;5.0
0;0.82345515;0.12844071;5.0
