DY
626
2

0;1.209832;0.78496194;1.0
0;1.127272;0.6932446;1.0
0;1.2612996;0.80895835;1.0
0;1.0078199;0.726019;1.0
0;1.3582848;0.70749354;1.0
0;1.2676983;0.74783605;1.0
0;1.0836995;0.6624911;1.0
0;0.8538349;0.7133204;1.0
0;0.98356616;0.70983315;1.0
0;1.012683;0.69614744;1.0
0;1.2454842;0.61608607;1.0
0;1.5884305;0.64378345;1.0
0;1.3947163;0.7579247;1.0
0;1.6225984;0.73355365;1.0
0;1.215378;0.7151994;1.0
0;0.9856509;0.66259205;1.0
0;1.8247732;0.7998747;1.0
0;0.5978731;0.67820686;1.0
0;0.8077551;0.85198134;1.0
0;0.982201;0.49448818;1.0
0;1.0542465;0.81732535;1.0
0;1.6141932;0.470156;1.0
0;1.3267425;0.71960616;1.0
0;0.93587416;0.64027804;1.0
0;0.6833387;0.69446784;1.0
0;1.0021144;0.56806505;1.0
0;1.3922848;0.7654096;1.0
0;0.91858184;0.79851997;1.0
0;1.4428449;0.69701093;1.0
0;0.9671129;0.80169606;1.0
0;1.2909973;0.7104541;1.0
0;1.6027365;0.7563856;1.0
0;0.8600677;0.7132309;1.0
0;0.6976139;0.7838766;1.0
0;1.2007804;0.7676548;1.0
0;1.1842991;0.6915619;1.0
0;0.8768079;0.7559382;1.0
0;1.0133443;0.80108404;1.0
0;1.0058961;0.57460487;1.0
0;1.3091282;0.6647185;1.0
0;0.9755978;0.65482116;1.0
0;1.4628416;0.7069597;1.0
0;1.3070738;0.8223986;1.0
0;1.039949;0.759353;1.0
0;0.8275154;0.5570318;1.0
0;1.3681874;0.7257836;1.0
0;1.5651929;0.7511217;1.0
0;0.7473027;0.647928;1.0
0;1.4410162;0.72954226;1.0
0;1.492525;0.9827873;1.0
0;0.9564011;0.7596732;1.0
0;0.9625617;0.69688755;1.0
0;1.3643222;0.84151804;1.0
0;0.9009854;0.7489071;1.0
0;1.451142;0.8135184;1.0
0;1.182969;0.7120717;1.0
0;1.0179505;0.6514361;1.0
0;1.2996203;0.7320576;1.0
0;1.436871;0.784916;1.0
0;1.2653576;0.79695654;1.0
0;1.4195457;0.68831015;1.0
0;0.9925473;0.7466141;1.0
0;0.8333633;0.82482654;1.0
0;1.3917793;0.65652496;1.0
0;1.2677491;0.7131277;1.0
0;1.2509099;0.71068144;1.0
0;0.9317187;0.67028576;1.0
0;1.3005128;0.7114389;1.0
0;0.9426447;0.65412265;1.0
0;1.265277;0.82820594;1.0
0;1.494443;0.8107316;1.0
0;1.262818;0.69481856;1.0
0;0.9998945;0.67822677;1.0
0;0.9823924;0.7030233;1.0
0;1.1220806;0.70919055;1.0
0;1.239097;0.7789206;1.0
0;0.6081359;0.8082354;1.0
0;1.0891925;0.69439554;1.0
0;0.71472055;0.8197367;1.0
0;1.2093256;0.59911686;1.0
0;1.3593702;0.6871193;1.0
0;1.6079876;0.53655005;1.0
0;0.87168413;0.82715136;1.0
0;1.419516;0.8033749;1.0
0;1.370916;0.709517;1.0
0;1.2121994;0.7262443;1.0
0;1.2357272;0.8165356;1.0
0;1.1590174;0.67433316;1.0
0;1.5371904;0.68678105;1.0
0;1.1933496;0.6930765;1.0
0;1.4437194;0.6321093;1.0
0;0.95254856;0.79740894;1.0
0;1.5458564;0.75286;1.0
0;0.9577844;0.72634596;1.0
0;1.1801126;0.8283285;1.0
0;1.2904078;0.82658273;1.0
0;1.1545489;0.7979072;1.0
0;1.1928552;0.7117242;1.0
0;0.99829566;0.77805036;1.0
0;1.2511612;0.6721468;1.0
0;1.0638103;0.8984213;1.0
0;1.1983696;0.75662065;1.0
0;1.1751133;0.85242194;1.0
0;0.8234515;0.78012;1.0
0;0.9419436;0.89810055;1.0
0;1.428926;0.6638432;1.0
0;1.3924215;0.7445181;1.0
0;1.5060494;0.61230147;1.0
0;1.3930886;0.60557675;1.0
0;1.0821968;0.6701174;1.0
0;1.4665716;1.0;1.0
0;1.2667782;0.7265344;1.0
0;0.89899325;0.67103904;1.0
0;0.79144996;0.800928;1.0
0;0.72679317;0.9043327;1.0
0;1.356641;0.6502082;1.0
0;0.72860813;0.84963626;1.0
0;1.0638609;0.7318673;1.0
0;0.9315934;0.86357063;1.0
0;1.0021583;0.74071085;1.0
0;1.2266918;0.8424727;1.0
0;1.6009452;0.7893804;1.0
0;1.3711315;0.67722756;1.0
0;1.3739551;0.64697313;1.0
0;1.0780644;0.9145201;1.0
0;1.1642455;0.6653674;1.0
0;1.1308485;0.8254911;1.0
0;0.38189626;0.66812396;1.0
0;1.5543982;0.8618949;1.0
0;1.3020083;0.71361464;1.0
0;1.2697344;0.7787734;1.0
0;0.7582902;0.6263255;1.0
0;1.4944906;0.7733085;1.0
0;0.95504236;0.55316454;1.0
0;1.0254968;0.69789374;1.0
0;1.5614328;0.75215226;1.0
0;1.3794037;0.61509585;1.0
0;1.4348627;0.53534496;1.0
0;0.83770376;0.635345;1.0
0;1.294003;0.7679389;1.0
0;1.1817995;0.6876363;1.0
0;0.9993953;0.7054018;1.0
0;1.2915576;0.67815685;1.0
0;0.7962002;0.7627453;1.0
0;0.52431023;0.77446437;1.0
0;1.1647385;0.7540511;1.0
0;1.2138703;0.7325178;1.0
0;1.2212503;0.6527228;1.0
0;0.607747;0.6216631;1.0
0;1.0876939;0.60607773;1.0
0;1.1672648;0.5251488;1.0
0;1.176584;0.79734117;1.0
0;1.247884;0.72027606;1.0
0;0.8939891;0.6920829;1.0
0;1.5813665;0.6866427;1.0
0;1.046302;0.81982636;1.0
0;1.0405434;0.8127678;1.0
0;0.8409577;0.6600968;1.0
0;1.3636413;0.5507085;1.0
0;1.0188115;0.6257095;1.0
0;0.91657925;0.8165546;1.0
0;1.1462582;0.69057703;1.0
0;0.8690695;0.816274;1.0
0;1.045421;0.76624024;1.0
0;1.3243726;0.88964844;1.0
0;1.2285489;0.673497;1.0
0;1.3837498;0.6682819;1.0
0;0.89309853;0.82543504;1.0
0;1.2010108;0.7646036;1.0
0;1.4965905;0.8265915;1.0
0;1.0903846;0.7309834;1.0
0;0.89764047;0.69950247;1.0
0;1.2739621;0.7172147;1.0
0;1.336343;0.78306156;1.0
0;1.4510305;0.6825991;1.0
0;1.5530484;0.80789995;1.0
0;1.0554332;0.65686214;1.0
0;1.209947;0.8056463;1.0
0;1.1158193;0.6112674;1.0
0;1.134838;0.77907926;1.0
0;1.0182846;0.8614772;1.0
0;1.2701869;0.55098546;1.0
0;0.9721084;0.7143474;1.0
0;1.5118219;0.80751455;1.0
0;1.3740008;0.7457555;1.0
0;0.9525999;0.65879786;1.0
0;1.389136;0.76977986;1.0
0;1.1583871;0.70422196;1.0
0;1.5199012;0.6986053;1.0
0;1.1197397;0.62322956;1.0
0;0.68822664;0.72328407;1.0
0;0.94785744;0.58039904;1.0
0;1.5412053;0.67886794;1.0
0;1.048736;0.65187323;1.0
0;0.97027797;0.86420846;1.0
0;1.0062252;0.5534297;1.0
0;1.1779472;0.7232764;1.0
0;1.0636563;0.7339754;1.0
0;1.197626;0.66047883;1.0
0;1.0910987;0.7675525;1.0
0;1.1435889;0.7572629;1.0
0;1.6077118;0.74168545;1.0
0;0.9749377;0.7712457;1.0
0;1.2166753;0.6100449;1.0
0;1.002054;0.7366877;1.0
0;1.0759841;0.6692619;1.0
0;1.1097543;0.73253006;1.0
0;1.2084849;0.6393017;1.0
0;1.4627038;0.5765042;1.0
0;0.9846937;0.8104596;1.0
0;0.996128;0.8178428;1.0
0;1.2956513;0.8033834;1.0
0;0.92667985;0.6986239;1.0
0;0.69630367;0.80027056;1.0
0;0.7271929;0.6115411;1.0
0;0.8835528;0.6405118;1.0
0;0.9539539;0.7438878;1.0
0;0.8409387;0.7489298;1.0
0;0.7825963;0.7608791;1.0
0;1.3324404;0.7142041;1.0
0;0.8684949;0.7395765;1.0
0;1.0645878;0.70201564;1.0
0;1.4270113;0.7409459;1.0
0;1.2071464;0.7374497;1.0
0;1.3142152;0.8586133;1.0
0;0.81472826;0.8094384;1.0
0;1.0568894;0.92639804;1.0
0;1.2253594;0.69393027;1.0
0;1.8966416;0.8651516;1.0
0;1.3258697;0.7619631;1.0
0;1.8644774;0.5792551;1.0
0;1.0193259;0.5503302;1.0
0;0.8727472;0.8026169;1.0
0;2.0;0.86366373;1.0
0;1.2406347;0.5890284;1.0
0;1.1855954;0.64433396;1.0
0;1.2612326;0.67641956;1.0
0;0.86470497;0.6901076;1.0
0;1.1078836;0.67693156;1.0
0;1.2813836;0.8383781;1.0
0;1.4623283;0.7550242;1.0
0;1.2969152;0.61173207;1.0
0;1.1624788;0.84898764;1.0
0;0.83325034;0.6192945;1.0
0;1.143825;0.5919182;1.0
0;0.88699436;0.66041094;1.0
0;0.49711314;0.7684734;1.0
0;0.9375497;0.788752;1.0
0;1.1779804;0.6339027;1.0
0;1.3228427;0.6533927;1.0
0;1.1783996;0.631299;1.0
0;1.3445919;0.67726827;1.0
0;0.63340336;0.7337907;1.0
0;1.33361;0.7638032;1.0
0;1.1777081;0.76834524;1.0
0;1.3189272;0.7616519;1.0
0;1.5084772;0.6263515;1.0
0;1.3205549;0.7352352;1.0
0;1.6711545;0.73729527;1.0
0;1.0016953;0.7125379;1.0
0;0.8755695;0.72143734;1.0
0;1.3324008;0.6578763;1.0
0;1.1589497;0.71316946;1.0
0;1.1211636;0.7028596;1.0
0;0.47896963;0.69119227;1.0
0;1.3471148;0.7358931;1.0
0;1.321101;0.7487147;1.0
0;1.0454166;0.5792517;1.0
0;0.900816;0.7389795;1.0
0;0.64484644;0.651731;1.0
0;1.5138279;0.7987437;1.0
0;1.0476273;0.61361533;1.0
0;1.0677177;0.6712272;1.0
0;0.9436908;0.66029245;1.0
0;0.94018954;0.54505223;1.0
0;0.8133515;0.73822343;1.0
0;1.3800435;0.7288015;1.0
0;1.2495307;0.65827394;1.0
0;1.5156025;0.705981;1.0
0;1.7360104;0.7348986;1.0
0;1.0303979;0.8681803;1.0
0;1.3384283;0.68033576;1.0
0;1.5820426;0.85090697;1.0
0;1.4059819;0.5787556;1.0
0;0.6989964;0.7986692;1.0
0;1.2349024;0.77680075;1.0
0;1.4171839;0.5701052;1.0
0;1.1343735;0.7715984;1.0
0;1.3782061;0.72846836;1.0
0;1.3535508;0.5775423;1.0
0;1.4382312;0.74182713;1.0
0;1.1109546;0.7451311;1.0
0;1.2120566;0.7756995;1.0
0;0.7901337;0.74609166;1.0
0;1.6463432;0.78448594;1.0
0;0.86061794;0.7082983;1.0
0;1.1814389;0.6603462;1.0
0;0.81505734;0.80244213;1.0
0;1.0962396;0.96712965;1.0
0;0.3935665;0.7421221;1.0
0;1.311498;0.6933459;1.0
0;1.0819733;0.7653308;1.0
0;1.371486;0.7561491;1.0
0;1.0902255;0.6454147;1.0
0;0.76855373;0.809092;1.0
0;1.5661947;0.7365984;1.0
0;1.2297128;0.74816024;1.0
0;0.99756277;0.66433454;1.0
0;1.63944;0.7341416;1.0
0;1.1244404;0.81889474;1.0
0;1.1483607;0.80271006;1.0
0;1.4040875;0.72727233;1.0
0;1.0928146;0.7500268;1.0
0;0.8437201;0.15363672;2.0
0;0.8131052;0.3511759;2.0
0;0.5179256;0.28166488;2.0
0;0.70967907;0.08307618;2.0
0;0.45095345;0.17887792;2.0
0;0.75927347;0.21089286;2.0
0;1.1135176;0.20928125;2.0
0;0.68008673;0.21704985;2.0
0;1.3223075;0.2503011;2.0
0;1.0255034;0.1486264;2.0
0;1.343591;0.18191282;2.0
0;0.7222187;0.34583718;2.0
0;0.91357917;0.27788967;2.0
0;0.39560574;0.097722724;2.0
0;0.75690234;0.15325363;2.0
0;0.6582989;0.3034151;2.0
0;0.70642024;0.31684092;2.0
0;1.0363339;0.22871225;2.0
0;0.49806345;0.19326788;2.0
0;0.36786503;0.23852365;2.0
0;0.9601611;0.29863444;2.0
0;0.6923705;0.29756287;2.0
0;0.8573992;0.29760578;2.0
0;1.0500245;0.18551864;2.0
0;0.9527404;0.11859389;2.0
0;0.6298384;0.0950723;2.0
0;0.30176976;0.15990227;2.0
0;0.0;0.25091496;2.0
0;1.0081339;0.2666785;2.0
0;1.104226;0.1592015;2.0
0;0.974912;0.14499909;2.0
0;0.95843005;0.14277275;2.0
0;0.95878726;0.052451562;2.0
0;1.3032256;0.21777304;2.0
0;0.6826504;0.26690453;2.0
0;0.46429962;0.39738226;2.0
0;0.8293178;0.14534235;2.0
0;0.70309126;0.13764156;2.0
0;0.8978588;0.10512167;2.0
0;0.84642875;0.2885048;2.0
0;0.76070905;0.27456188;2.0
0;0.7731867;0.13353403;2.0
0;0.7240878;0.21756491;2.0
0;1.0413975;0.30657688;2.0
0;0.38174415;0.15233073;2.0
0;0.7362098;0.36343867;2.0
0;0.9355472;0.16338094;2.0
0;0.94324535;0.17478572;2.0
0;0.9315165;0.13093415;2.0
0;0.72704947;0.15244292;2.0
0;1.0762129;0.21688184;2.0
0;0.59532994;0.15749127;2.0
0;0.58852386;0.23240732;2.0
0;0.6118831;0.26231834;2.0
0;0.59132546;0.33243325;2.0
0;0.25710446;0.22548123;2.0
0;0.7367901;0.3159687;2.0
0;1.0149401;0.18278317;2.0
0;0.9241312;0.20847164;2.0
0;1.1904254;0.2709694;2.0
0;0.37189054;0.052316546;2.0
0;1.1272161;0.21863195;2.0
0;1.0814428;0.18357623;2.0
0;1.0831293;0.2591116;2.0
0;1.1071284;0.28381285;2.0
0;0.62961555;0.28847498;2.0
0;1.2362274;0.16543216;2.0
0;0.74925405;0.1267329;2.0
0;1.0369546;0.13844673;2.0
0;0.7575069;0.2131167;2.0
0;0.928477;0.2615273;2.0
0;0.89479893;0.14143218;2.0
0;1.1013731;0.27864242;2.0
0;0.8138612;0.38875967;2.0
0;0.8355584;0.18340142;2.0
0;0.52704674;0.23398386;2.0
0;1.0933523;0.215086;2.0
0;0.7291506;0.12970275;2.0
0;1.2535963;0.19993687;2.0
0;0.2586946;0.20417614;2.0
0;0.5503272;0.17727466;2.0
0;0.7570021;0.1909641;2.0
0;1.12742;0.30427125;2.0
0;0.99449325;0.20204584;2.0
0;0.69231653;0.19917779;2.0
0;0.93066716;0.27658844;2.0
0;1.276196;0.33757317;2.0
0;0.65454686;0.21670713;2.0
0;0.7447734;0.06910256;2.0
0;0.84600556;0.12428688;2.0
0;0.83526075;0.30292317;2.0
0;0.9438459;0.20041944;2.0
0;1.0180931;0.11732666;2.0
0;0.48133716;0.34846693;2.0
0;0.8273361;0.34381992;2.0
0;0.49418172;0.2771701;2.0
0;0.92490727;0.13798098;2.0
0;0.61142725;0.22906221;2.0
0;0.98808306;0.17226799;2.0
0;0.86618716;0.28691587;2.0
0;0.7894447;0.16745962;2.0
0;0.6642789;0.32989037;2.0
0;1.122795;0.2936475;2.0
0;0.8512934;0.30971494;2.0
0;0.5948411;0.3524383;2.0
0;0.93480426;0.17817117;2.0
0;0.7290928;0.066152446;2.0
0;0.9997921;0.35953438;2.0
0;0.7112029;0.286936;2.0
0;0.1985771;0.22333582;2.0
0;0.29408768;0.12553306;2.0
0;0.62411755;0.23599343;2.0
0;0.63960356;0.1181314;2.0
0;0.90181947;0.18968758;2.0
0;1.5999584;0.1654671;2.0
0;1.2256142;0.36471716;2.0
0;1.2217736;0.10948729;2.0
0;1.1960301;0.12735592;2.0
0;0.6880819;0.2714063;2.0
0;0.5322086;0.14314416;2.0
0;1.2901459;0.28987312;2.0
0;0.80838156;0.16636983;2.0
0;1.3146565;0.3259183;2.0
0;0.9309565;0.25476268;2.0
0;0.8989336;0.3040704;2.0
0;1.2524784;0.14901064;2.0
0;0.9194025;0.17388713;2.0
0;1.439572;0.21795116;2.0
0;0.67789745;0.3395224;2.0
0;0.60098827;0.24921463;2.0
0;1.0974698;0.29442313;2.0
0;0.8057059;0.19977255;2.0
0;0.9568937;0.15886365;2.0
0;0.721735;0.20058371;2.0
0;0.95038444;0.16994749;2.0
0;0.8753479;0.23892947;2.0
0;0.9824115;0.35697165;2.0
0;0.9270737;0.34179828;2.0
0;0.30855128;0.32028788;2.0
0;0.85409296;0.22850369;2.0
0;1.0366406;0.24447836;2.0
0;0.7664348;0.19203095;2.0
0;1.107877;0.15333754;2.0
0;0.8641828;0.19023247;2.0
0;1.1751626;0.17343396;2.0
0;0.53422415;0.12436074;2.0
0;0.7265362;0.27067208;2.0
0;1.1224562;0.22259897;2.0
0;0.7495628;0.17644064;2.0
0;1.0768763;0.3267423;2.0
0;0.6981271;0.22980432;2.0
0;0.21717274;0.21607184;2.0
0;0.39116818;0.14994341;2.0
0;1.1768062;0.12859681;2.0
0;0.5678952;0.21344073;2.0
0;0.5319962;0.26785827;2.0
0;0.5685817;0.3074259;2.0
0;0.75371796;0.24412301;2.0
0;0.54338175;0.17413893;2.0
0;0.6902201;0.21178135;2.0
0;1.142938;0.22177106;2.0
0;0.7556206;0.29735932;2.0
0;0.5121647;0.2872009;2.0
0;0.75382453;0.25340614;2.0
0;0.44172102;0.22621064;2.0
0;1.3619605;0.44778317;2.0
0;0.83290523;0.14006816;2.0
0;1.0388149;0.1890215;2.0
0;0.9146197;0.2615077;2.0
0;1.3123103;0.12833068;2.0
0;0.78783417;0.19773419;2.0
0;0.23465192;0.15722972;2.0
0;0.6239502;0.3059939;2.0
0;0.9197615;0.11901615;2.0
0;1.0057224;0.34908575;2.0
0;0.6639843;0.267053;2.0
0;0.97260123;0.26876017;2.0
0;0.9532512;0.210892;2.0
0;1.3175259;0.24820626;2.0
0;0.63494515;0.23097752;2.0
0;0.45215806;0.21419002;2.0
0;0.7280077;0.09314566;2.0
0;1.3341699;0.17336443;2.0
0;0.68118894;0.269462;2.0
0;1.0302944;0.18995887;2.0
0;0.7711207;0.2019162;2.0
0;1.0777769;0.1930286;2.0
0;1.1448319;0.22441797;2.0
0;1.0798341;0.22691804;2.0
0;0.9765351;0.24335256;2.0
0;1.0760958;0.23026933;2.0
0;0.5824905;0.1404495;2.0
0;0.88355654;0.30047408;2.0
0;0.8587879;0.19602604;2.0
0;0.6033359;0.23928344;2.0
0;1.3540404;0.2894353;2.0
0;0.61077964;0.30006686;2.0
0;0.7758029;0.24205416;2.0
0;0.66012925;0.14274792;2.0
0;1.0166273;0.29331124;2.0
0;0.75276095;0.26927915;2.0
0;0.8818832;0.31556332;2.0
0;0.9622047;0.22499539;2.0
0;0.6176749;0.2127314;2.0
0;0.92545676;0.42586893;2.0
0;0.88120526;0.16150238;2.0
0;0.90990895;0.19640638;2.0
0;1.3953944;0.1802594;2.0
0;0.52146256;0.22420658;2.0
0;0.8973721;0.24011756;2.0
0;0.6369452;0.34241775;2.0
0;0.63356936;0.16030611;2.0
0;0.9066974;0.20522422;2.0
0;0.65014595;0.122627564;2.0
0;0.7020859;0.25102526;2.0
0;1.0801369;0.23524936;2.0
0;0.8271908;0.2699575;2.0
0;0.73384345;0.24097595;2.0
0;1.0970364;0.24713646;2.0
0;1.0064417;0.27917343;2.0
0;0.8172948;0.21080427;2.0
0;1.0134877;0.2614574;2.0
0;0.5675562;0.20756727;2.0
0;1.0632284;0.39657256;2.0
0;1.0833641;0.093729645;2.0
0;0.3830798;0.23027605;2.0
0;0.6196414;0.22604479;2.0
0;0.3530242;0.14911215;2.0
0;0.9520636;0.25216424;2.0
0;0.5478506;0.43069297;2.0
0;0.9931346;0.19592836;2.0
0;1.1537161;0.3694063;2.0
0;1.0350221;0.09091574;2.0
0;0.6163626;0.38107708;2.0
0;0.9490918;0.30468807;2.0
0;0.8367153;0.3091938;2.0
0;1.1883464;0.20781477;2.0
0;0.6989859;0.31434926;2.0
0;0.91199;0.22642519;2.0
0;0.2616705;0.24988285;2.0
0;0.608293;0.18787351;2.0
0;1.1780542;0.22763117;2.0
0;0.76983577;0.18912263;2.0
0;0.73843133;0.10970112;2.0
0;0.7197975;0.1107987;2.0
0;0.6891742;0.24568506;2.0
0;0.40808815;0.28209132;2.0
0;0.83229285;0.22443086;2.0
0;0.41886193;0.18827774;2.0
0;0.5039327;0.27842218;2.0
0;0.8970704;0.33746842;2.0
0;0.91849095;0.34565526;2.0
0;1.5075117;0.16759601;2.0
0;0.32855928;0.23695223;2.0
0;0.978661;0.14839679;2.0
0;0.870344;0.25551918;2.0
0;0.6835517;0.2545621;2.0
0;0.6251737;0.32806075;2.0
0;0.6640418;0.17815664;2.0
0;0.46055752;0.3601964;2.0
0;1.0664426;0.22686954;2.0
0;0.73565376;0.24924679;2.0
0;0.75229263;0.3185629;2.0
0;0.6284563;0.17100006;2.0
0;0.80874056;0.31146544;2.0
0;0.88718545;0.18974327;2.0
0;1.0083005;0.275971;2.0
0;0.7909884;0.0;2.0
0;0.89183;0.17523287;2.0
0;0.65581995;0.28524756;2.0
0;1.0556641;0.19544657;2.0
0;0.9941314;0.37615848;2.0
0;0.9366351;0.2735694;2.0
0;0.28543088;0.22072707;2.0
0;0.16731207;0.1352738;2.0
0;0.80612195;0.22580141;2.0
0;0.7164666;0.1496028;2.0
0;0.7171517;0.049869213;2.0
0;0.87427557;0.1615873;2.0
0;0.39152458;0.14730859;2.0
0;0.6947419;0.22162285;2.0
0;0.3740008;0.24252725;2.0
0;0.9309696;0.29583797;2.0
0;0.88692087;0.21871966;2.0
0;1.4165559;0.24539241;2.0
0;0.85477227;0.14913805;2.0
0;0.9364018;0.07752681;2.0
0;0.99654186;0.25427896;2.0
0;1.1429443;0.2746625;2.0
0;0.6370986;0.33921713;2.0
0;0.9004162;0.15214285;2.0
0;0.8392926;0.20506746;2.0
0;1.0874587;0.09526432;2.0
0;0.7268239;0.32452786;2.0
0;0.68118924;0.31585243;2.0
0;0.91507536;0.13446529;2.0
0;1.2037554;0.23562907;2.0
0;1.1155154;0.26111466;2.0
0;0.37368456;0.26882824;2.0
0;0.7272324;0.2808748;2.0
0;0.88862044;0.2963775;2.0
0;0.7733714;0.27647382;2.0
0;0.62413967;0.17721821;2.0
0;0.58264387;0.21968311;2.0
0;0.9719014;0.2641781;2.0
0;1.0282075;0.31921783;2.0
0;0.8773502;0.30741122;2.0
0;0.536454;0.27631593;2.0
0;1.2372035;0.2518552;2.0
0;0.94343156;0.2666917;2.0
0;0.8748167;0.20591292;2.0
0;0.7218656;0.31476045;2.0
0;1.0665501;0.2146588;2.0
