DY
1005
2

0;2.2073631;0.9709661;1.0
0;2.1704707;0.9658051;1.0
0;2.1988683;0.9847953;1.0
0;2.1871748;0.976651;1.0
0;2.155202;0.97209585;1.0
0;2.2478282;0.96323514;1.0
0;2.2061806;0.9827704;1.0
0;2.2131517;0.9699512;1.0
0;2.2196217;0.9952822;1.0
0;2.1764886;0.9706378;1.0
0;2.1978858;0.97969574;1.0
0;2.2029505;0.99888813;1.0
0;2.1666303;0.9940069;1.0
0;2.1772738;0.9763821;1.0
0;2.221923;0.9694784;1.0
0;2.1946359;0.9736331;1.0
0;2.2057297;0.9551895;1.0
0;2.1910462;0.97477394;1.0
0;2.2193284;0.9649811;1.0
0;2.2346325;0.9858751;1.0
0;2.2052488;0.97775424;1.0
0;2.245811;0.9795887;1.0
0;2.2277954;0.9704636;1.0
0;2.212047;0.9800009;1.0
0;2.186597;0.9761375;1.0
0;2.2002196;0.9708405;1.0
0;2.2123384;0.9488245;1.0
0;2.2297418;0.9690124;1.0
0;2.1602726;0.969163;1.0
0;2.1691248;0.97251487;1.0
0;2.2379856;0.96571326;1.0
0;2.2003703;0.9704367;1.0
0;2.2528899;0.9837865;1.0
0;2.2282553;0.9681467;1.0
0;2.1675208;0.9892391;1.0
0;2.2086973;0.9606199;1.0
0;2.2254403;0.97673166;1.0
0;2.2377145;0.9552319;1.0
0;2.1941025;0.9805179;1.0
0;2.206296;0.97629666;1.0
0;2.238377;0.96643966;1.0
0;2.20966;0.9610546;1.0
0;2.1893988;0.98309624;1.0
0;2.1942692;0.9766721;1.0
0;2.223819;0.9698442;1.0
0;2.1776655;0.9702798;1.0
0;2.2106447;0.96797407;1.0
0;2.2149239;0.9727731;1.0
0;2.1972132;0.9909168;1.0
0;2.2007136;0.9615787;1.0
0;2.2008867;0.98598295;1.0
0;2.1824944;0.9716608;1.0
0;2.2273533;0.9905148;1.0
0;2.2171814;0.9731763;1.0
0;2.211878;0.9816754;1.0
0;2.2047834;0.9766031;1.0
0;2.2138598;0.9740141;1.0
0;2.1794062;0.9823999;1.0
0;2.2013817;0.9736717;1.0
0;2.1887007;0.9665947;1.0
0;2.1622193;0.9700851;1.0
0;2.1946247;0.9685151;1.0
0;2.1857648;0.97482103;1.0
0;2.2276487;0.9782826;1.0
0;2.2078044;0.9865449;1.0
0;2.1812062;0.9912853;1.0
0;2.2134047;0.97206694;1.0
0;2.1890154;0.9805288;1.0
0;2.2036617;0.9727499;1.0
0;2.2016358;0.97594446;1.0
0;2.1731668;0.969956;1.0
0;2.2502792;0.97742337;1.0
0;2.2003655;0.9878719;1.0
0;2.21222;0.9847996;1.0
0;2.1793268;0.95955676;1.0
0;2.1971822;0.97625417;1.0
0;2.1906207;0.9837009;1.0
0;2.1932206;0.9870506;1.0
0;2.1957762;0.9696307;1.0
0;2.175927;0.99091774;1.0
0;2.249414;0.99170905;1.0
0;2.2018614;0.9613434;1.0
0;2.222604;0.9774099;1.0
0;2.1661465;0.9859811;1.0
0;2.2069392;0.9594993;1.0
0;2.2185109;0.98875535;1.0
0;2.2288735;0.9604282;1.0
0;2.1671422;0.9846317;1.0
0;2.2234557;0.97661346;1.0
0;2.2054024;0.97926855;1.0
0;2.1905186;0.975282;1.0
0;2.1745448;0.96568424;1.0
0;2.185731;0.987091;1.0
0;2.2334065;0.9843699;1.0
0;2.1698477;0.9726199;1.0
0;2.2123933;0.9598576;1.0
0;2.170047;0.96889806;1.0
0;2.2694728;0.9932481;1.0
0;2.1770031;0.9810144;1.0
0;2.2302375;0.98119146;1.0
0;2.172779;0.9752794;1.0
0;2.2064188;0.97055984;1.0
0;2.2038283;0.98975384;1.0
0;2.215514;0.9716203;1.0
0;2.2080104;0.9915647;1.0
0;2.2309372;0.98276055;1.0
0;2.2309797;0.97801816;1.0
0;2.2138226;0.9844257;1.0
0;2.2151515;0.98910093;1.0
0;2.2241912;0.97573674;1.0
0;2.199205;0.97682;1.0
0;2.1874754;0.983431;1.0
0;2.2191656;0.9857807;1.0
0;2.1952095;0.9736669;1.0
0;2.2034721;0.9729823;1.0
0;2.2293043;0.9712438;1.0
0;2.1734385;0.9621111;1.0
0;2.1690207;0.9668254;1.0
0;2.22292;0.98531425;1.0
0;2.1989703;0.97546196;1.0
0;2.171544;0.97294885;1.0
0;2.2066488;0.9841216;1.0
0;2.168001;0.99249023;1.0
0;2.2347515;0.9852936;1.0
0;2.22616;0.9842424;1.0
0;2.2088118;0.97317445;1.0
0;2.2461479;0.9635206;1.0
0;2.214563;0.9804312;1.0
0;2.1773152;0.98856175;1.0
0;2.2044156;0.96989906;1.0
0;2.1791692;0.96781635;1.0
0;2.2312694;0.9699608;1.0
0;2.1860683;0.9878332;1.0
0;2.1733048;0.96609354;1.0
0;2.1635966;0.9823239;1.0
0;2.174583;0.9753386;1.0
0;2.2097127;0.9868242;1.0
0;2.246582;0.9643068;1.0
0;2.205463;0.9698488;1.0
0;2.2002454;0.965347;1.0
0;2.205927;0.97178966;1.0
0;2.2007012;0.9716807;1.0
0;2.2021604;0.9766728;1.0
0;2.201818;0.9726328;1.0
0;2.210463;0.97657514;1.0
0;2.2527196;0.9827843;1.0
0;2.231152;0.97289485;1.0
0;2.2042558;0.9894651;1.0
0;2.1892474;0.9706322;1.0
0;2.2057652;0.9750811;1.0
0;2.2057896;0.97091067;1.0
0;2.187591;0.98645043;1.0
0;2.1720817;0.97825265;1.0
0;2.1900764;0.97434294;1.0
0;2.1757786;0.98403805;1.0
0;2.2023249;0.96176606;1.0
0;2.218079;0.9872611;1.0
0;2.1520975;0.98380816;1.0
0;2.2266066;0.97531104;1.0
0;2.2427225;0.984455;1.0
0;2.195599;0.9712522;1.0
0;2.2259512;0.9828273;1.0
0;2.2424896;0.98460937;1.0
0;2.1767263;0.9754943;1.0
0;2.2021978;0.97934675;1.0
0;2.2062056;0.9846661;1.0
0;2.2267203;1.0;1.0
0;2.2063093;0.9755921;1.0
0;2.2150226;0.97260857;1.0
0;2.1896381;0.98436123;1.0
0;2.1952584;0.9717992;1.0
0;2.2426877;0.98046505;1.0
0;2.1875758;0.9690815;1.0
0;2.2432077;0.9701243;1.0
0;2.2513885;0.9683887;1.0
0;2.179411;0.97348285;1.0
0;2.1935663;0.95235306;1.0
0;2.1936488;0.9714101;1.0
0;2.1918116;0.96052194;1.0
0;2.1891565;0.96368504;1.0
0;2.2087078;0.9663322;1.0
0;2.1402817;0.96773237;1.0
0;2.210995;0.9701467;1.0
0;2.2030709;0.9689655;1.0
0;2.1981473;0.9850054;1.0
0;2.2295449;0.9745005;1.0
0;2.1849265;0.9831517;1.0
0;2.1778138;0.9693797;1.0
0;2.2345111;0.9672466;1.0
0;2.1926973;0.9975036;1.0
0;2.1942494;0.9808144;1.0
0;2.2679584;0.97487456;1.0
0;2.2163553;0.9957719;1.0
0;2.2131367;0.9827821;1.0
0;2.210772;0.99412966;1.0
0;2.2230234;0.9683354;1.0
0;2.1794133;0.9739565;1.0
0;2.1786518;0.98983425;1.0
0;2.2274916;0.97271156;1.0
0;2.218346;0.9893919;1.0
0;2.2176874;0.95781785;1.0
0;0.9077237;0.48711386;2.0
0;0.9081754;0.4821068;2.0
0;0.9127722;0.4903437;2.0
0;0.93115157;0.48749623;2.0
0;0.92412126;0.48714054;2.0
0;0.91593087;0.49004504;2.0
0;0.9362898;0.48854962;2.0
0;0.90477973;0.48620299;2.0
0;0.9297833;0.49043754;2.0
0;0.9038145;0.49150118;2.0
0;0.90572155;0.49434203;2.0
0;0.931347;0.4903026;2.0
0;0.90041316;0.48384565;2.0
0;0.92295456;0.4894702;2.0
0;0.9245129;0.4850584;2.0
0;0.9153695;0.48726675;2.0
0;0.92456424;0.49383873;2.0
0;0.9289566;0.49589923;2.0
0;0.90798867;0.48745912;2.0
0;0.91245437;0.4914022;2.0
0;0.9138291;0.49540114;2.0
0;0.92577744;0.48838636;2.0
0;0.9253061;0.48378107;2.0
0;0.92118984;0.49289033;2.0
0;0.92630064;0.48454255;2.0
0;0.913527;0.49109706;2.0
0;0.9133909;0.49506015;2.0
0;0.9276093;0.49337792;2.0
0;0.9120065;0.48798227;2.0
0;0.91871357;0.4935466;2.0
0;0.91945636;0.48985606;2.0
0;0.91695476;0.4850936;2.0
0;0.92858076;0.48847204;2.0
0;0.9231676;0.48269618;2.0
0;0.92199004;0.48939878;2.0
0;0.9210111;0.49415296;2.0
0;0.9109646;0.49191353;2.0
0;0.9179236;0.48944137;2.0
0;0.9294025;0.4965478;2.0
0;0.9187739;0.49082863;2.0
0;0.92142725;0.48347133;2.0
0;0.91701233;0.48982134;2.0
0;0.91384196;0.4895473;2.0
0;0.8993982;0.49225315;2.0
0;0.91655385;0.49180782;2.0
0;0.91595995;0.48197764;2.0
0;0.9154271;0.48800534;2.0
0;0.92611873;0.49159852;2.0
0;0.9163468;0.48912218;2.0
0;0.9158871;0.49159384;2.0
0;0.93265074;0.4935628;2.0
0;0.92500484;0.4960884;2.0
0;0.9279215;0.49107957;2.0
0;0.92114925;0.4831147;2.0
0;0.9115716;0.4932293;2.0
0;0.9204789;0.4932421;2.0
0;0.92103785;0.48692822;2.0
0;0.9399811;0.4889923;2.0
0;0.92978114;0.4886529;2.0
0;0.9111433;0.49076456;2.0
0;0.91429013;0.49268737;2.0
0;0.912279;0.48893347;2.0
0;0.90056014;0.48887095;2.0
0;0.90778136;0.49142665;2.0
0;0.9348487;0.49003026;2.0
0;0.91243935;0.49660322;2.0
0;0.93092597;0.48824078;2.0
0;0.9284648;0.4959087;2.0
0;0.918097;0.4908427;2.0
0;0.93065983;0.49004713;2.0
0;0.9260771;0.4962045;2.0
0;0.9375092;0.48785305;2.0
0;0.91732323;0.49305624;2.0
0;0.919955;0.49292633;2.0
0;0.9277265;0.49258512;2.0
0;0.9169842;0.49032646;2.0
0;0.9158145;0.48706296;2.0
0;0.92028666;0.4940331;2.0
0;0.91919756;0.48656416;2.0
0;0.9248673;0.49104545;2.0
0;0.9138429;0.48958632;2.0
0;0.92381626;0.4904069;2.0
0;0.9244404;0.49603614;2.0
0;0.9364116;0.49049154;2.0
0;0.92424333;0.4947152;2.0
0;0.9181149;0.49215016;2.0
0;0.93104494;0.49434906;2.0
0;0.9140438;0.4906323;2.0
0;0.91709566;0.4919497;2.0
0;0.9268196;0.4888345;2.0
0;0.9050238;0.48542443;2.0
0;0.9197037;0.4829645;2.0
0;0.91480327;0.49367452;2.0
0;0.9193919;0.4870191;2.0
0;0.9181031;0.48625854;2.0
0;0.91258174;0.4896866;2.0
0;0.9220725;0.49059364;2.0
0;0.9053806;0.49008036;2.0
0;0.9288521;0.48906597;2.0
0;0.907763;0.49120787;2.0
0;0.9146949;0.4900322;2.0
0;0.92351687;0.48836032;2.0
0;0.9328221;0.4873254;2.0
0;0.9421488;0.49353078;2.0
0;0.9187926;0.49035972;2.0
0;0.92982745;0.4899282;2.0
0;0.9181491;0.48563197;2.0
0;0.93108755;0.48801833;2.0
0;0.9165609;0.48729974;2.0
0;0.91270745;0.49349093;2.0
0;0.91701686;0.4897322;2.0
0;0.9105869;0.4889895;2.0
0;0.9254836;0.49513903;2.0
0;0.9231314;0.4904967;2.0
0;0.92110276;0.4923369;2.0
0;0.92993706;0.48969737;2.0
0;0.9068812;0.49245924;2.0
0;0.91225004;0.4882543;2.0
0;0.9214139;0.488337;2.0
0;0.92841107;0.49265662;2.0
0;0.91624105;0.49187478;2.0
0;0.9235208;0.49191904;2.0
0;0.9152187;0.49283448;2.0
0;0.9160948;0.4906392;2.0
0;0.9198766;0.4953256;2.0
0;0.907053;0.4921295;2.0
0;0.9239625;0.4898443;2.0
0;0.92289305;0.48885387;2.0
0;0.9080352;0.48543885;2.0
0;0.9153005;0.49299985;2.0
0;0.9219625;0.48591202;2.0
0;0.91269934;0.49287128;2.0
0;0.9078761;0.49258187;2.0
0;0.9336051;0.4878743;2.0
0;0.92888665;0.49561912;2.0
0;0.9096092;0.49037436;2.0
0;0.92361367;0.49157318;2.0
0;0.91916;0.49238497;2.0
0;0.9178152;0.48681495;2.0
0;0.91631055;0.4932344;2.0
0;0.9098135;0.48952872;2.0
0;0.93263257;0.4935615;2.0
0;0.9200939;0.48912853;2.0
0;0.92785853;0.4890181;2.0
0;0.91058004;0.48740396;2.0
0;0.9128506;0.4891772;2.0
0;0.91590786;0.49229553;2.0
0;0.9044143;0.49222663;2.0
0;0.9040205;0.48649976;2.0
0;0.9262452;0.4889385;2.0
0;0.91263914;0.48767856;2.0
0;0.91339254;0.4920034;2.0
0;0.9143827;0.48942375;2.0
0;0.91763926;0.4936488;2.0
0;0.9160836;0.4890935;2.0
0;0.92003834;0.48693782;2.0
0;0.9383642;0.48407584;2.0
0;0.90164655;0.48905626;2.0
0;0.9156035;0.49256495;2.0
0;0.9181112;0.4945536;2.0
0;0.9182968;0.49245915;2.0
0;0.92229474;0.48931596;2.0
0;0.91903925;0.48728043;2.0
0;0.9148307;0.49305913;2.0
0;0.9192157;0.49202964;2.0
0;0.90155363;0.49211967;2.0
0;0.92296576;0.49121165;2.0
0;0.9222595;0.49599606;2.0
0;0.9345006;0.48742086;2.0
0;0.9087072;0.49259397;2.0
0;0.9183619;0.49537864;2.0
0;0.9235816;0.48380846;2.0
0;0.91954046;0.48795038;2.0
0;0.905995;0.48973405;2.0
0;0.9221615;0.48873347;2.0
0;0.9211598;0.48717514;2.0
0;0.9130617;0.4938087;2.0
0;0.9203226;0.4942639;2.0
0;0.9193803;0.49649513;2.0
0;0.90994585;0.49174422;2.0
0;0.9234078;0.4894787;2.0
0;0.9235903;0.4899201;2.0
0;0.9123081;0.4880971;2.0
0;0.92064166;0.49029467;2.0
0;0.91781205;0.49218723;2.0
0;0.9127931;0.4940275;2.0
0;0.9168683;0.49070525;2.0
0;0.9201019;0.4899448;2.0
0;0.91690826;0.4890966;2.0
0;0.9078809;0.4938947;2.0
0;0.9214567;0.49522096;2.0
0;0.92274;0.4915446;2.0
0;0.91526324;0.48875237;2.0
0;0.9169452;0.48418653;2.0
0;0.91845006;0.48944315;2.0
0;0.91813195;0.49013302;2.0
0;0.91501254;0.4928622;2.0
0;0.92343664;0.49371666;2.0
0;0.91618055;0.48701572;2.0
0;0.9277954;0.49184486;2.0
0;0.9107628;0.4894992;2.0
0;0.046370707;0.00800735;3.0
0;0.04866235;0.008065191;3.0
0;0.042577848;0.017395787;3.0
0;0.029871505;0.011585126;3.0
0;0.071900964;0.016882373;3.0
0;0.041312538;0.024310293;3.0
0;0.034806423;0.005086628;3.0
0;0.044878244;0.015769087;3.0
0;0.038209893;0.0097219525;3.0
0;0.051794004;0.019164562;3.0
0;0.059209507;0.012181932;3.0
0;0.05745198;0.017826946;3.0
0;0.056624398;0.0172403;3.0
0;0.03697482;0.011605629;3.0
0;0.07191048;0.01934037;3.0
0;0.024020296;0.014048954;3.0
0;0.07234652;0.0151001895;3.0
0;0.05385389;0.0109580755;3.0
0;0.038462065;0.0104696145;3.0
0;0.031806763;0.0067737526;3.0
0;0.05201993;0.006842236;3.0
0;0.04385666;0.020397918;3.0
0;0.015160373;0.0092662005;3.0
0;0.053221542;0.006080745;3.0
0;0.045856234;0.011996986;3.0
0;0.07318868;0.017523974;3.0
0;0.022057563;0.011800195;3.0
0;0.089551434;0.0129513;3.0
0;0.042239882;0.018591624;3.0
0;0.04534544;0.010838426;3.0
0;0.019310383;0.017166708;3.0
0;0.027305279;0.012780363;3.0
0;0.022594754;0.012782828;3.0
0;0.022607798;0.022827415;3.0
0;0.0534863;0.0034697896;3.0
0;0.026564112;0.009799454;3.0
0;0.028211288;0.0012223539;3.0
0;0.058802314;0.006168949;3.0
0;0.041209556;0.020418841;3.0
0;0.028484944;0.008296555;3.0
0;0.019301634;0.004981949;3.0
0;0.077960595;0.016158942;3.0
0;0.017232232;0.0025936991;3.0
0;0.03780562;0.024596792;3.0
0;0.054802258;0.02046111;3.0
0;0.061441906;0.013845488;3.0
0;0.045703977;0.020352885;3.0
0;0.024642974;0.015101753;3.0
0;0.041058835;0.013846811;3.0
0;0.052158527;0.016125152;3.0
0;0.042527966;0.022253996;3.0
0;0.068313;0.0074872035;3.0
0;0.054881763;0.011465596;3.0
0;0.02231695;0.0059270035;3.0
0;0.04135444;0.010149386;3.0
0;0.057597633;0.015024191;3.0
0;0.020835537;0.020035962;3.0
0;0.07501757;0.020129157;3.0
0;0.031180862;0.006981246;3.0
0;0.083221205;0.010988859;3.0
0;0.05049892;0.016680593;3.0
0;0.06017936;0.013133901;3.0
0;0.07030597;0.016171688;3.0
0;0.05076444;0.0080024805;3.0
0;0.07436235;0.012122588;3.0
0;0.02113621;0.006936573;3.0
0;0.042509396;0.015464972;3.0
0;0.03908459;0.014537714;3.0
0;0.04915595;0.0026817832;3.0
0;0.014102265;0.027547216;3.0
0;0.044223946;0.02219351;3.0
0;0.04562432;0.013396651;3.0
0;0.0387744;0.011616992;3.0
0;0.015329665;0.012007749;3.0
0;0.07225735;0.0209928;3.0
0;0.010116943;0.013001505;3.0
0;0.043181956;0.0201404;3.0
0;0.037212104;0.008319703;3.0
0;0.03677376;0.009149437;3.0
0;0.011535888;0.020126631;3.0
0;0.0669266;0.016686363;3.0
0;0.06839726;0.013092054;3.0
0;0.03232983;0.018496566;3.0
0;0.05199261;0.02266273;3.0
0;0.043797266;0.0046807798;3.0
0;0.06343856;0.0069929105;3.0
0;0.033560608;0.016516209;3.0
0;0.045503683;0.025205202;3.0
0;0.003642904;0.00204848;3.0
0;0.04526732;0.011449001;3.0
0;0.04740625;0.0139703695;3.0
0;0.03387862;0.026734378;3.0
0;0.054357164;0.016294044;3.0
0;0.0;0.01756955;3.0
0;0.073210776;0.019907054;3.0
0;0.049800575;0.008178228;3.0
0;0.04034299;0.014710154;3.0
0;0.049497448;0.006261302;3.0
0;0.06858927;0.028293075;3.0
0;0.02682181;0.005769655;3.0
0;0.029124968;0.014938752;3.0
0;0.016672175;0.024839398;3.0
0;0.04434366;0.023372814;3.0
0;0.04013932;0.020767812;3.0
0;0.07022616;0.011204831;3.0
0;0.037835244;0.009844609;3.0
0;0.054828048;0.012243922;3.0
0;0.059342727;0.006891058;3.0
0;0.06664112;0.03226425;3.0
0;0.044971406;0.024638759;3.0
0;0.0404469;0.018122464;3.0
0;0.08242663;0.016672174;3.0
0;0.0544626;3.3706424E-4;3.0
0;0.0392327;0.020922815;3.0
0;0.036210634;0.00450864;3.0
0;0.035850104;0.02902829;3.0
0;0.017949607;0.01049589;3.0
0;0.043961033;0.018566132;3.0
0;0.045908723;0.006204844;3.0
0;0.042418074;0.020188741;3.0
0;0.06439829;0.011707;3.0
0;0.044659376;0.008465507;3.0
0;0.023610804;0.0070680077;3.0
0;0.038640104;0.007981737;3.0
0;0.077067025;0.015860658;3.0
0;0.065037996;0.019526277;3.0
0;0.022671185;0.018249089;3.0
0;0.036901917;0.014182012;3.0
0;0.06586128;0.009804686;3.0
0;0.019475684;0.015285076;3.0
0;0.06918954;0.013079789;3.0
0;0.094100185;0.02635234;3.0
0;0.029090893;0.013311393;3.0
0;0.045040626;0.02632889;3.0
0;0.03567114;0.008523048;3.0
0;0.05155258;0.01994878;3.0
0;0.042931166;0.004999025;3.0
0;0.046443455;0.004458315;3.0
0;0.040745422;0.020737087;3.0
0;0.055319343;0.028656354;3.0
0;0.068563946;0.0;3.0
0;0.028272986;0.014528996;3.0
0;0.046888247;0.017503291;3.0
0;0.008475296;0.009287004;3.0
0;0.032408874;0.021373818;3.0
0;0.03033717;0.015012707;3.0
0;0.017063707;0.019985758;3.0
0;0.031150628;0.0102226185;3.0
0;0.03928826;0.015415609;3.0
0;0.04600112;0.004430056;3.0
0;0.03824811;0.010029495;3.0
0;0.055781625;0.017727379;3.0
0;0.024279684;0.014342607;3.0
0;0.039577268;0.013030184;3.0
0;0.046292886;0.009573142;3.0
0;0.027388467;0.006064511;3.0
0;0.050699368;0.015323617;3.0
0;0.065273136;0.013217175;3.0
0;0.024812574;0.020482095;3.0
0;0.021095231;0.010585236;3.0
0;0.07076949;0.015740408;3.0
0;0.03375154;0.013912108;3.0
0;0.054119878;0.019773273;3.0
0;0.061085515;0.02365306;3.0
0;0.0077976715;0.023242822;3.0
0;0.061209537;0.019576844;3.0
0;0.03254317;0.0069874395;3.0
0;0.08241972;0.0075119752;3.0
0;0.04647983;0.01805344;3.0
0;0.045858536;0.014393593;3.0
0;0.030319214;0.027490398;3.0
0;0.038925737;0.020880848;3.0
0;0.026587594;0.0153117115;3.0
0;0.050525777;0.01054381;3.0
0;0.03141845;0.012842232;3.0
0;0.05485475;0.008243163;3.0
0;0.06192507;0.026492734;3.0
0;0.04293976;0.024224013;3.0
0;0.0466548;0.013078345;3.0
0;0.040319815;0.022254659;3.0
0;0.047378317;0.010507374;3.0
0;0.030327808;0.006797863;3.0
0;0.057772603;0.01515803;3.0
0;0.0752943;0.020821864;3.0
0;0.061232094;0.026571918;3.0
0;0.06676191;0.013503974;3.0
0;0.05906815;0.010638748;3.0
0;0.0096713845;0.017341372;3.0
0;0.05273485;0.007237141;3.0
0;0.052496493;0.013954917;3.0
0;0.043794043;0.008846283;3.0
0;0.046053763;0.008738598;3.0
0;0.068153076;0.01086446;3.0
0;0.051455118;0.0106943045;3.0
0;0.07322812;0.023225205;3.0
0;0.05155749;0.017073452;3.0
0;0.066625156;0.022976346;3.0
0;0.049765427;0.021002963;3.0
0;0.030410841;0.013000182;3.0
0;0.037454452;0.03151082;3.0
0;0.04798396;0.0280759;3.0
0;2.0763893;0.18429832;4.0
0;2.2822833;0.2116223;4.0
0;1.9621224;0.12816678;4.0
0;2.1574256;0.13787521;4.0
0;1.9737146;0.104350485;4.0
0;1.8842859;0.18705983;4.0
0;1.9075294;0.104672275;4.0
0;1.9807732;0.19087829;4.0
0;1.9033222;0.10904395;4.0
0;2.0151918;0.16355956;4.0
0;2.0013318;0.14246261;4.0
0;2.134149;0.13574935;4.0
0;2.0720403;0.045845307;4.0
0;2.1159976;0.16772753;4.0
0;2.000209;0.13362554;4.0
0;1.9069772;0.055578142;4.0
0;1.9992263;0.12100853;4.0
0;1.7980769;0.1706569;4.0
0;2.0321128;0.109777726;4.0
0;2.2288823;0.10753775;4.0
0;2.168166;0.08869293;4.0
0;2.1414351;0.16340467;4.0
0;1.83937;0.19498752;4.0
0;2.1122785;0.17936742;4.0
0;2.1022172;0.14138342;4.0
0;2.005045;0.13857183;4.0
0;1.9674628;0.20788969;4.0
0;1.9672978;0.12771639;4.0
0;1.9820161;0.19021156;4.0
0;2.244133;0.11769314;4.0
0;1.9755607;0.20050591;4.0
0;2.0967116;0.0074713305;4.0
0;1.940753;0.13574556;4.0
0;1.9720291;0.17878601;4.0
0;2.0002909;0.11286331;4.0
0;2.1727936;0.14228536;4.0
0;2.021106;0.16664875;4.0
0;2.2050512;0.09406299;4.0
0;2.0542912;0.19599432;4.0
0;2.104845;0.17137565;4.0
0;1.9861139;0.19283034;4.0
0;1.947239;0.14616334;4.0
0;2.1371112;0.047189895;4.0
0;2.0065076;0.13488239;4.0
0;2.149096;0.13172959;4.0
0;2.1244206;0.114912815;4.0
0;2.0653048;0.23039989;4.0
0;1.9132063;0.21397652;4.0
0;2.1394935;0.21274304;4.0
0;2.1056545;0.11783143;4.0
0;2.269813;0.13372582;4.0
0;2.0792217;0.2004135;4.0
0;2.1092122;0.13524027;4.0
0;1.9467363;0.15970057;4.0
0;2.0589128;0.12822463;4.0
0;1.8400497;0.20947136;4.0
0;1.8380029;0.08425891;4.0
0;1.9294599;0.25454557;4.0
0;2.1069078;0.1919347;4.0
0;1.8808625;0.10411503;4.0
0;2.1594217;0.20329887;4.0
0;2.0391483;0.1753093;4.0
0;2.0129695;0.19863239;4.0
0;1.9528742;0.17869389;4.0
0;2.0223584;0.14860505;4.0
0;1.976248;0.08648067;4.0
0;2.0573463;0.22824337;4.0
0;2.0225854;0.19085443;4.0
0;1.9134604;0.1337213;4.0
0;1.7782655;0.1533352;4.0
0;1.8374748;0.1843599;4.0
0;2.005725;0.13817638;4.0
0;1.945384;0.1741163;4.0
0;1.9590118;0.18081284;4.0
0;1.8085077;0.20415524;4.0
0;2.2027583;0.19513416;4.0
0;1.956963;0.1558734;4.0
0;1.9388654;0.116975546;4.0
0;1.9892399;0.09645587;4.0
0;1.878793;0.15887336;4.0
0;1.9427896;0.15315776;4.0
0;1.9652624;0.14836401;4.0
0;1.8940427;0.10465496;4.0
0;1.977009;0.09101793;4.0
0;2.0500078;0.09323524;4.0
0;2.0377226;0.1619791;4.0
0;2.1757298;0.18435936;4.0
0;1.9442418;0.18130672;4.0
0;2.1152563;0.1640099;4.0
0;1.9862311;0.09076125;4.0
0;1.9458959;0.15045276;4.0
0;2.0756161;0.16642195;4.0
0;2.0918941;0.05344362;4.0
0;1.7946854;0.20910099;4.0
0;1.8335171;0.119497515;4.0
0;1.9209512;0.102258116;4.0
0;1.9363346;0.12956405;4.0
0;1.9460618;0.11570653;4.0
0;2.022065;0.13689215;4.0
0;2.1915338;0.08839976;4.0
0;1.9292897;0.14924021;4.0
0;1.9733198;0.16015963;4.0
0;1.8385489;0.1631439;4.0
0;1.9678805;0.1300213;4.0
0;2.0051565;0.11010349;4.0
0;1.9398799;0.12771687;4.0
0;1.9854081;0.13810615;4.0
0;2.0878391;0.12521294;4.0
0;2.155149;0.10073177;4.0
0;1.9690185;0.11980337;4.0
0;2.048027;0.19521503;4.0
0;1.8205681;0.077025674;4.0
0;2.1417222;0.12748857;4.0
0;2.0271883;0.17416301;4.0
0;1.8583066;0.13232435;4.0
0;1.9622653;0.13258253;4.0
0;1.915611;0.12470271;4.0
0;2.2063928;0.10030608;4.0
0;2.1620407;0.1391572;4.0
0;2.1614437;0.1312059;4.0
0;2.038055;0.13226561;4.0
0;2.084715;0.071584545;4.0
0;1.9792767;0.19679207;4.0
0;1.9725871;0.14207487;4.0
0;2.00814;0.13954887;4.0
0;1.9202546;0.10502257;4.0
0;2.033048;0.088198096;4.0
0;1.8926308;0.12808466;4.0
0;2.1115713;0.16541256;4.0
0;2.052247;0.21386708;4.0
0;1.9982697;0.21072197;4.0
0;1.8090731;0.20936878;4.0
0;2.010387;0.13999115;4.0
0;2.1266823;0.17473498;4.0
0;2.1627674;0.16202323;4.0
0;2.148565;0.099167235;4.0
0;1.8479979;0.09222567;4.0
0;2.0590718;0.16720448;4.0
0;2.0395129;0.16800645;4.0
0;2.0398846;0.17460902;4.0
0;1.8296576;0.21311684;4.0
0;1.9708611;0.17880093;4.0
0;1.886143;0.088274814;4.0
0;2.1007538;0.12582435;4.0
0;2.0505028;0.14310122;4.0
0;2.2074971;0.18927865;4.0
0;2.1138034;0.10429427;4.0
0;2.024107;0.14594774;4.0
0;2.110895;0.21377954;4.0
0;2.0314574;0.080524504;4.0
0;1.9700701;0.182838;4.0
0;2.050211;0.14670357;4.0
0;1.7450426;0.14638738;4.0
0;1.8911963;0.23123738;4.0
0;2.0486777;0.1507502;4.0
0;1.9199836;0.12547357;4.0
0;1.8841326;0.07802833;4.0
0;1.7893889;0.1566145;4.0
0;1.8737941;0.12704322;4.0
0;2.113524;0.19317798;4.0
0;1.9131765;0.034004346;4.0
0;1.9831605;0.16669336;4.0
0;2.0487359;0.108082004;4.0
0;1.9258916;0.08357059;4.0
0;1.8882883;0.14249328;4.0
0;2.1030803;0.18688649;4.0
0;2.0946133;0.14339258;4.0
0;2.2512138;0.14406142;4.0
0;1.8880525;0.13708955;4.0
0;2.0027146;0.19785461;4.0
0;1.9259995;0.15062521;4.0
0;1.805018;0.11286674;4.0
0;1.918776;0.19882491;4.0
0;1.9833028;0.17567469;4.0
0;1.9688244;0.1492259;4.0
0;1.9959686;0.08615563;4.0
0;2.1147013;0.24175823;4.0
0;1.6352386;0.12181572;4.0
0;1.9939744;0.14467326;4.0
0;1.9318724;0.12676539;4.0
0;2.098825;0.116323665;4.0
0;1.8755238;0.21791776;4.0
0;2.0854356;0.10284879;4.0
0;1.9937582;0.1761121;4.0
0;1.9174104;0.1451067;4.0
0;1.880653;0.15382522;4.0
0;2.03824;0.033305686;4.0
0;2.0469673;0.13116099;4.0
0;1.9212155;0.02147561;4.0
0;2.020339;0.23906483;4.0
0;1.7649219;0.22687286;4.0
0;1.9177787;0.17887631;4.0
0;2.1079435;0.15149902;4.0
0;2.046776;0.15892477;4.0
0;2.0724144;0.06961153;4.0
0;2.058356;0.16282392;4.0
0;2.0152192;0.07239089;4.0
0;1.9035383;0.12616058;4.0
0;1.8929311;0.25596812;4.0
0;2.0291374;0.20127606;4.0
0;2.0997667;0.10333677;4.0
0;2.7384307;0.7558284;5.0
0;2.401483;0.66810715;5.0
0;2.202894;0.7138467;5.0
0;2.5091047;0.68462974;5.0
0;2.4214218;0.65876496;5.0
0;2.4204106;0.5894024;5.0
0;2.4710922;0.6104593;5.0
0;2.5907989;0.54688257;5.0
0;2.1495833;0.68583554;5.0
0;2.1766777;0.62433064;5.0
0;2.5920758;0.4969764;5.0
0;2.4118154;0.6142428;5.0
0;1.9930748;0.4644506;5.0
0;2.2421997;0.6886665;5.0
0;2.3762846;0.59613657;5.0
0;2.7891746;0.767898;5.0
0;2.2982306;0.6522474;5.0
0;2.1555922;0.70464694;5.0
0;2.322095;0.69042844;5.0
0;2.4031887;0.70590544;5.0
0;2.1607246;0.44085297;5.0
0;2.6842022;0.559644;5.0
0;2.5710738;0.6333316;5.0
0;3.0;0.5644433;5.0
0;2.4792628;0.74394506;5.0
0;2.4164233;0.7021308;5.0
0;2.400057;0.69940686;5.0
0;1.9752091;0.53508425;5.0
0;1.9769273;0.5789241;5.0
0;2.3157532;0.6256343;5.0
0;2.3713949;0.45659897;5.0
0;2.5954583;0.6957631;5.0
0;2.2213345;0.49747223;5.0
0;2.2184162;0.71545994;5.0
0;2.6863956;0.6964126;5.0
0;1.8893337;0.41258767;5.0
0;2.37782;0.6325312;5.0
0;2.151968;0.61211616;5.0
0;1.7684076;0.64824516;5.0
0;2.2008662;0.65666133;5.0
0;2.7140534;0.71266955;5.0
0;2.5468073;0.6812794;5.0
0;2.8472838;0.5774365;5.0
0;2.509437;0.5762867;5.0
0;2.480283;0.7148435;5.0
0;2.1735425;0.5413849;5.0
0;2.1903067;0.6283481;5.0
0;2.5578125;0.64845496;5.0
0;2.3887796;0.5769271;5.0
0;2.4944878;0.5809452;5.0
0;1.9082143;0.704484;5.0
0;2.2829342;0.69775414;5.0
0;2.2725513;0.72678;5.0
0;2.2958212;0.5838236;5.0
0;2.1596026;0.56146616;5.0
0;2.1731446;0.57813615;5.0
0;2.2854528;0.684126;5.0
0;2.608697;0.5393234;5.0
0;2.2360516;0.59725195;5.0
0;2.3629735;0.7018569;5.0
0;2.4639645;0.7352515;5.0
0;2.2552052;0.70852095;5.0
0;2.3268638;0.6183022;5.0
0;1.709223;0.76962274;5.0
0;2.4942243;0.62523663;5.0
0;2.2715127;0.7293417;5.0
0;2.45592;0.77883923;5.0
0;2.5491018;0.6621589;5.0
0;2.4441986;0.7061655;5.0
0;2.3465314;0.6398597;5.0
0;2.2051764;0.726307;5.0
0;2.437244;0.69596326;5.0
0;2.271425;0.4853843;5.0
0;2.5059857;0.67765546;5.0
0;2.3128402;0.64958316;5.0
0;2.3083243;0.55899286;5.0
0;2.4907541;0.77368134;5.0
0;1.8795226;0.5831356;5.0
0;2.6068091;0.6622645;5.0
0;2.2898638;0.56573385;5.0
0;2.1845658;0.5527577;5.0
0;2.467621;0.690086;5.0
0;2.5162675;0.49453285;5.0
0;2.4816644;0.69583297;5.0
0;2.6048322;0.5822753;5.0
0;2.152472;0.68677604;5.0
0;2.121974;0.78546554;5.0
0;2.4933333;0.63602674;5.0
0;2.4683034;0.60019886;5.0
0;2.4696095;0.78824663;5.0
0;2.7592826;0.4426889;5.0
0;2.1931753;0.75432897;5.0
0;2.4171326;0.7049853;5.0
0;2.5710895;0.5815056;5.0
0;2.3956766;0.67969614;5.0
0;2.5740345;0.58592695;5.0
0;2.3729045;0.6677578;5.0
0;2.3735886;0.68638414;5.0
0;2.1299794;0.6079488;5.0
0;2.353695;0.5630963;5.0
0;2.4220555;0.74635017;5.0
0;2.1821861;0.7197717;5.0
0;2.397347;0.59822506;5.0
0;2.640408;0.812828;5.0
0;2.5380695;0.6582558;5.0
0;2.5331063;0.5265765;5.0
0;2.284032;0.5606139;5.0
0;2.8337255;0.633777;5.0
0;2.201406;0.5986473;5.0
0;2.5200644;0.7535473;5.0
0;2.4141693;0.48537987;5.0
0;2.5424085;0.51980275;5.0
0;2.3873484;0.5932325;5.0
0;2.7191663;0.5720722;5.0
0;2.4037201;0.6060146;5.0
0;2.1443634;0.6603051;5.0
0;2.495386;0.6442321;5.0
0;2.8270574;0.75287515;5.0
0;2.3126702;0.60562485;5.0
0;2.513152;0.6436584;5.0
0;2.2937996;0.60702205;5.0
0;2.609648;0.60652626;5.0
0;2.646433;0.67556304;5.0
0;2.3997793;0.5876515;5.0
0;2.2696342;0.63103324;5.0
0;2.364805;0.4200081;5.0
0;2.0966585;0.6225802;5.0
0;2.6341045;0.501633;5.0
0;2.2315922;0.6815687;5.0
0;1.5866535;0.5919383;5.0
0;2.5385518;0.6913058;5.0
0;2.5148766;0.7314908;5.0
0;2.3421748;0.6200941;5.0
0;2.7578723;0.69806874;5.0
0;2.1988733;0.69076836;5.0
0;2.2717147;0.6692682;5.0
0;2.4018843;0.74633515;5.0
0;2.2911463;0.5579898;5.0
0;2.8191097;0.7063721;5.0
0;2.3510504;0.6445551;5.0
0;2.1725597;0.70249;5.0
0;2.735289;0.54408497;5.0
0;2.3283827;0.6098462;5.0
0;2.200914;0.53219825;5.0
0;2.371696;0.67234546;5.0
0;2.4873238;0.69443995;5.0
0;2.5349817;0.82235944;5.0
0;2.308677;0.5470921;5.0
0;2.1054516;0.48142943;5.0
0;2.3470197;0.39549133;5.0
0;2.5276008;0.6908897;5.0
0;2.0444016;0.6028269;5.0
0;1.9686491;0.65147495;5.0
0;2.439003;0.63203084;5.0
0;2.3982835;0.56210905;5.0
0;2.0424445;0.78033847;5.0
0;2.203855;0.5554977;5.0
0;1.8677907;0.51777744;5.0
0;2.2730966;0.6530664;5.0
0;2.5534534;0.5249318;5.0
0;2.3344738;0.71322167;5.0
0;1.883678;0.6469834;5.0
0;2.5920095;0.62249625;5.0
0;2.1523514;0.6864277;5.0
0;2.095943;0.5702369;5.0
0;2.8795972;0.6145006;5.0
0;2.3200185;0.6796061;5.0
0;2.5783281;0.57897663;5.0
0;2.2473154;0.4922564;5.0
0;2.7786891;0.6466387;5.0
0;2.1994936;0.56588036;5.0
0;2.469201;0.7009793;5.0
0;2.4379046;0.7359011;5.0
0;1.9376078;0.57676435;5.0
0;2.734284;0.6353609;5.0
0;2.3826127;0.5413279;5.0
0;2.3062425;0.61160964;5.0
0;2.6947327;0.6732008;5.0
0;2.5142808;0.55489653;5.0
0;2.483368;0.6318068;5.0
0;2.7728972;0.6261142;5.0
0;2.4223857;0.7382579;5.0
0;2.1942468;0.5834304;5.0
0;2.501461;0.5194685;5.0
0;2.0280263;0.8385062;5.0
0;2.3704693;0.6072345;5.0
0;2.3756437;0.8123514;5.0
0;2.3642864;0.66017264;5.0
0;2.380039;0.770878;5.0
0;2.1072404;0.7010722;5.0
0;2.1763449;0.52568644;5.0
0;2.1138215;0.5777719;5.0
0;2.4843826;0.6404678;5.0
0;2.647791;0.6618938;5.0
0;2.5832598;0.5843577;5.0
0;2.3627234;0.5428297;5.0
0;2.3819993;0.63527197;5.0
0;2.351919;0.750792;5.0
0;2.019178;0.63366926;5.0
0;2.1731746;0.56238854;5.0
0;2.480289;0.6408228;5.0
