DY
1004
2

0;0.6642291;0.16820529;1.0
0;0.66733515;0.180903;1.0
0;0.66770947;0.18646918;1.0
0;0.680298;0.17709509;1.0
0;0.6780984;0.18360694;1.0
0;0.68057805;0.18400349;1.0
0;0.67879224;0.17122295;1.0
0;0.6718305;0.19320568;1.0
0;0.67671883;0.18296598;1.0
0;0.6740821;0.17572218;1.0
0;0.6783675;0.18262286;1.0
0;0.67080593;0.16590646;1.0
0;0.6846266;0.18829568;1.0
0;0.66880304;0.18314606;1.0
0;0.6708329;0.17575213;1.0
0;0.6707504;0.18847315;1.0
0;0.6759284;0.18656239;1.0
0;0.6658251;0.1894536;1.0
0;0.67014295;0.17830841;1.0
0;0.6683757;0.19224481;1.0
0;0.68091136;0.17525479;1.0
0;0.66924953;0.18673475;1.0
0;0.6806786;0.17846003;1.0
0;0.6744126;0.17875911;1.0
0;0.66779184;0.19369726;1.0
0;0.68223286;0.17696688;1.0
0;0.67690074;0.19239992;1.0
0;0.6862298;0.17447731;1.0
0;0.66959494;0.1750117;1.0
0;0.67929083;0.18754576;1.0
0;0.67214197;0.18717057;1.0
0;0.66940486;0.16389494;1.0
0;0.6678013;0.19070593;1.0
0;0.6694989;0.19728844;1.0
0;0.68068856;0.1735858;1.0
0;0.66891605;0.1779678;1.0
0;0.66730803;0.18400446;1.0
0;0.67684734;0.18791877;1.0
0;0.6847497;0.18133098;1.0
0;0.6732059;0.19539955;1.0
0;0.67112523;0.18786664;1.0
0;0.6793772;0.17107075;1.0
0;0.67669475;0.17513375;1.0
0;0.68181336;0.1859449;1.0
0;0.6778398;0.17853299;1.0
0;0.67812586;0.17666562;1.0
0;0.6716454;0.18017879;1.0
0;0.66566724;0.17659163;1.0
0;0.67638475;0.18702696;1.0
0;0.68205905;0.18908879;1.0
0;0.68050545;0.18159963;1.0
0;0.66847783;0.18460882;1.0
0;0.6682359;0.17916434;1.0
0;0.67458886;0.18463339;1.0
0;0.67698663;0.17911008;1.0
0;0.6814815;0.19238828;1.0
0;0.66998404;0.19344066;1.0
0;0.6809637;0.183975;1.0
0;0.6707142;0.17630821;1.0
0;0.67466533;0.17186914;1.0
0;0.6760941;0.18515693;1.0
0;0.6753747;0.18312055;1.0
0;0.6771392;0.19969551;1.0
0;0.6736861;0.18624674;1.0
0;0.6801766;0.17715317;1.0
0;0.67596054;0.17525536;1.0
0;0.66982526;0.19015513;1.0
0;0.67335767;0.1877722;1.0
0;0.67178077;0.18758564;1.0
0;0.6735554;0.17648518;1.0
0;0.6651318;0.178207;1.0
0;0.67066854;0.1763623;1.0
0;0.6697178;0.17904994;1.0
0;0.6816861;0.19079529;1.0
0;0.6819627;0.19305848;1.0
0;0.6691922;0.17924292;1.0
0;0.6735399;0.19703417;1.0
0;0.6639189;0.17665108;1.0
0;0.67657316;0.17688434;1.0
0;0.67398095;0.17093901;1.0
0;0.67175776;0.18682042;1.0
0;0.67338836;0.17521812;1.0
0;0.68300605;0.17798696;1.0
0;0.6737711;0.18247755;1.0
0;0.6787356;0.1886228;1.0
0;0.67764664;0.17559709;1.0
0;0.6691171;0.18790619;1.0
0;0.6648534;0.19430089;1.0
0;0.6662455;0.18659808;1.0
0;0.6738916;0.19679159;1.0
0;0.66764146;0.19082761;1.0
0;0.6792907;0.19853014;1.0
0;0.67077315;0.18927494;1.0
0;0.6705845;0.18849473;1.0
0;0.67166007;0.18612635;1.0
0;0.6713048;0.18321617;1.0
0;0.67280924;0.1760817;1.0
0;0.68199265;0.17427416;1.0
0;0.67539763;0.16555926;1.0
0;0.66984653;0.1786244;1.0
0;0.6803384;0.18761128;1.0
0;0.68480855;0.17788722;1.0
0;0.66686344;0.18519899;1.0
0;0.67237866;0.16135465;1.0
0;0.6666518;0.17878594;1.0
0;0.6741582;0.17824602;1.0
0;0.677699;0.1729994;1.0
0;0.6680769;0.19274965;1.0
0;0.677353;0.16986375;1.0
0;0.6655561;0.17683788;1.0
0;0.6657541;0.17020223;1.0
0;0.6792661;0.19144757;1.0
0;0.6730145;0.17825627;1.0
0;0.6689491;0.18000287;1.0
0;0.6698674;0.16964121;1.0
0;0.67979383;0.1804724;1.0
0;0.6748888;0.17123634;1.0
0;0.6744765;0.18625364;1.0
0;0.6672998;0.19972765;1.0
0;0.6759631;0.18929197;1.0
0;0.665063;0.17885046;1.0
0;0.67033327;0.17723708;1.0
0;0.6842827;0.18355438;1.0
0;0.6683463;0.18605673;1.0
0;0.6678956;0.18198097;1.0
0;0.675698;0.17855027;1.0
0;0.66948444;0.19692457;1.0
0;0.6724264;0.17519917;1.0
0;0.6727709;0.17518596;1.0
0;0.681043;0.19183299;1.0
0;0.68121576;0.1602946;1.0
0;0.66784275;0.19935521;1.0
0;0.66817135;0.18997064;1.0
0;0.675572;0.17345059;1.0
0;0.6767654;0.18535312;1.0
0;0.6695889;0.1816917;1.0
0;0.6702771;0.17026259;1.0
0;0.6757969;0.16717993;1.0
0;0.67874634;0.1665273;1.0
0;0.67570764;0.16856945;1.0
0;0.6776082;0.1765824;1.0
0;0.6777881;0.18965608;1.0
0;0.6746098;0.17386538;1.0
0;0.67139965;0.16893737;1.0
0;0.6839937;0.17455238;1.0
0;0.6710898;0.18324684;1.0
0;0.6614749;0.18539262;1.0
0;0.6792084;0.16956766;1.0
0;0.67661303;0.16778423;1.0
0;0.6775719;0.18026017;1.0
0;0.66295743;0.18965769;1.0
0;0.67579377;0.1776796;1.0
0;0.68026066;0.17842723;1.0
0;0.67297834;0.17680122;1.0
0;0.67374337;0.1783891;1.0
0;0.6761958;0.18414818;1.0
0;0.6725739;0.18281792;1.0
0;0.676754;0.18661383;1.0
0;0.6738805;0.18381745;1.0
0;0.6716641;0.1622152;1.0
0;0.66789865;0.18031114;1.0
0;0.6779664;0.1741782;1.0
0;0.67403746;0.1845066;1.0
0;0.664921;0.18507059;1.0
0;0.67261696;0.1826454;1.0
0;0.6764313;0.17799765;1.0
0;0.6701394;0.18075687;1.0
0;0.66556317;0.18916242;1.0
0;0.6698973;0.18130717;1.0
0;0.6705171;0.18487373;1.0
0;0.6660441;0.18957807;1.0
0;0.6751376;0.18350111;1.0
0;0.6758255;0.19395907;1.0
0;0.67811567;0.18215142;1.0
0;0.66652226;0.17870563;1.0
0;0.6775223;0.18690847;1.0
0;0.6685171;0.17241867;1.0
0;0.67488796;0.17738627;1.0
0;0.67904484;0.18164043;1.0
0;0.6782804;0.17193784;1.0
0;0.67556065;0.1828919;1.0
0;0.67338413;0.17271565;1.0
0;0.661947;0.18108585;1.0
0;0.66874987;0.17962156;1.0
0;0.6772566;0.1781799;1.0
0;0.67677194;0.18696441;1.0
0;0.6748025;0.17815778;1.0
0;0.6799075;0.17795955;1.0
0;0.66010404;0.1782771;1.0
0;0.6697259;0.17549099;1.0
0;0.675207;0.18521376;1.0
0;0.6709862;0.17810331;1.0
0;0.6769358;0.18272899;1.0
0;0.66790557;0.192154;1.0
0;0.6646289;0.17213956;1.0
0;0.6776482;0.178779;1.0
0;0.671209;0.17723966;1.0
0;0.6691978;0.18182577;1.0
0;0.67844427;0.18322681;1.0
0;0.6850154;0.17969382;1.0
0;0.68297315;0.16817605;1.0
0;0.67466146;0.18600903;1.0
0;0.6796583;0.1864499;1.0
0;0.68166417;0.17572744;1.0
0;0.6583831;0.17550665;1.0
0;0.6810413;0.17447752;1.0
0;0.67571795;0.1715286;1.0
0;0.6721265;0.17987697;1.0
0;0.67473644;0.19427773;1.0
0;0.6785989;0.17790659;1.0
0;0.6763396;0.19343095;1.0
0;0.66901004;0.18978773;1.0
0;0.6718577;0.17855051;1.0
0;0.67914593;0.16881572;1.0
0;0.66948885;0.1758494;1.0
0;0.6739847;0.16948186;1.0
0;0.67803043;0.17925493;1.0
0;0.66962045;0.18489383;1.0
0;0.6918973;0.1676836;1.0
0;0.6735788;0.1775017;1.0
0;0.6725857;0.15998177;1.0
0;0.6763687;0.18775718;1.0
0;0.67940044;0.18237048;1.0
0;0.66611516;0.16818246;1.0
0;0.6757899;0.18909253;1.0
0;0.66856253;0.16871446;1.0
0;0.6792387;0.19231251;1.0
0;0.6732302;0.17949489;1.0
0;0.67390627;0.17687197;1.0
0;0.6711518;0.16767488;1.0
0;0.6794571;0.17091583;1.0
0;0.6697802;0.19346695;1.0
0;0.6774387;0.18485135;1.0
0;0.6720868;0.17220862;1.0
0;0.6648218;0.17752318;1.0
0;0.6790339;0.17404181;1.0
0;0.6731483;0.17325678;1.0
0;0.6780173;0.18686579;1.0
0;0.6665884;0.18120535;1.0
0;0.67200017;0.17954117;1.0
0;0.6749177;0.1873064;1.0
0;0.67820996;0.17791924;1.0
0;0.6742014;0.19083829;1.0
0;0.6756582;0.17970651;1.0
0;0.6689595;0.18003447;1.0
0;0.675151;0.18022595;1.0
0;0.66727966;0.19164124;1.0
0;0.6700816;0.18834625;1.0
0;0.671424;0.18640184;1.0
0;0.68443567;0.1903468;1.0
0;0.67853624;0.18062948;1.0
0;0.9519391;0.051619023;2.0
0;0.9799431;0.0179969;2.0
0;0.9681671;0.024159443;2.0
0;0.99058324;0.059622664;2.0
0;0.9734275;0.030842248;2.0
0;0.96469724;0.031558815;2.0
0;1.0;0.02610627;2.0
0;0.9883137;0.06949477;2.0
0;0.9758373;0.042132974;2.0
0;0.9748934;0.061545286;2.0
0;0.9710668;0.046980962;2.0
0;0.9670089;0.028939638;2.0
0;0.9768903;0.033848595;2.0
0;0.9586427;0.03937462;2.0
0;0.95550656;0.040098447;2.0
0;0.94141376;0.030428952;2.0
0;0.97360307;0.03417791;2.0
0;0.9714116;0.022068743;2.0
0;0.9575317;0.0544607;2.0
0;0.9728946;0.025762625;2.0
0;0.97113913;0.042393725;2.0
0;0.9740511;0.040013444;2.0
0;0.9743157;0.035519548;2.0
0;0.96638393;0.041573133;2.0
0;0.9710523;0.0433572;2.0
0;0.96161;0.022398556;2.0
0;0.9810963;0.031433523;2.0
0;0.9669866;0.03619273;2.0
0;0.9647542;0.05649164;2.0
0;0.95902145;0.06294855;2.0
0;0.9468285;0.06101176;2.0
0;0.98071104;0.03648884;2.0
0;0.98183113;0.042953994;2.0
0;0.98303634;0.06536049;2.0
0;0.98069555;0.038891204;2.0
0;0.9642249;0.03679528;2.0
0;0.9822998;0.041966848;2.0
0;0.9581089;0.02569378;2.0
0;0.96485114;0.03375113;2.0
0;0.9752964;0.0444382;2.0
0;0.9811195;0.017537445;2.0
0;0.9895932;0.047366846;2.0
0;0.9686097;0.026759695;2.0
0;0.98194563;0.017901074;2.0
0;0.9627823;0.029138962;2.0
0;0.96882874;0.037166383;2.0
0;0.9798348;0.06109658;2.0
0;0.9554137;0.03133869;2.0
0;0.96640646;0.05510831;2.0
0;0.9784916;0.045661133;2.0
0;0.96304077;0.06077012;2.0
0;0.9602385;0.0502111;2.0
0;0.9646838;0.0501114;2.0
0;0.95668924;0.034663215;2.0
0;0.95571846;0.051115386;2.0
0;0.96932286;0.033307202;2.0
0;0.9628096;0.024601389;2.0
0;0.95734316;0.033665504;2.0
0;0.96166867;0.0563891;2.0
0;0.97608656;0.030427553;2.0
0;0.9663139;0.04504978;2.0
0;0.95616543;0.028393077;2.0
0;0.9617083;0.051477853;2.0
0;0.9742634;0.039794397;2.0
0;0.9598296;0.043204684;2.0
0;0.9581886;0.032923333;2.0
0;0.97416955;0.06490321;2.0
0;0.96281356;0.050317828;2.0
0;0.9713503;0.041466895;2.0
0;0.97756237;0.030514415;2.0
0;0.9676721;0.055590086;2.0
0;0.9648483;0.021461017;2.0
0;0.94639814;0.04359406;2.0
0;0.96616215;0.028849814;2.0
0;0.9664629;0.020997979;2.0
0;0.9712218;0.0285921;2.0
0;0.9695164;0.0;2.0
0;0.95813113;0.034797296;2.0
0;0.9581397;0.03375956;2.0
0;0.97179;0.049435753;2.0
0;0.9775072;0.037228674;2.0
0;0.9888627;0.06350136;2.0
0;0.97372615;0.03150795;2.0
0;0.97203654;0.039790187;2.0
0;0.9545461;0.028803907;2.0
0;0.9593452;0.02566963;2.0
0;0.9678302;0.07494761;2.0
0;0.9654453;0.037319213;2.0
0;0.9470801;0.027391186;2.0
0;0.958472;0.03656107;2.0
0;0.9398279;0.056206573;2.0
0;0.9517377;0.04605585;2.0
0;0.9627245;0.04126166;2.0
0;0.96647924;0.0717168;2.0
0;0.9520368;0.04040728;2.0
0;0.9579418;0.048074678;2.0
0;0.9878505;0.038146004;2.0
0;0.95511633;0.037729762;2.0
0;0.97404623;0.028955955;2.0
0;0.9763115;0.020922184;2.0
0;0.953741;0.033532035;2.0
0;0.9699277;0.030050335;2.0
0;0.9561097;0.03352437;2.0
0;0.96137553;0.04920219;2.0
0;0.9586872;0.054143444;2.0
0;0.9665946;0.060837008;2.0
0;0.9705643;0.052101135;2.0
0;0.98154247;0.02981119;2.0
0;0.9502302;0.02785505;2.0
0;0.97193444;0.040941145;2.0
0;0.96492463;0.055689618;2.0
0;0.97059923;0.052847285;2.0
0;0.96671563;0.04114423;2.0
0;0.96791536;0.043202996;2.0
0;0.9689404;0.056220133;2.0
0;0.964971;0.04826028;2.0
0;0.96155226;0.032961916;2.0
0;0.9614522;0.07144907;2.0
0;0.9865598;0.05424436;2.0
0;0.9818354;0.061282;2.0
0;0.9855503;0.05751225;2.0
0;0.9734598;0.0422449;2.0
0;0.9888034;0.025810556;2.0
0;0.9655765;0.047936995;2.0
0;0.96585083;0.046583477;2.0
0;0.9866132;0.016588183;2.0
0;0.9738123;0.043969493;2.0
0;0.9684172;0.041958265;2.0
0;0.97693473;0.01880892;2.0
0;0.9665467;0.031054016;2.0
0;0.9679187;0.035071064;2.0
0;0.9723469;0.05413775;2.0
0;0.9748925;0.035931304;2.0
0;0.98814666;0.05694652;2.0
0;0.97948235;0.018238109;2.0
0;0.97257286;0.021258805;2.0
0;0.963284;0.0382471;2.0
0;0.9829747;0.028490797;2.0
0;0.9798606;0.017889183;2.0
0;0.98138654;0.052378543;2.0
0;0.9678436;0.08374845;2.0
0;0.95285696;0.049390335;2.0
0;0.9554342;0.045542225;2.0
0;0.96809393;0.047641646;2.0
0;0.9685145;0.063435696;2.0
0;0.94560957;0.061016317;2.0
0;0.9708672;0.033328943;2.0
0;0.972663;0.036535345;2.0
0;0.98149204;0.04128116;2.0
0;0.97327846;0.030468537;2.0
0;0.99757355;0.03451154;2.0
0;0.9660735;0.0464661;2.0
0;0.9632661;0.058652356;2.0
0;0.98293287;0.02656056;2.0
0;0.9553213;0.053666677;2.0
0;0.9597819;0.071914434;2.0
0;0.9604478;0.037967462;2.0
0;0.98600304;0.03701277;2.0
0;0.9819379;0.02678872;2.0
0;0.9797709;0.05295879;2.0
0;0.96278256;0.016296279;2.0
0;0.97187424;0.026153218;2.0
0;0.96041274;0.03168125;2.0
0;0.97040814;0.03919348;2.0
0;0.96046776;0.034826666;2.0
0;0.9710678;0.052488785;2.0
0;0.97089714;0.05293394;2.0
0;0.9815258;0.016104026;2.0
0;0.9618155;0.050901655;2.0
0;0.9763654;0.020428142;2.0
0;0.9794791;0.047033988;2.0
0;0.9828326;0.05814373;2.0
0;0.95916784;0.036142632;2.0
0;0.9667432;0.022580136;2.0
0;0.954616;0.013424282;2.0
0;0.97326136;0.038385212;2.0
0;0.99338007;0.024161281;2.0
0;0.9650931;0.01933275;2.0
0;0.9765291;0.03309777;2.0
0;0.9607997;0.047633104;2.0
0;0.97407687;0.04411481;2.0
0;0.96089715;0.024585484;2.0
0;0.9628668;0.040449116;2.0
0;0.9469877;0.03183647;2.0
0;0.96780366;0.031397175;2.0
0;0.9715318;0.032997515;2.0
0;0.96086806;0.020655975;2.0
0;0.96510875;0.066482686;2.0
0;0.9637133;0.04343083;2.0
0;0.9756052;0.063750446;2.0
0;0.9728304;0.045688678;2.0
0;0.9777701;0.034827612;2.0
0;0.9759388;0.027883794;2.0
0;0.9859847;0.0528128;2.0
0;0.966593;0.049506567;2.0
0;0.98747474;0.036025226;2.0
0;0.9811546;0.04499587;2.0
0;0.9752145;0.0140532395;2.0
0;0.970168;0.03966817;2.0
0;0.9666728;0.04896465;2.0
0;0.97248214;0.03669602;2.0
0;0.9767391;0.03995952;2.0
0;0.9961927;0.061840285;2.0
0;0.9736146;0.016541481;2.0
0;0.9713745;0.019069972;2.0
0;0.9755689;0.0625318;2.0
0;0.9658438;0.029827978;2.0
0;0.9790247;0.042977527;2.0
0;0.9565198;0.052240178;2.0
0;0.94755006;0.01163481;2.0
0;0.971051;0.021827236;2.0
0;0.9746772;0.022885546;2.0
0;0.9786356;0.031826463;2.0
0;0.98535156;0.032621965;2.0
0;0.9771691;0.059666056;2.0
0;0.9578555;0.027613496;2.0
0;0.9721996;0.033902783;2.0
0;0.9754676;0.034643427;2.0
0;0.98119444;0.04454616;2.0
0;0.9654672;0.04882387;2.0
0;0.98142225;0.046846077;2.0
0;0.96878433;0.033505872;2.0
0;0.9709245;0.062662594;2.0
0;0.960366;0.028743662;2.0
0;0.9912626;0.022819823;2.0
0;0.96636975;0.038740937;2.0
0;0.9572804;0.032746058;2.0
0;0.952489;0.039878324;2.0
0;0.97766554;0.0542144;2.0
0;0.9707337;0.0076481593;2.0
0;0.99321914;0.038550194;2.0
0;0.97888964;0.03774111;2.0
0;0.98239845;0.037214402;2.0
0;0.9712801;0.032238726;2.0
0;0.98122525;0.05292533;2.0
0;0.97350466;0.03653498;2.0
0;0.9587687;0.03576548;2.0
0;0.94354934;0.05431879;2.0
0;0.96864045;0.032384276;2.0
0;0.97732896;0.04701996;2.0
0;0.98344094;0.013495706;2.0
0;0.98164445;0.044154;2.0
0;0.9748544;0.028133685;2.0
0;0.9615946;0.068493634;2.0
0;0.981899;0.027163409;2.0
0;0.97895765;0.03304915;2.0
0;0.9732975;0.058007043;2.0
0;0.9729791;0.04465009;2.0
0;0.98392576;0.059091587;2.0
0;0.9654395;0.042620882;2.0
0;0.9695035;0.04982822;2.0
0;0.24476016;0.8846411;3.0
0;0.23295583;0.83643955;3.0
0;0.3030685;0.86873215;3.0
0;0.24051246;0.781257;3.0
0;0.24153604;0.76965225;3.0
0;0.22681385;0.97936475;3.0
0;0.27342173;0.754329;3.0
0;0.3122402;0.91095895;3.0
0;0.16113585;1.0;3.0
0;0.23098311;0.9507403;3.0
0;0.2536563;0.7641011;3.0
0;0.2758454;0.951929;3.0
0;0.25644457;0.8335846;3.0
0;0.36577952;0.83580506;3.0
0;0.23690492;0.84869736;3.0
0;0.35836753;0.9165436;3.0
0;0.25432384;0.7720601;3.0
0;0.26125544;0.94785464;3.0
0;0.30631068;0.710554;3.0
0;0.19491495;0.8111243;3.0
0;0.30513403;0.7178537;3.0
0;0.2405369;0.9087901;3.0
0;0.26925057;0.7890371;3.0
0;0.23370127;0.9224613;3.0
0;0.23347928;0.8258019;3.0
0;0.27155608;0.7789855;3.0
0;0.28908652;0.9296093;3.0
0;0.30568907;0.80096227;3.0
0;0.22263269;0.7559381;3.0
0;0.26648274;0.83232903;3.0
0;0.13339663;0.68479335;3.0
0;0.3193535;0.7935847;3.0
0;0.20763507;0.9287164;3.0
0;0.31287485;0.98109657;3.0
0;0.21395403;0.94346625;3.0
0;0.34089178;0.8507737;3.0
0;0.32919818;0.76318485;3.0
0;0.25120908;0.88245785;3.0
0;0.28805378;0.78322375;3.0
0;0.30513245;0.7633682;3.0
0;0.2678592;0.81440514;3.0
0;0.36707902;0.7904389;3.0
0;0.23863946;0.8154868;3.0
0;0.30640677;0.773517;3.0
0;0.2102596;0.8352979;3.0
0;0.25426817;0.9121647;3.0
0;0.3696306;0.83100516;3.0
0;0.17131297;0.818391;3.0
0;0.26658562;0.96519804;3.0
0;0.31911328;0.8797535;3.0
0;0.24760158;0.92018723;3.0
0;0.17241444;0.8825857;3.0
0;0.15527636;0.73034585;3.0
0;0.19997056;0.8861116;3.0
0;0.3233333;0.7399928;3.0
0;0.33405855;0.9613455;3.0
0;0.3550859;0.7938463;3.0
0;0.24076614;0.98982495;3.0
0;0.2550478;0.9549882;3.0
0;0.22654393;0.8087041;3.0
0;0.24920727;0.7291558;3.0
0;0.27217364;0.7821554;3.0
0;0.32759422;0.784279;3.0
0;0.18711402;0.81079566;3.0
0;0.26964483;0.86630684;3.0
0;0.25171676;0.9286769;3.0
0;0.2896097;0.6619936;3.0
0;0.337322;0.81722397;3.0
0;0.22329868;0.8341221;3.0
0;0.23768528;0.8727391;3.0
0;0.28789243;0.8862052;3.0
0;0.29558864;0.89629453;3.0
0;0.2713686;0.91423154;3.0
0;0.3571608;0.82995814;3.0
0;0.23253633;0.7522086;3.0
0;0.26405;0.8443859;3.0
0;0.27075338;0.7271678;3.0
0;0.28395158;0.90644926;3.0
0;0.2911495;0.9195286;3.0
0;0.2714259;0.7974793;3.0
0;0.31832173;0.80723405;3.0
0;0.18509501;0.86381584;3.0
0;0.26548335;0.9823946;3.0
0;0.29862946;0.90759563;3.0
0;0.21724051;0.83770347;3.0
0;0.34701934;0.9203323;3.0
0;0.29984933;0.8398291;3.0
0;0.22878672;0.84138644;3.0
0;0.36187932;0.8023243;3.0
0;0.1841144;0.85647297;3.0
0;0.24772751;0.71894944;3.0
0;0.21457987;0.7792175;3.0
0;0.31243584;0.83303905;3.0
0;0.24833252;0.77690524;3.0
0;0.32762247;0.9511989;3.0
0;0.34067282;0.89499956;3.0
0;0.18491241;0.7248914;3.0
0;0.29199633;0.7393157;3.0
0;0.24666764;0.9214321;3.0
0;0.26350638;0.76389444;3.0
0;0.27617595;0.9677333;3.0
0;0.26515344;0.8509117;3.0
0;0.3153255;0.9188321;3.0
0;0.18279564;0.8241174;3.0
0;0.30523574;0.79264885;3.0
0;0.27910766;0.88007116;3.0
0;0.29107952;0.76037437;3.0
0;0.30967015;0.7161348;3.0
0;0.18659776;0.9176475;3.0
0;0.26859862;0.93712145;3.0
0;0.28713977;0.80826294;3.0
0;0.33573845;0.90775865;3.0
0;0.27234372;0.89992934;3.0
0;0.27624023;0.87633157;3.0
0;0.20048968;0.8551422;3.0
0;0.23856975;0.75646806;3.0
0;0.29982498;0.8980377;3.0
0;0.19650261;0.7370608;3.0
0;0.1916446;0.8228764;3.0
0;0.28293547;0.81063557;3.0
0;0.24069302;0.8562477;3.0
0;0.23651823;0.7389521;3.0
0;0.18627426;0.8913611;3.0
0;0.12651308;0.8184079;3.0
0;0.27533385;0.93905884;3.0
0;0.26445657;0.7607096;3.0
0;0.27834496;0.7883872;3.0
0;0.24963123;0.82213706;3.0
0;0.23951377;0.8475326;3.0
0;0.18412854;0.8995219;3.0
0;0.31452733;0.82686675;3.0
0;0.2879964;0.7311498;3.0
0;0.35662192;0.96946436;3.0
0;0.23907922;0.9291215;3.0
0;0.28910995;0.9409587;3.0
0;0.33701137;0.83519524;3.0
0;0.29157856;0.9299457;3.0
0;0.24845885;0.7758563;3.0
0;0.34273034;0.9738118;3.0
0;0.2011793;0.896707;3.0
0;0.19348018;0.9449919;3.0
0;0.2514357;0.781341;3.0
0;0.28032583;0.83603114;3.0
0;0.23122373;0.72644657;3.0
0;0.2672718;0.8519597;3.0
0;0.19513005;0.8973156;3.0
0;0.24683855;0.7305383;3.0
0;0.26728305;0.903138;3.0
0;0.26196983;0.9741764;3.0
0;0.30503416;0.9525284;3.0
0;0.23164788;0.7208756;3.0
0;0.21841133;0.8935693;3.0
0;0.21566342;0.7905792;3.0
0;0.2553155;0.8999517;3.0
0;0.25468504;0.9232473;3.0
0;0.1983873;0.6821323;3.0
0;0.32250652;0.75792056;3.0
0;0.20645064;0.94303155;3.0
0;0.23680097;0.8413242;3.0
0;0.23331337;0.9080814;3.0
0;0.21234953;0.8756315;3.0
0;0.3475313;0.8525774;3.0
0;0.36252454;0.80584306;3.0
0;0.21613242;0.7088752;3.0
0;0.2955864;0.8209445;3.0
0;0.34177583;0.9458027;3.0
0;0.2854151;0.8531177;3.0
0;0.18820497;0.8437013;3.0
0;0.23653473;0.7422463;3.0
0;0.19319184;0.75495416;3.0
0;0.2292376;0.77720004;3.0
0;0.40176392;0.7746414;3.0
0;0.27374983;0.7672348;3.0
0;0.26312986;0.87095535;3.0
0;0.25363106;0.744087;3.0
0;0.2768931;0.89976406;3.0
0;0.25526148;0.86238927;3.0
0;0.26563036;0.7560181;3.0
0;0.2787699;0.82533026;3.0
0;0.27871048;0.8499426;3.0
0;0.24696478;0.81752837;3.0
0;0.22053455;0.8991988;3.0
0;0.29416087;0.7922786;3.0
0;0.20960386;0.89272094;3.0
0;0.27451563;0.935741;3.0
0;0.33547097;0.78666764;3.0
0;0.26885378;0.9407833;3.0
0;0.31365997;0.8392474;3.0
0;0.30613413;0.7701992;3.0
0;0.2612514;0.9505492;3.0
0;0.3453769;0.9142477;3.0
0;0.34217042;0.85439277;3.0
0;0.29977012;0.92024904;3.0
0;0.22554871;0.57581884;3.0
0;0.2999531;0.85166806;3.0
0;0.21782649;0.8707605;3.0
0;0.33957255;0.76500255;3.0
0;0.29744264;0.7835067;3.0
0;0.28945118;0.9760561;3.0
0;0.26544648;0.99429166;3.0
0;0.1437493;0.85970736;3.0
0;0.35871682;0.917028;3.0
0;0.15410319;0.72112375;3.0
0;0.31225845;0.8266856;3.0
0;0.31407145;0.8741303;3.0
0;0.25391266;0.836011;3.0
0;0.2419019;0.7710831;3.0
0;0.24859422;0.809855;3.0
0;0.28010002;0.92405015;3.0
0;0.3667505;0.83224845;3.0
0;0.20576301;0.86553705;3.0
0;0.26336348;0.95430577;3.0
0;0.27658397;0.8099084;3.0
0;0.2306815;0.7541993;3.0
0;0.28200665;0.75778586;3.0
0;0.17294897;0.7568948;3.0
0;0.31755593;0.8221411;3.0
0;0.26082;0.8858493;3.0
0;0.28157723;0.91569006;3.0
0;0.21714978;0.89359456;3.0
0;0.22132756;0.8436108;3.0
0;0.2620966;0.8713557;3.0
0;0.26392424;0.7853936;3.0
0;0.15816706;0.7510475;3.0
0;0.2920912;0.9161019;3.0
0;0.24084933;0.852521;3.0
0;0.31746;0.8191079;3.0
0;0.30467558;0.8149472;3.0
0;0.29445457;0.80592793;3.0
0;0.3137944;0.8531827;3.0
0;0.38000664;0.62780565;3.0
0;0.24455923;0.83309937;3.0
0;0.26071858;0.8570471;3.0
0;0.3283793;0.75184524;3.0
0;0.20247638;0.8797955;3.0
0;0.21836106;0.80624324;3.0
0;0.32665128;0.9243833;3.0
0;0.26910266;0.9028434;3.0
0;0.30842978;0.8059305;3.0
0;0.332836;0.9071293;3.0
0;0.29628703;0.9310963;3.0
0;0.26788357;0.76428515;3.0
0;0.20408231;0.7589505;3.0
0;0.2507251;0.75596124;3.0
0;0.3088842;0.80405736;3.0
0;0.22089852;0.8130305;3.0
0;0.30724525;0.8636298;3.0
0;0.16813774;0.8527351;3.0
0;0.2333572;0.9390608;3.0
0;0.2359614;0.83980495;3.0
0;0.3495415;0.93852067;3.0
0;0.096224494;0.18659231;4.0
0;0.08715752;0.2683243;4.0
0;0.105611816;0.21348791;4.0
0;0.06719176;0.22033657;4.0
0;0.09182114;0.26326105;4.0
0;0.08906297;0.21215597;4.0
0;0.04776134;0.22645073;4.0
0;0.077063285;0.1990645;4.0
0;0.12784189;0.2104811;4.0
0;0.09118797;0.2266878;4.0
0;0.02286673;0.16639486;4.0
0;0.08419863;0.26344773;4.0
0;0.11218033;0.282079;4.0
0;0.09410588;0.27126947;4.0
0;0.12241389;0.2144756;4.0
0;0.071312584;0.1590725;4.0
0;0.07018642;0.20638648;4.0
0;0.06814073;0.18867308;4.0
0;0.14588925;0.26978827;4.0
0;0.15401454;0.18127777;4.0
0;0.08908522;0.25390032;4.0
0;0.09128391;0.18963961;4.0
0;0.10901026;0.34003463;4.0
0;0.057092827;0.15382414;4.0
0;0.0995246;0.18661007;4.0
0;0.08585279;0.30987453;4.0
0;0.05716861;0.28726375;4.0
0;0.10767429;0.19858417;4.0
0;0.12213493;0.20607372;4.0
0;0.059061863;0.2604868;4.0
0;0.069784075;0.22872485;4.0
0;0.09970536;0.2600969;4.0
0;0.07837623;0.2286676;4.0
0;0.09381269;0.28517154;4.0
0;0.0921815;0.23443687;4.0
0;0.029338125;0.19787982;4.0
0;0.096773215;0.2655397;4.0
0;0.086586244;0.28640062;4.0
0;0.11666743;0.23981737;4.0
0;0.05116091;0.18942298;4.0
0;0.052558824;0.26829344;4.0
0;0.082227245;0.23824435;4.0
0;0.050536457;0.25392866;4.0
0;0.0844245;0.18382071;4.0
0;0.12726425;0.23885152;4.0
0;0.06696609;0.22360463;4.0
0;0.12189324;0.30014622;4.0
0;0.12658188;0.3317704;4.0
0;0.10668812;0.20694073;4.0
0;0.07374813;0.2838711;4.0
0;0.060568485;0.14349173;4.0
0;0.086040236;0.22734152;4.0
0;0.13576408;0.20228417;4.0
0;0.10090185;0.2845109;4.0
0;0.055453464;0.2742316;4.0
0;0.102492064;0.25103846;4.0
0;0.07609293;0.14958417;4.0
0;0.08313544;0.28551018;4.0
0;0.051876605;0.23135951;4.0
0;0.123233184;0.29406166;4.0
0;0.099495254;0.166928;4.0
0;0.109529525;0.2932961;4.0
0;0.13354298;0.1723787;4.0
0;0.0;0.10759784;4.0
0;0.090791434;0.26816732;4.0
0;0.096126206;0.24595393;4.0
0;0.068532415;0.2900199;4.0
0;0.08185025;0.20698;4.0
0;0.10036743;0.2339597;4.0
0;0.09420713;0.24860312;4.0
0;0.041624777;0.2464953;4.0
0;0.09802686;0.26813146;4.0
0;0.06805602;0.29133165;4.0
0;0.055987023;0.30148736;4.0
0;0.06648167;0.21677545;4.0
0;0.05379456;0.17416199;4.0
0;0.060750674;0.18508705;4.0
0;0.123935565;0.20426801;4.0
0;0.13971497;0.2650444;4.0
0;0.035973597;0.27311966;4.0
0;0.08352917;0.24673432;4.0
0;0.088765286;0.2359812;4.0
0;0.081744514;0.26777646;4.0
0;0.060962517;0.2115372;4.0
0;0.07377706;0.206439;4.0
0;0.077642314;0.31085017;4.0
0;0.09814464;0.23645534;4.0
0;0.15502492;0.22971259;4.0
0;0.12861124;0.19534305;4.0
0;0.11261718;0.23615077;4.0
0;0.04749035;0.24097186;4.0
0;0.10735788;0.22198072;4.0
0;0.0556009;0.16262051;4.0
0;0.049287863;0.19599457;4.0
0;0.058222257;0.28764486;4.0
0;0.09481499;0.23655368;4.0
0;0.089751415;0.24265122;4.0
0;0.06760717;0.24366514;4.0
0;0.036731653;0.17351456;4.0
0;0.124289125;0.29696175;4.0
0;0.10119274;0.25018096;4.0
0;0.077428535;0.26846966;4.0
0;0.07891178;0.19265896;4.0
0;0.10239826;0.24648997;4.0
0;0.09670314;0.2817415;4.0
0;0.10202316;0.261832;4.0
0;0.11523383;0.25994328;4.0
0;0.094739616;0.18979882;4.0
0;0.09618862;0.20775145;4.0
0;0.09435314;0.21576983;4.0
0;0.05969846;0.2678282;4.0
0;0.10173089;0.184053;4.0
0;0.11377299;0.15925243;4.0
0;0.04690045;0.23350203;4.0
0;0.04372431;0.1652243;4.0
0;0.10413969;0.21619031;4.0
0;0.09363902;0.27393064;4.0
0;0.091230325;0.2762423;4.0
0;0.07856036;0.18063252;4.0
0;0.07252306;0.15215118;4.0
0;0.08512903;0.23367806;4.0
0;0.06783085;0.26194;4.0
0;0.037758913;0.12724453;4.0
0;0.08463349;0.25504604;4.0
0;0.115201935;0.17943034;4.0
0;0.09069952;0.16832916;4.0
0;0.0512075;0.20734353;4.0
0;0.09513207;0.25719616;4.0
0;0.056943346;0.2987942;4.0
0;0.1445169;0.19890247;4.0
0;0.043001313;0.22579095;4.0
0;0.081209324;0.17514895;4.0
0;0.07599254;0.34147468;4.0
0;0.08018951;0.21484599;4.0
0;0.08550928;0.16989921;4.0
0;0.09006696;0.24945511;4.0
0;0.12009792;0.23943639;4.0
0;0.119706385;0.2271756;4.0
0;0.090935454;0.21452124;4.0
0;0.115558304;0.18892287;4.0
0;0.12670955;0.2455911;4.0
0;0.07689462;0.1932869;4.0
0;0.10334494;0.30461723;4.0
0;0.061846625;0.26370674;4.0
0;0.029862039;0.21451125;4.0
0;0.082129255;0.16413839;4.0
0;0.094673224;0.27508226;4.0
0;0.09464551;0.29684675;4.0
0;0.11694321;0.20270935;4.0
0;0.07208024;0.16502173;4.0
0;0.12948094;0.1289823;4.0
0;0.08105433;0.2103908;4.0
0;0.11080404;0.23729905;4.0
0;0.06959086;0.1685543;4.0
0;0.12168635;0.24417719;4.0
0;0.08962363;0.2768179;4.0
0;0.07602531;0.1814371;4.0
0;0.07166487;0.18386783;4.0
0;0.107600756;0.23537143;4.0
0;0.11458703;0.14357957;4.0
0;0.08094313;0.28700787;4.0
0;0.10987278;0.16671233;4.0
0;0.064833485;0.30109185;4.0
0;0.09259079;0.07027629;4.0
0;0.10703581;0.26004073;4.0
0;0.071391635;0.31480098;4.0
0;0.08137595;0.2712292;4.0
0;0.06391217;0.29947576;4.0
0;0.085161634;0.21438235;4.0
0;0.08702519;0.21734428;4.0
0;0.028301373;0.23992094;4.0
0;0.045721468;0.16640668;4.0
0;0.12705633;0.20774643;4.0
0;0.14158745;0.16777621;4.0
0;0.07485724;0.19265284;4.0
0;0.07430725;0.19746372;4.0
0;0.106796205;0.21419616;4.0
0;0.16203813;0.2538952;4.0
0;0.10029618;0.23062345;4.0
0;0.068932265;0.23051624;4.0
0;0.068692915;0.110422455;4.0
0;0.111840285;0.21494405;4.0
0;0.07641878;0.24125652;4.0
0;0.051076703;0.21513405;4.0
0;0.1050064;0.1306171;4.0
0;0.094610244;0.20852688;4.0
0;0.08843658;0.20904534;4.0
0;0.03887038;0.16725643;4.0
0;0.051691405;0.30540654;4.0
0;0.09220329;0.21903887;4.0
0;0.1433082;0.17671537;4.0
0;0.15135936;0.15556952;4.0
0;0.067866474;0.22677638;4.0
0;0.059455182;0.1596565;4.0
0;0.0880399;0.28522024;4.0
0;0.0635928;0.21496435;4.0
0;0.08778554;0.30078986;4.0
0;0.121990256;0.32109115;4.0
0;0.0633165;0.29424945;4.0
0;0.09196011;0.27795136;4.0
0;0.04738803;0.23983376;4.0
0;0.0679269;0.2564912;4.0
0;0.07378717;0.20774545;4.0
0;0.08657084;0.2070313;4.0
0;0.09433181;0.22044787;4.0
0;0.06845275;0.2609488;4.0
0;0.124656826;0.2631445;4.0
0;0.0867172;0.22560711;4.0
0;0.08867001;0.23555483;4.0
0;0.09749784;0.26527372;4.0
0;0.07910749;0.22539677;4.0
0;0.04667917;0.266667;4.0
0;0.0422406;0.22978511;4.0
0;0.024673073;0.26886737;4.0
0;0.12733656;0.25143176;4.0
0;0.00908882;0.22883645;4.0
0;0.08693884;0.20747343;4.0
0;0.10753635;0.28047013;4.0
0;0.05485836;0.16410418;4.0
0;0.08596899;0.17727895;4.0
0;0.074475765;0.29619676;4.0
0;0.13839018;0.30039805;4.0
0;0.03209375;0.15864567;4.0
0;0.061637897;0.20353945;4.0
0;0.16224973;0.20220476;4.0
0;0.03480921;0.25386283;4.0
0;0.08632051;0.22983518;4.0
0;0.11961417;0.20432009;4.0
0;0.087125525;0.21283384;4.0
0;0.06888174;0.0917748;4.0
0;0.10246461;0.13747077;4.0
0;0.090658285;0.15414295;4.0
0;0.07425443;0.17636399;4.0
0;0.07980242;0.22159618;4.0
0;0.024476184;0.30634078;4.0
0;0.10836968;0.22979681;4.0
0;0.07052447;0.25400838;4.0
0;0.12452853;0.21783349;4.0
0;0.07599938;0.28991312;4.0
0;0.11610207;0.17804316;4.0
0;0.035922512;0.24189457;4.0
0;0.12081648;0.13483854;4.0
0;0.116779394;0.17135374;4.0
0;0.061117508;0.20810944;4.0
0;0.06637384;0.21559338;4.0
0;0.089816436;0.16555217;4.0
0;0.09644246;0.15608875;4.0
0;0.14131804;0.2365581;4.0
0;0.13193695;0.20549138;4.0
0;0.1088914;0.24798104;4.0
0;0.08577741;0.19351384;4.0
