DY
876
2

0;0.117346056;0.06023777;1.0
0;0.086236425;0.014567014;1.0
0;0.14833793;0.07530008;1.0
0;0.08734974;0.024387727;1.0
0;0.1020889;0.084929734;1.0
0;0.14344649;0.0335231;1.0
0;0.0920683;0.070532046;1.0
0;0.15245144;0.07329692;1.0
0;0.110694855;0.05760399;1.0
0;0.14472093;0.10698164;1.0
0;0.110740416;0.0820244;1.0
0;0.07377168;0.059432704;1.0
0;0.11326392;0.02449723;1.0
0;0.10127087;0.07024019;1.0
0;0.12149913;0.12189178;1.0
0;0.10305945;0.09157365;1.0
0;0.1261798;0.106326185;1.0
0;0.029076956;0.09523792;1.0
0;0.10529492;0.09504953;1.0
0;0.14933969;0.074865215;1.0
0;0.14563803;0.1066535;1.0
0;0.110607594;0.05994895;1.0
0;0.14819874;0.09244098;1.0
0;0.07026769;0.06897732;1.0
0;0.15051249;0.11754202;1.0
0;0.14931807;0.05344718;1.0
0;0.13457125;0.056823593;1.0
0;0.09169001;0.034053512;1.0
0;0.074197225;0.06501622;1.0
0;0.10932921;0.085679755;1.0
0;0.09398236;0.05665596;1.0
0;0.13764678;0.055078056;1.0
0;0.06994142;0.04376324;1.0
0;0.13711679;0.079864256;1.0
0;0.06079096;0.10364816;1.0
0;0.095006116;0.08588473;1.0
0;0.1074118;0.122002296;1.0
0;0.11768749;0.07786666;1.0
0;0.15318327;0.080494665;1.0
0;0.10372264;0.09366619;1.0
0;0.098032594;0.075643;1.0
0;0.14243123;0.027302448;1.0
0;0.10313829;0.06270911;1.0
0;0.08978139;0.031304214;1.0
0;0.090764076;0.044887193;1.0
0;0.06409121;0.102155;1.0
0;0.15244977;0.10295738;1.0
0;0.10284053;0.060375433;1.0
0;0.104086384;0.072894424;1.0
0;0.1437984;0.07788978;1.0
0;0.07073613;0.080757014;1.0
0;0.09389687;0.0767025;1.0
0;0.09748373;0.10395766;1.0
0;0.07595647;0.056177054;1.0
0;0.15350759;0.09635953;1.0
0;0.09689543;0.09511862;1.0
0;0.11579705;0.0849097;1.0
0;0.17547964;0.089256935;1.0
0;0.13820961;0.07174755;1.0
0;0.11464114;0.056126595;1.0
0;0.0;0.09612322;1.0
0;0.121015206;0.04097668;1.0
0;0.11801548;0.10625021;1.0
0;0.072640516;0.04689356;1.0
0;0.12244292;0.09992063;1.0
0;0.10230573;0.07307227;1.0
0;0.07214596;0.022810811;1.0
0;0.07434095;0.094160885;1.0
0;0.108994484;0.13176346;1.0
0;0.14491262;0.097951084;1.0
0;0.12783134;0.04798667;1.0
0;0.13377042;0.10501542;1.0
0;0.14279093;0.11199446;1.0
0;0.062344797;0.056727007;1.0
0;0.11136459;0.08750816;1.0
0;0.14932011;0.05787228;1.0
0;0.08224952;0.085149005;1.0
0;0.08803213;0.04496584;1.0
0;0.09582766;0.13874286;1.0
0;0.10974313;0.056534894;1.0
0;0.083447374;0.06968936;1.0
0;0.12976438;0.0;1.0
0;0.15373978;0.115545504;1.0
0;0.08885294;0.07866071;1.0
0;0.04960044;0.06474626;1.0
0;0.11422794;0.12225412;1.0
0;0.06724913;0.042234123;1.0
0;0.12734649;0.0983324;1.0
0;0.115105845;0.080840565;1.0
0;0.060927317;0.07780401;1.0
0;0.10570792;0.09911237;1.0
0;0.10181726;0.05192483;1.0
0;0.1589441;0.076259695;1.0
0;0.116875246;0.09486338;1.0
0;0.081276685;0.043206893;1.0
0;0.10031913;0.06405656;1.0
0;0.089730985;0.082272045;1.0
0;0.12946439;0.05205919;1.0
0;0.07209948;0.059329093;1.0
0;0.105281465;0.060687233;1.0
0;0.10831523;0.058636617;1.0
0;0.07787544;0.062959544;1.0
0;0.1317124;0.087104246;1.0
0;0.0687465;0.07666185;1.0
0;0.122062124;0.06430104;1.0
0;0.13651027;0.05003933;1.0
0;0.095002204;0.08114197;1.0
0;0.113621935;0.05669842;1.0
0;0.12559602;0.100771375;1.0
0;0.15722714;0.088728026;1.0
0;0.15108413;0.05785194;1.0
0;0.115441136;0.07007131;1.0
0;0.11309912;0.054908138;1.0
0;0.091318876;0.05862036;1.0
0;0.04758151;0.060281638;1.0
0;0.10248257;0.044320177;1.0
0;0.14868934;0.09294059;1.0
0;0.11790636;0.08038824;1.0
0;0.13210998;0.10598935;1.0
0;0.14817177;0.056682374;1.0
0;0.09716313;0.04679641;1.0
0;0.087783106;0.088235356;1.0
0;0.10333358;0.0867008;1.0
0;0.09257526;0.051216487;1.0
0;0.06889871;0.105479695;1.0
0;0.09926039;0.121120304;1.0
0;0.12400251;0.07292786;1.0
0;0.08056153;0.055858184;1.0
0;0.07152701;0.09534631;1.0
0;0.13865691;0.07614508;1.0
0;0.10837674;0.10982941;1.0
0;0.09911817;0.110245354;1.0
0;0.101937056;0.051936936;1.0
0;0.09128277;0.100140624;1.0
0;0.10910497;0.09518913;1.0
0;0.11002905;0.10826263;1.0
0;0.17658567;0.06522049;1.0
0;0.080676414;0.08202568;1.0
0;0.11295109;0.11675399;1.0
0;0.102815084;0.10221838;1.0
0;0.10796674;0.06360366;1.0
0;0.111111484;0.08699484;1.0
0;0.07831917;0.12154051;1.0
0;0.021918247;0.096954435;1.0
0;0.07591072;0.099735275;1.0
0;0.10980272;0.13986659;1.0
0;0.07562612;0.08626675;1.0
0;0.08020927;0.07871729;1.0
0;0.13088112;0.07693388;1.0
0;0.12954064;0.06351698;1.0
0;0.06400998;0.09881709;1.0
0;0.09729661;0.094354235;1.0
0;0.11184958;0.067389354;1.0
0;0.15965532;0.06697621;1.0
0;0.086857595;0.07849516;1.0
0;0.09505892;0.09013787;1.0
0;0.086518504;0.053232208;1.0
0;0.05831338;0.08625981;1.0
0;0.10917827;0.06737979;1.0
0;0.18063329;0.037733868;1.0
0;0.10528264;0.07788555;1.0
0;0.09637236;0.12849912;1.0
0;0.12979062;0.10807692;1.0
0;0.115225576;0.059940275;1.0
0;0.11273621;0.06441586;1.0
0;0.14332925;0.089258716;1.0
0;0.06972947;0.09236949;1.0
0;0.092720985;0.017929707;1.0
0;0.14588636;0.01682448;1.0
0;0.06290146;0.108243935;1.0
0;0.110011026;0.061600406;1.0
0;0.08513913;0.06344356;1.0
0;0.1265054;0.09914441;1.0
0;0.12396236;0.03189509;1.0
0;0.09444584;0.095003955;1.0
0;0.090819865;0.08694972;1.0
0;0.12226198;0.076783486;1.0
0;0.11666064;0.08676956;1.0
0;0.12927131;0.07978734;1.0
0;0.1120092;0.07428062;1.0
0;0.08252962;0.09043199;1.0
0;0.14619341;0.12333662;1.0
0;0.047395278;0.08934917;1.0
0;0.03786071;0.066653326;1.0
0;0.11055654;0.05637293;1.0
0;0.088925645;0.06283811;1.0
0;0.12931211;0.08645013;1.0
0;0.1131282;0.07914999;1.0
0;0.11281569;0.062404774;1.0
0;0.12373551;0.07446103;1.0
0;0.10539167;0.051802497;1.0
0;0.14759904;0.09518003;1.0
0;0.0852764;0.042350028;1.0
0;0.096801154;0.08166293;1.0
0;0.117315486;0.059414975;1.0
0;0.101670206;0.06546104;1.0
0;0.090030976;0.079444855;1.0
0;0.050169572;0.08684999;1.0
0;0.11022236;0.042902645;1.0
0;0.09790488;0.09330133;1.0
0;0.11895358;0.076678015;1.0
0;0.13041745;0.08900152;1.0
0;0.13291931;0.058216907;1.0
0;0.10354177;0.098396406;1.0
0;0.11688612;0.055808913;1.0
0;0.18668424;0.106559105;1.0
0;0.06192682;0.08839131;1.0
0;0.06159764;0.08418546;1.0
0;0.11486294;0.07937675;1.0
0;0.0671225;0.07895319;1.0
0;0.107876316;0.07780076;1.0
0;0.11133337;0.049529772;1.0
0;0.14064044;0.12959902;1.0
0;0.10318364;0.03701026;1.0
0;0.12534998;0.056674007;1.0
0;0.08684118;0.060990125;1.0
0;0.08843783;0.09130863;1.0
0;0.11916931;0.0701412;1.0
0;0.1517505;0.07697067;1.0
0;0.10087148;0.065491535;1.0
0;0.11656657;0.042836644;1.0
0;0.040425733;0.056748386;1.0
0;0.046693612;0.054086134;1.0
0;0.1599397;0.06381449;1.0
0;0.11208162;0.07063009;1.0
0;0.094342984;0.08751506;1.0
0;0.035648186;0.05559957;1.0
0;0.08853056;0.054842837;1.0
0;0.1281109;0.08713688;1.0
0;0.13151495;0.050120585;1.0
0;0.101918206;0.081996135;1.0
0;0.16353105;0.06868128;1.0
0;0.14266928;0.091285884;1.0
0;0.13058788;0.07333554;1.0
0;0.09537872;0.06353462;1.0
0;0.13835888;0.053001083;1.0
0;0.09253121;0.069294564;1.0
0;0.1196385;0.046250332;1.0
0;0.09715918;0.09135135;1.0
0;0.08256222;0.094509795;1.0
0;0.11476624;0.08173178;1.0
0;0.1261344;0.09517766;1.0
0;0.08156465;0.05738824;1.0
0;0.093381494;0.06251676;1.0
0;0.08400192;0.047814038;1.0
0;0.17122026;0.08829068;1.0
0;0.09271398;0.048654426;1.0
0;0.07092974;0.06295802;1.0
0;0.07846585;0.077057235;1.0
0;0.068076186;0.050652213;1.0
0;0.117395304;0.09243807;1.0
0;0.13232143;0.043472312;1.0
0;0.0816594;0.084074765;1.0
0;0.16029586;0.04855564;1.0
0;0.12476661;0.09873973;1.0
0;0.08950983;0.11488195;1.0
0;0.08284965;0.087542474;1.0
0;0.17141192;0.052664686;1.0
0;0.13226916;0.043728247;1.0
0;0.08210936;0.12223957;1.0
0;0.10171977;0.04414534;1.0
0;0.1173479;0.062921934;1.0
0;0.07735218;0.057452854;1.0
0;0.120150894;0.10998882;1.0
0;0.1220151;0.06644354;1.0
0;0.10378849;0.05837235;1.0
0;0.13329731;0.083182566;1.0
0;0.12707002;0.09599527;1.0
0;0.12060339;0.046287574;1.0
0;0.106822774;0.05292806;1.0
0;0.1083216;0.07488946;1.0
0;0.08838856;0.09971557;1.0
0;0.09232608;0.040386908;1.0
0;0.110151075;0.09938867;1.0
0;0.11887609;0.11354427;1.0
0;0.14430839;0.07157495;1.0
0;0.14128673;0.112372726;1.0
0;0.10107302;0.08502504;1.0
0;0.11459329;0.064812936;1.0
0;0.11670118;0.045627505;1.0
0;0.07941166;0.119439706;1.0
0;0.071328096;0.07497736;1.0
0;0.10414947;0.060535934;1.0
0;0.10793799;0.06586952;1.0
0;0.10833946;0.047880664;1.0
0;0.11084242;0.058050774;1.0
0;0.1263508;0.012671802;1.0
0;0.1052302;0.102292374;1.0
0;0.15216969;0.097844556;1.0
0;0.07772269;0.04860776;1.0
0;0.12177185;0.022047356;1.0
0;0.13942415;0.064834945;1.0
0;1.2463578;0.92478496;2.0
0;1.3055483;0.8842006;2.0
0;1.2493747;0.9249667;2.0
0;1.2926275;0.92698115;2.0
0;1.3025085;0.8667796;2.0
0;1.3057189;0.88506633;2.0
0;1.26867;0.89744157;2.0
0;1.3308927;0.9212554;2.0
0;1.3516089;0.92358893;2.0
0;1.2886477;0.92633766;2.0
0;1.3066076;0.91293263;2.0
0;1.3306196;0.9081898;2.0
0;1.279776;0.9279973;2.0
0;1.3097535;0.86117136;2.0
0;1.30719;0.90161717;2.0
0;1.2923299;0.88376975;2.0
0;1.3110678;0.9172107;2.0
0;1.299425;0.8575799;2.0
0;1.2806545;0.935489;2.0
0;1.2874305;0.9279093;2.0
0;1.2879194;0.92206216;2.0
0;1.3080075;0.90648264;2.0
0;1.3098209;0.87327313;2.0
0;1.2911236;0.8963004;2.0
0;1.3231859;0.8994488;2.0
0;1.3481681;0.92804706;2.0
0;1.282726;0.91790545;2.0
0;1.2807873;0.88431495;2.0
0;1.3504363;0.89532626;2.0
0;1.3090428;0.92266566;2.0
0;1.3188772;0.92971426;2.0
0;1.2637227;0.8935696;2.0
0;1.3045138;0.8764842;2.0
0;1.3040787;0.8732051;2.0
0;1.294494;0.93613577;2.0
0;1.3533634;0.914101;2.0
0;1.3075635;0.9314546;2.0
0;1.2905364;0.8958202;2.0
0;1.3422894;0.9129433;2.0
0;1.2998071;0.8912247;2.0
0;1.3189181;0.9102995;2.0
0;1.2420766;0.91870993;2.0
0;1.3268299;0.88342255;2.0
0;1.3174444;0.895087;2.0
0;1.2929788;0.8838425;2.0
0;1.2667606;0.90668577;2.0
0;1.2693943;0.9078057;2.0
0;1.3232182;0.8958317;2.0
0;1.2940162;0.9005055;2.0
0;1.3027117;0.9354665;2.0
0;1.2825674;0.9082517;2.0
0;1.2833973;0.8896707;2.0
0;1.3475839;0.8986658;2.0
0;1.311266;0.8666082;2.0
0;1.2884786;0.85597086;2.0
0;1.2171153;0.9175275;2.0
0;1.3340117;0.8726034;2.0
0;1.2765524;0.8989752;2.0
0;1.3003508;0.87861675;2.0
0;1.2838391;0.887362;2.0
0;1.2739671;0.8576007;2.0
0;1.277026;0.9509139;2.0
0;1.3022127;0.9038824;2.0
0;1.2799119;0.9558791;2.0
0;1.2710724;0.91266537;2.0
0;1.3049533;0.9023231;2.0
0;1.287719;0.9111409;2.0
0;1.2662529;0.90076363;2.0
0;1.2866131;0.89328736;2.0
0;1.2671791;0.92494494;2.0
0;1.2674179;0.90271103;2.0
0;1.2950773;0.8913668;2.0
0;1.3325598;0.88525164;2.0
0;1.3011528;0.9143774;2.0
0;1.3068067;0.88817847;2.0
0;1.321285;0.9353886;2.0
0;1.2968519;0.94982773;2.0
0;1.3505421;0.9348846;2.0
0;1.2798718;0.94659173;2.0
0;1.3124429;0.8427445;2.0
0;1.3045933;0.91234183;2.0
0;1.3102092;0.9077074;2.0
0;1.3170416;0.90252006;2.0
0;1.3173538;0.893922;2.0
0;1.306572;0.9044627;2.0
0;1.25019;0.89829546;2.0
0;1.2951537;0.9249305;2.0
0;1.340345;0.9036162;2.0
0;1.3099;0.9084712;2.0
0;1.3468226;0.89941907;2.0
0;1.3299558;0.94096404;2.0
0;1.2621194;0.88728726;2.0
0;1.2905113;0.9163665;2.0
0;1.3572291;0.8968237;2.0
0;1.329516;0.88921654;2.0
0;1.3022531;0.8928716;2.0
0;1.3680909;0.9081317;2.0
0;1.2810192;0.8868635;2.0
0;1.2768892;0.899973;2.0
0;1.2498854;0.93068874;2.0
0;1.315685;0.9285679;2.0
0;1.2819256;0.92037183;2.0
0;1.2636737;0.87560797;2.0
0;1.2951225;0.91974896;2.0
0;1.2772353;0.90597355;2.0
0;1.3005714;0.8586295;2.0
0;1.2747633;0.905471;2.0
0;1.2733072;0.9188522;2.0
0;1.3409101;0.8872736;2.0
0;1.2979193;0.8803689;2.0
0;1.3048217;0.91929173;2.0
0;1.2998928;0.880181;2.0
0;1.2657543;0.9218606;2.0
0;1.3294239;0.9040421;2.0
0;1.3032845;0.9463393;2.0
0;1.3490162;0.9165216;2.0
0;1.3462592;0.9150169;2.0
0;1.3194759;0.90878946;2.0
0;1.2156051;0.91582626;2.0
0;1.2891635;0.9009445;2.0
0;1.2715877;0.868273;2.0
0;1.286951;0.87435526;2.0
0;1.2598366;0.91487944;2.0
0;1.2767308;0.90196186;2.0
0;1.3189931;0.9294689;2.0
0;1.2799739;0.8483541;2.0
0;1.2753521;0.88753223;2.0
0;1.2946048;0.98389935;2.0
0;1.3526045;0.90109956;2.0
0;1.2880484;0.91766965;2.0
0;1.2753036;0.89508325;2.0
0;1.2748785;0.8854678;2.0
0;1.3532368;0.9020031;2.0
0;1.3031864;0.9561443;2.0
0;1.3236228;0.9194341;2.0
0;1.286468;0.89244395;2.0
0;1.3043973;0.877194;2.0
0;1.287433;0.86669195;2.0
0;1.3086796;0.9197505;2.0
0;1.3560036;0.8723297;2.0
0;1.2511393;0.882606;2.0
0;1.2956345;0.8878967;2.0
0;1.2679583;0.91079557;2.0
0;1.3556203;0.85811275;2.0
0;1.2851685;0.9175424;2.0
0;1.316057;0.9333383;2.0
0;1.2858785;0.89276403;2.0
0;1.3353342;0.92550766;2.0
0;1.3143895;0.9021137;2.0
0;1.3241724;0.88526374;2.0
0;1.3052262;0.86995155;2.0
0;1.298073;0.8570151;2.0
0;1.2856735;0.87050176;2.0
0;1.2752515;0.9064025;2.0
0;1.3146743;0.85220295;2.0
0;1.2998196;0.88822645;2.0
0;1.2988921;0.91330045;2.0
0;1.32605;0.920658;2.0
0;1.27073;0.93566895;2.0
0;1.2751241;0.9256741;2.0
0;1.2861694;0.94483745;2.0
0;1.3306901;0.88070196;2.0
0;1.2949091;0.8625124;2.0
0;1.2886709;0.880763;2.0
0;1.2246281;0.93972147;2.0
0;1.2641554;0.8880583;2.0
0;1.3283684;0.8491507;2.0
0;1.3146958;0.9678878;2.0
0;1.3208001;0.92563164;2.0
0;1.3415768;0.88629484;2.0
0;1.281788;0.94623023;2.0
0;1.2879257;0.9000511;2.0
0;1.2296605;0.91723114;2.0
0;1.285856;0.95395184;2.0
0;1.2894782;0.87618697;2.0
0;1.3512464;0.8868251;2.0
0;1.2909259;0.9188508;2.0
0;1.3060122;0.92765903;2.0
0;1.286121;0.94562066;2.0
0;1.268522;0.9089778;2.0
0;1.2785454;0.9342899;2.0
0;1.2827151;0.88966304;2.0
0;1.2994676;0.87347156;2.0
0;1.3220179;0.8978044;2.0
0;1.2760322;0.89959663;2.0
0;1.312691;0.8640773;2.0
0;1.3083011;0.9163311;2.0
0;1.2812136;0.9177479;2.0
0;1.2823282;0.8973264;2.0
0;1.295771;0.940787;2.0
0;1.3142365;0.90993637;2.0
0;1.2893659;0.895362;2.0
0;1.3450289;0.893516;2.0
0;1.2991123;0.8418806;2.0
0;1.2848723;0.9241375;2.0
0;1.2949858;0.8824274;2.0
0;1.3332337;0.9056733;2.0
0;1.2732933;0.860546;2.0
0;1.3143103;0.9239203;2.0
0;1.3038197;0.8913203;2.0
0;1.3147148;0.9267677;2.0
0;1.3177322;0.8954989;2.0
0;1.3127989;0.8902993;2.0
0;1.3086092;0.8894562;2.0
0;1.273302;0.91803694;2.0
0;1.350893;0.9227239;2.0
0;1.2920668;0.91563493;2.0
0;1.318237;0.90638906;2.0
0;1.2847768;0.86803645;2.0
0;1.330186;0.89376587;2.0
0;1.2397083;0.8988612;2.0
0;1.3079675;0.8998646;2.0
0;1.3115815;0.8837877;2.0
0;1.3393995;0.90180445;2.0
0;1.316202;0.950214;2.0
0;1.3319998;0.9209615;2.0
0;1.2967546;0.90225416;2.0
0;1.3034596;0.8757323;2.0
0;1.3593466;0.92908746;2.0
0;1.3082893;0.9508887;2.0
0;1.2672944;0.91980875;2.0
0;1.3283123;0.90592366;2.0
0;1.2734249;0.90184456;2.0
0;1.2927898;0.8882402;2.0
0;1.3273034;0.9028728;2.0
0;1.2660211;0.8940183;2.0
0;1.2543236;0.9029493;2.0
0;1.3305414;0.8765323;2.0
0;1.3068035;0.88972706;2.0
0;1.3081373;0.91250545;2.0
0;1.274457;0.9074132;2.0
0;1.2909756;0.9026969;2.0
0;1.2351974;0.9213142;2.0
0;1.2839471;0.9034565;2.0
0;1.2953936;0.91439813;2.0
0;1.3164955;0.9109015;2.0
0;1.2863964;0.90085244;2.0
0;1.3282495;0.8833626;2.0
0;1.2960438;0.8810803;2.0
0;1.3117365;0.90441704;2.0
0;1.2967788;0.8985322;2.0
0;1.2655795;0.9131857;2.0
0;1.2998939;0.932375;2.0
0;1.3075154;0.92585367;2.0
0;1.3269112;0.8882232;2.0
0;1.291432;0.89792913;2.0
0;1.3582397;0.9074433;2.0
0;1.3091238;0.90201;2.0
0;1.293963;0.9438133;2.0
0;1.3030754;0.90174943;2.0
0;1.3103206;0.89008033;2.0
0;1.3091221;0.9153397;2.0
0;1.3376409;0.8587278;2.0
0;1.297501;0.8722622;2.0
0;1.3223372;0.88913786;2.0
0;1.271154;0.89175147;2.0
0;1.2882046;0.8884637;2.0
0;1.2984601;0.94353455;2.0
0;1.2829309;0.90246797;2.0
0;1.3343326;0.8869063;2.0
0;1.2897661;0.88283235;2.0
0;1.2896639;0.89136755;2.0
0;1.2896338;0.8538878;2.0
0;1.2872136;0.9353484;2.0
0;1.3260791;0.8690509;2.0
0;1.2947365;0.9130799;2.0
0;1.2974594;0.9129148;2.0
0;1.3076185;0.9351896;2.0
0;1.3303223;0.8887997;2.0
0;1.3471081;0.91812927;2.0
0;1.2888815;0.88102496;2.0
0;1.2817967;0.898341;2.0
0;1.281545;0.91341865;2.0
0;1.2934442;0.9287979;2.0
0;1.2661265;0.9044831;2.0
0;1.340236;0.89289474;2.0
0;1.3258582;0.9079758;2.0
0;1.2695148;0.87580484;2.0
0;1.2955084;0.8887583;2.0
0;1.2939013;0.885751;2.0
0;1.3011127;0.8792778;2.0
0;1.3409109;0.88902754;2.0
0;1.2685262;0.9084318;2.0
0;1.3336058;0.8970324;2.0
0;1.3065493;0.9292963;2.0
0;1.3022751;0.8792489;2.0
0;1.3238666;0.90296304;2.0
0;1.3065065;0.91682434;2.0
0;1.2866241;0.89438707;2.0
0;1.3162305;0.88427955;2.0
0;1.3219783;0.9331613;2.0
0;1.3095198;0.8867261;2.0
0;1.9836383;0.98937416;3.0
0;1.9842863;0.99003375;3.0
0;1.9758701;0.99456257;3.0
0;1.9735978;0.98523134;3.0
0;1.9836926;0.9902589;3.0
0;1.9730725;0.9932352;3.0
0;1.9800153;0.98122525;3.0
0;1.9774164;0.98246676;3.0
0;1.9782181;0.9809864;3.0
0;1.9937363;0.9899276;3.0
0;1.9774414;0.9814871;3.0
0;1.9813789;0.9803524;3.0
0;1.9778411;0.97929657;3.0
0;1.9742922;0.9769122;3.0
0;1.9785088;0.99281245;3.0
0;1.9879858;0.991231;3.0
0;1.9785099;0.98090583;3.0
0;1.9807123;0.9955318;3.0
0;1.9722072;0.98102057;3.0
0;1.9849406;0.9856548;3.0
0;1.9790235;0.97557306;3.0
0;1.9810389;0.9792368;3.0
0;1.9919689;0.9764731;3.0
0;1.988224;0.9858372;3.0
0;1.9916822;0.9660902;3.0
0;1.968088;0.9894385;3.0
0;1.9794525;0.9865296;3.0
0;1.9755323;0.98089314;3.0
0;1.9803886;0.9917335;3.0
0;1.9958293;0.97850376;3.0
0;1.9745604;0.98827535;3.0
0;1.9794939;0.9803124;3.0
0;1.9800032;0.9856397;3.0
0;1.9870769;0.9760888;3.0
0;1.9730505;0.97577584;3.0
0;1.9851141;0.99846405;3.0
0;1.9780477;0.9935408;3.0
0;1.9854757;0.98488927;3.0
0;1.9839158;0.9826957;3.0
0;1.987733;0.98324645;3.0
0;1.9892592;0.9829534;3.0
0;1.9774789;0.99412286;3.0
0;1.9820007;0.98970133;3.0
0;1.9810236;0.9863085;3.0
0;1.9786721;0.9953168;3.0
0;1.9864293;0.9886196;3.0
0;1.98304;0.98608416;3.0
0;1.9831343;0.98760206;3.0
0;1.9793804;0.98928803;3.0
0;1.9772102;0.98568803;3.0
0;1.9851636;0.98701316;3.0
0;1.9768364;0.98110366;3.0
0;1.9809436;0.99119985;3.0
0;1.9863431;0.98773897;3.0
0;1.986483;0.98081964;3.0
0;1.9830041;0.991451;3.0
0;1.9870995;0.99104726;3.0
0;1.9992802;0.9834326;3.0
0;1.9931685;0.9844517;3.0
0;1.9763201;0.990746;3.0
0;1.9742025;0.9881159;3.0
0;1.975148;0.9848424;3.0
0;1.9819778;0.98129696;3.0
0;1.9722068;0.9930689;3.0
0;1.9724143;0.988716;3.0
0;1.9827273;0.98979044;3.0
0;1.9751409;0.98472285;3.0
0;1.9728621;0.99053884;3.0
0;1.9729551;0.9952877;3.0
0;1.9766296;0.983927;3.0
0;1.9792224;0.9752493;3.0
0;1.9825824;0.99431163;3.0
0;1.977365;0.9813395;3.0
0;1.9716048;0.9972711;3.0
0;1.994409;0.9766115;3.0
0;1.9796448;0.9886301;3.0
0;1.9788221;0.9831967;3.0
0;1.9837369;0.9853685;3.0
0;1.983192;0.98511267;3.0
0;1.9760225;0.9877455;3.0
0;1.9879231;0.98800176;3.0
0;1.9853967;0.9846626;3.0
0;1.9741575;0.98827064;3.0
0;1.9734099;0.98464173;3.0
0;1.9814391;0.9885498;3.0
0;1.9851183;0.9918517;3.0
0;1.9897295;0.99108744;3.0
0;1.9800503;0.9861356;3.0
0;1.973736;0.9810287;3.0
0;1.9718852;0.9811294;3.0
0;1.979202;0.9880596;3.0
0;1.9881828;0.9859027;3.0
0;1.984148;0.98307115;3.0
0;1.9766152;0.98622185;3.0
0;1.9680018;0.99037814;3.0
0;1.9984237;0.9855427;3.0
0;1.9861387;0.99045956;3.0
0;1.9762882;0.98430794;3.0
0;1.9792633;0.98597866;3.0
0;1.9835452;0.97777885;3.0
0;1.9822676;0.9884104;3.0
0;1.9820765;0.98479563;3.0
0;1.9925321;0.9882901;3.0
0;1.9799078;0.97680956;3.0
0;1.9851688;0.9945403;3.0
0;1.9777935;0.9857295;3.0
0;1.9767979;0.9839369;3.0
0;1.986704;0.98398167;3.0
0;1.976368;0.99555266;3.0
0;1.9698073;0.997989;3.0
0;1.9907321;0.9855976;3.0
0;1.9791955;0.97944176;3.0
0;1.9788134;0.99436176;3.0
0;1.9778548;0.9818176;3.0
0;1.9860034;0.97496426;3.0
0;1.9805691;0.99125457;3.0
0;1.9734241;0.98538256;3.0
0;1.9891349;0.9935174;3.0
0;1.9773672;0.98916924;3.0
0;1.9762061;0.98664653;3.0
0;1.9799676;0.97997665;3.0
0;1.9764147;0.98814726;3.0
0;1.9851158;0.9812532;3.0
0;1.9882733;0.9895145;3.0
0;1.9905221;0.98343843;3.0
0;1.9822413;0.98068845;3.0
0;1.9796191;0.9756883;3.0
0;1.9797707;0.9923337;3.0
0;1.9812504;0.981218;3.0
0;1.9744847;0.98701924;3.0
0;1.9803106;0.9895651;3.0
0;1.9874283;0.9796991;3.0
0;1.9817241;0.9947681;3.0
0;1.9876425;0.97912776;3.0
0;1.975917;0.9824886;3.0
0;1.9765455;0.9807255;3.0
0;1.9789364;0.9815862;3.0
0;1.9825277;0.98412937;3.0
0;1.987854;0.98544544;3.0
0;1.9865452;0.98430246;3.0
0;1.986479;0.9872525;3.0
0;1.9751308;0.98440146;3.0
0;1.9679378;0.9778191;3.0
0;1.9853129;0.9827965;3.0
0;1.9888422;0.9738619;3.0
0;1.9781287;0.98608625;3.0
0;1.9943368;0.9918456;3.0
0;1.9933383;0.9946711;3.0
0;1.9781188;0.9910301;3.0
0;1.9768113;0.99311936;3.0
0;1.9838004;0.98893476;3.0
0;1.9829723;0.98322874;3.0
0;1.9748219;0.9809561;3.0
0;1.9796996;0.98358524;3.0
0;1.9783556;0.983384;3.0
0;1.9893379;0.9770536;3.0
0;1.9780301;0.9962315;3.0
0;1.98443;0.9819049;3.0
0;1.98424;0.98966587;3.0
0;1.9866277;0.9918492;3.0
0;1.9746033;0.9922039;3.0
0;1.9821975;0.9815573;3.0
0;1.9765147;0.98341876;3.0
0;1.9906768;0.9847566;3.0
0;1.9911017;0.97780377;3.0
0;1.9651058;0.98678505;3.0
0;1.9879974;0.98734015;3.0
0;1.9810921;0.9776634;3.0
0;1.9842092;1.0;3.0
0;1.9810165;0.9838618;3.0
0;1.9813865;0.9791886;3.0
0;1.9883988;0.9815475;3.0
0;1.9930519;0.98117757;3.0
0;1.9749645;0.98450017;3.0
0;1.9832069;0.9811648;3.0
0;1.9726582;0.98778176;3.0
0;1.9857943;0.9882512;3.0
0;1.9824759;0.9902035;3.0
0;1.9950372;0.98431873;3.0
0;1.9816256;0.9771322;3.0
0;1.9873196;0.9958254;3.0
0;1.9914494;0.99264854;3.0
0;1.9777187;0.9747751;3.0
0;1.988741;0.9913923;3.0
0;1.9696479;0.9933782;3.0
0;1.9713922;0.9841263;3.0
0;1.9916677;0.98807436;3.0
0;1.9869351;0.99319065;3.0
0;1.9771473;0.98434764;3.0
0;1.9792199;0.98623633;3.0
0;1.9933885;0.9800347;3.0
0;1.9866605;0.9830995;3.0
0;1.9599527;0.99330986;3.0
0;1.9835228;0.9728776;3.0
0;1.9956208;0.9847776;3.0
0;1.9788214;0.9786828;3.0
0;1.9674948;0.9906895;3.0
0;1.9740912;0.9879972;3.0
0;1.9844152;0.9916219;3.0
0;1.9765714;0.9960463;3.0
0;1.9800775;0.9910561;3.0
0;1.9946088;0.9902704;3.0
0;1.974873;0.98462135;3.0
0;1.9838282;0.9939184;3.0
0;1.9748487;0.9872525;3.0
0;1.9902418;0.98114616;3.0
0;1.9798247;0.98421615;3.0
0;1.9751738;0.99193287;3.0
0;1.9793928;0.98482716;3.0
0;1.9771593;0.98417604;3.0
0;1.9832542;0.9772607;3.0
0;1.9811833;0.9897785;3.0
0;1.9669377;0.9788575;3.0
0;2.0;0.98842996;3.0
0;1.9807843;0.9925322;3.0
0;1.9789723;0.9899227;3.0
0;1.9689506;0.9827712;3.0
0;1.9950241;0.9911453;3.0
0;1.9908481;0.99352914;3.0
0;1.9662856;0.98940855;3.0
0;1.9813515;0.9811031;3.0
0;1.9860865;0.99485266;3.0
0;1.9905354;0.98805714;3.0
0;1.970799;0.99660504;3.0
0;1.984865;0.98495364;3.0
0;1.9856362;0.96644664;3.0
0;1.9850417;0.97847;3.0
0;1.9665852;0.98166853;3.0
0;1.9822711;0.98160267;3.0
0;1.979609;0.99030477;3.0
0;1.9753594;0.98173785;3.0
0;1.972625;0.9882591;3.0
0;1.9883783;0.9819382;3.0
0;1.9845558;0.9816414;3.0
0;1.9929215;0.98238796;3.0
0;1.9653549;0.9782299;3.0
0;1.9925829;0.98900133;3.0
0;1.9805808;0.9894585;3.0
0;1.9795245;0.9831669;3.0
0;1.9731847;0.98581;3.0
0;1.9857967;0.9827923;3.0
0;1.9932051;0.97654873;3.0
0;1.9800507;0.9930366;3.0
0;1.9751371;0.9858614;3.0
0;1.966191;0.9959316;3.0
0;1.9806157;0.9972815;3.0
0;1.9830421;0.9811509;3.0
0;1.9802558;0.99422956;3.0
0;1.9927994;0.9890715;3.0
0;1.9934132;0.9882082;3.0
0;1.9713905;0.9761687;3.0
0;1.9830798;0.9908954;3.0
0;1.9740919;0.9809571;3.0
0;1.9869694;0.9840798;3.0
0;1.9807407;0.9927429;3.0
0;1.9941701;0.9908979;3.0
0;1.971472;0.9783519;3.0
0;1.9793932;0.9940163;3.0
0;1.9709266;0.9850964;3.0
0;1.9966285;0.9833939;3.0
0;1.9844491;0.9796778;3.0
0;1.9776597;0.98375696;3.0
0;1.9880538;0.9970025;3.0
0;1.9860888;0.9916272;3.0
0;1.9778012;0.9850105;3.0
0;1.9884561;0.98534304;3.0
0;1.9867396;0.99017626;3.0
0;1.9684368;0.9789516;3.0
0;1.9848542;0.9797348;3.0
0;1.9825131;0.98729587;3.0
0;1.980095;0.9853272;3.0
0;1.978565;0.98467594;3.0
0;1.9937042;0.9751575;3.0
0;1.9848493;0.99247354;3.0
0;1.9706728;0.9838564;3.0
0;1.9767634;0.98276395;3.0
0;1.9742339;0.9887953;3.0
0;1.9874634;0.99170995;3.0
0;1.9710073;0.9968507;3.0
0;1.9772229;0.99502647;3.0
0;1.9776896;0.98141044;3.0
0;1.9741278;0.9998298;3.0
0;1.979315;0.9895286;3.0
0;1.983982;0.98983496;3.0
0;1.9778979;0.9937748;3.0
0;1.9750997;0.98515546;3.0
0;1.9792376;0.9859046;3.0
0;1.9699581;0.9809605;3.0
0;1.9896681;0.99155015;3.0
0;1.988312;0.9851876;3.0
0;1.9927124;0.99572515;3.0
0;1.9717839;0.9832061;3.0
