DY
1005
2

0;0.44820046;0.9060589;1.0
0;0.32449624;0.8790888;1.0
0;0.047637027;0.89341724;1.0
0;0.382921;0.8631711;1.0
0;0.3974412;0.9263684;1.0
0;0.29834127;0.8388508;1.0
0;0.2547494;0.84870017;1.0
0;0.056490324;0.88599086;1.0
0;0.3283457;0.87890816;1.0
0;0.25346076;0.8812785;1.0
0;0.22683346;0.8524883;1.0
0;0.17305483;0.89337134;1.0
0;0.52397513;0.8489097;1.0
0;0.1871095;0.8675493;1.0
0;0.31265184;0.85489494;1.0
0;0.23874427;0.88980407;1.0
0;0.33685398;0.8985096;1.0
0;0.33937034;0.8547529;1.0
0;0.111363016;0.9043455;1.0
0;0.27839398;0.7824718;1.0
0;0.2209377;0.8341591;1.0
0;0.35122594;0.85657954;1.0
0;0.4003811;0.8920678;1.0
0;0.2615578;0.9250274;1.0
0;0.44025266;0.8279075;1.0
0;0.19032657;0.89857894;1.0
0;0.20568511;0.835484;1.0
0;0.27072102;0.81382793;1.0
0;0.41512835;0.8200059;1.0
0;0.22409686;0.9018662;1.0
0;0.30275962;0.86376166;1.0
0;0.17425242;0.8357337;1.0
0;0.24954385;0.8752844;1.0
0;0.24062714;0.87281764;1.0
0;0.19236407;0.82894963;1.0
0;0.28381217;0.9126745;1.0
0;0.27399117;0.8505644;1.0
0;0.18786338;0.916967;1.0
0;0.21659449;0.8469241;1.0
0;0.23004997;0.891741;1.0
0;0.17733556;0.8658661;1.0
0;0.2876685;0.86997336;1.0
0;0.22871912;0.8572289;1.0
0;0.43894717;0.86826015;1.0
0;0.46663526;0.9207187;1.0
0;0.4186281;0.87025636;1.0
0;0.03665329;0.8636584;1.0
0;0.32364032;0.90703046;1.0
0;0.22600439;0.87797534;1.0
0;0.1784632;0.91073215;1.0
0;0.3508638;0.93353677;1.0
0;0.33406356;0.881046;1.0
0;0.24679086;0.918398;1.0
0;0.42063054;0.8218139;1.0
0;0.17954938;0.90391207;1.0
0;0.19731292;0.8688737;1.0
0;0.06619342;0.84403723;1.0
0;0.38333425;0.85157055;1.0
0;0.51612437;0.8905697;1.0
0;0.2135493;0.85190886;1.0
0;0.23861079;0.85240674;1.0
0;0.0;0.91149586;1.0
0;0.37550074;0.85716474;1.0
0;0.049757782;1.0;1.0
0;0.2909927;0.91380954;1.0
0;0.2870823;0.89273506;1.0
0;0.19812113;0.85526335;1.0
0;0.2784043;0.8158927;1.0
0;0.22633967;0.8420307;1.0
0;0.34969866;0.83123434;1.0
0;0.40876195;0.8574377;1.0
0;0.19812918;0.85689193;1.0
0;0.33062115;0.87669474;1.0
0;0.1273559;0.8507099;1.0
0;0.2709701;0.83733517;1.0
0;0.42970496;0.8616471;1.0
0;0.4177284;0.86062306;1.0
0;0.40014723;0.87339187;1.0
0;0.4037319;0.8686326;1.0
0;0.27332038;0.9200083;1.0
0;0.4312982;0.8727829;1.0
0;0.29871252;0.83228654;1.0
0;0.40635103;0.9577316;1.0
0;0.24137454;0.89033276;1.0
0;0.34735647;0.8246003;1.0
0;0.2536503;0.82304394;1.0
0;0.14098257;0.89241403;1.0
0;0.20535041;0.846354;1.0
0;0.34659117;0.8610974;1.0
0;0.170673;0.82258177;1.0
0;0.15433308;0.9075292;1.0
0;0.25982675;0.9108592;1.0
0;0.18902148;0.85581046;1.0
0;0.31310812;0.8715694;1.0
0;0.37909654;0.8725094;1.0
0;0.18598329;0.87979925;1.0
0;0.21744406;0.87395626;1.0
0;0.13090688;0.8317154;1.0
0;0.24526826;0.86288697;1.0
0;0.27376238;0.8542439;1.0
0;0.16478822;0.8579266;1.0
0;0.42468154;0.9472074;1.0
0;0.26724786;0.86550415;1.0
0;0.27014938;0.8748507;1.0
0;0.13542645;0.93316895;1.0
0;0.2832228;0.8265771;1.0
0;0.29483092;0.832264;1.0
0;0.3380985;0.84580535;1.0
0;0.234988;0.8927727;1.0
0;0.15924701;0.87493426;1.0
0;0.43589038;0.84417105;1.0
0;0.3188726;0.7901748;1.0
0;0.12569286;0.83026123;1.0
0;0.35327652;0.8709327;1.0
0;0.3188483;0.9002108;1.0
0;0.3605106;0.8398057;1.0
0;0.18091184;0.8401516;1.0
0;0.072891966;0.82438993;1.0
0;0.27224478;0.8079575;1.0
0;0.22935951;0.96570694;1.0
0;0.2881722;0.85696054;1.0
0;0.22857343;0.94036007;1.0
0;0.30794293;0.87868243;1.0
0;0.27168858;0.8739173;1.0
0;0.03286516;0.86424726;1.0
0;0.24977583;0.8638406;1.0
0;0.4611287;0.906297;1.0
0;0.34974602;0.9003015;1.0
0;0.5495347;0.8735924;1.0
0;0.16771942;0.8628954;1.0
0;0.30817214;0.85825205;1.0
0;0.27598846;0.83344525;1.0
0;0.3066009;0.87396;1.0
0;0.2590983;0.9216156;1.0
0;0.14074439;0.89478624;1.0
0;0.16997619;0.8964126;1.0
0;0.44657242;0.8096141;1.0
0;0.34188896;0.8698199;1.0
0;0.26691616;0.89346313;1.0
0;0.33186758;0.9357792;1.0
0;0.20298068;0.83595794;1.0
0;0.21360368;0.8661327;1.0
0;0.3295053;0.8453538;1.0
0;0.40909865;0.8765522;1.0
0;0.37123698;0.91489637;1.0
0;0.48499283;0.83203644;1.0
0;0.043576147;0.8795029;1.0
0;0.3372496;0.8314112;1.0
0;0.34249914;0.78637815;1.0
0;0.32152203;0.8440897;1.0
0;0.36703846;0.90323406;1.0
0;0.30146182;0.85795707;1.0
0;0.15294968;0.8558575;1.0
0;0.4403573;0.77586675;1.0
0;0.20880206;0.84509426;1.0
0;0.42244536;0.8904189;1.0
0;0.25254953;0.8423654;1.0
0;0.16843042;0.84438866;1.0
0;0.12271215;0.8592016;1.0
0;0.2687276;0.88731444;1.0
0;0.19316354;0.81994236;1.0
0;0.27280372;0.8066495;1.0
0;0.34190482;0.8818861;1.0
0;0.33461794;0.9525197;1.0
0;0.31232753;0.8424895;1.0
0;0.09280021;0.89650476;1.0
0;0.29338926;0.8853512;1.0
0;0.32338798;0.8898607;1.0
0;0.3615536;0.84945875;1.0
0;0.3591836;0.85512173;1.0
0;0.20986599;0.8986088;1.0
0;0.36496526;0.8654408;1.0
0;0.29073936;0.8681722;1.0
0;0.34120357;0.78292364;1.0
0;0.30899134;0.86649173;1.0
0;0.16036245;0.8632879;1.0
0;0.46333915;0.8374019;1.0
0;0.25466812;0.8852189;1.0
0;0.20420673;0.918074;1.0
0;0.23682721;0.8672014;1.0
0;0.30176345;0.93107796;1.0
0;0.38697284;0.85735726;1.0
0;0.22256157;0.88438743;1.0
0;0.2648845;0.8306925;1.0
0;0.4380164;0.8441362;1.0
0;0.11595011;0.86015534;1.0
0;0.2088367;0.8258128;1.0
0;0.25910705;0.8489308;1.0
0;0.53201663;0.9384758;1.0
0;0.387626;0.8756038;1.0
0;0.24935687;0.8762203;1.0
0;0.14322335;0.8878693;1.0
0;0.33716023;0.8476395;1.0
0;0.23018634;0.89091074;1.0
0;0.376297;0.8391241;1.0
0;0.40148583;0.8337036;1.0
0;0.18155937;0.8133799;1.0
0;0.11336587;0.9534636;1.0
0;0.33650675;0.84559715;1.0
0;0.19120753;0.86194795;1.0
0;0.48899895;0.83119303;1.0
0;0.92507803;0.7564922;2.0
0;1.0432099;0.7698964;2.0
0;1.2445415;0.7270294;2.0
0;1.3073022;0.70707005;2.0
0;1.4346665;0.7188704;2.0
0;1.3130536;0.79582244;2.0
0;1.5743973;0.72962093;2.0
0;1.1098613;0.73444414;2.0
0;1.324465;0.6993538;2.0
0;1.4900413;0.83712155;2.0
0;1.0997722;0.642752;2.0
0;1.3337374;0.67082006;2.0
0;1.6938262;0.7009408;2.0
0;1.4315505;0.7586413;2.0
0;1.3097484;0.77188253;2.0
0;1.2779688;0.71656775;2.0
0;1.0956194;0.64582026;2.0
0;0.95573854;0.64544886;2.0
0;1.1246986;0.76817256;2.0
0;1.3457186;0.7216389;2.0
0;1.3402205;0.8238962;2.0
0;1.2084715;0.74453795;2.0
0;1.2789512;0.6606169;2.0
0;1.1319058;0.7323379;2.0
0;1.2000692;0.6870013;2.0
0;1.037433;0.64815044;2.0
0;1.2776637;0.6940375;2.0
0;1.484298;0.78856677;2.0
0;1.1579236;0.681703;2.0
0;1.2745457;0.71990556;2.0
0;1.462753;0.7149029;2.0
0;1.2148353;0.6940416;2.0
0;1.1653711;0.73402125;2.0
0;1.0558431;0.75654334;2.0
0;1.3689873;0.5980915;2.0
0;1.3519033;0.7356911;2.0
0;1.3248587;0.7816991;2.0
0;1.3777984;0.68179226;2.0
0;1.2623953;0.79562455;2.0
0;1.4905329;0.78750706;2.0
0;1.2406839;0.74453604;2.0
0;1.0313094;0.69089824;2.0
0;1.3272705;0.7714813;2.0
0;1.2932591;0.73996335;2.0
0;1.3481953;0.755918;2.0
0;1.3671672;0.73710406;2.0
0;1.3963926;0.7361437;2.0
0;1.0556928;0.6734005;2.0
0;1.5458233;0.72613573;2.0
0;1.2814598;0.6615708;2.0
0;1.4781544;0.72144455;2.0
0;1.3456063;0.6553277;2.0
0;1.2003961;0.896026;2.0
0;1.1894537;0.7872496;2.0
0;1.3938866;0.7063691;2.0
0;1.4199206;0.7934464;2.0
0;1.2470906;0.7316842;2.0
0;1.2974603;0.67750174;2.0
0;1.2474777;0.7570816;2.0
0;1.3977519;0.83436954;2.0
0;1.1140246;0.73854494;2.0
0;1.256173;0.6489747;2.0
0;1.4446132;0.7390695;2.0
0;1.3168786;0.7261279;2.0
0;1.2713122;0.72747445;2.0
0;1.2696662;0.73152936;2.0
0;1.3262134;0.5965896;2.0
0;1.1594672;0.7029507;2.0
0;1.0965829;0.7576878;2.0
0;1.1869488;0.65542305;2.0
0;1.2913593;0.7523325;2.0
0;1.1654043;0.6903761;2.0
0;1.4354091;0.72885096;2.0
0;1.5203118;0.69402945;2.0
0;1.4560146;0.6685295;2.0
0;1.3596005;0.7241193;2.0
0;1.1771972;0.7392549;2.0
0;1.4395856;0.8395731;2.0
0;1.6636429;0.8080372;2.0
0;1.3522202;0.61348647;2.0
0;1.1314139;0.7563565;2.0
0;1.1398641;0.7488903;2.0
0;1.3756671;0.6855203;2.0
0;1.3164093;0.7608717;2.0
0;1.5094757;0.6314818;2.0
0;1.3974624;0.7418409;2.0
0;1.3308676;0.77669054;2.0
0;1.188968;0.7483734;2.0
0;1.1023177;0.6228862;2.0
0;1.3284295;0.7757357;2.0
0;1.3583541;0.6793161;2.0
0;1.1757051;0.80146754;2.0
0;1.3858669;0.75915945;2.0
0;1.0402216;0.81858975;2.0
0;1.3492801;0.6035567;2.0
0;0.77999985;0.6960585;2.0
0;1.3320414;0.7144567;2.0
0;1.1957991;0.75399786;2.0
0;1.0392089;0.7197203;2.0
0;1.0907803;0.8159073;2.0
0;1.1247891;0.7062572;2.0
0;1.5569348;0.6700296;2.0
0;1.3712122;0.7951857;2.0
0;1.1498778;0.71049577;2.0
0;1.2374759;0.79188126;2.0
0;1.1271691;0.7511484;2.0
0;1.284316;0.74185467;2.0
0;1.5130184;0.6951891;2.0
0;0.8173726;0.7997642;2.0
0;1.4200715;0.773778;2.0
0;1.2921948;0.72449845;2.0
0;0.9569576;0.6772063;2.0
0;1.1244047;0.8281328;2.0
0;1.049766;0.6459515;2.0
0;1.3414845;0.7230677;2.0
0;1.0814192;0.7209893;2.0
0;1.5731587;0.71977925;2.0
0;0.9936298;0.78954554;2.0
0;1.1878052;0.8104757;2.0
0;1.1323912;0.7076901;2.0
0;1.082014;0.67631793;2.0
0;1.3667569;0.77416545;2.0
0;1.0598958;0.637704;2.0
0;1.2005374;0.67951906;2.0
0;1.3368042;0.7585973;2.0
0;1.5213386;0.63096523;2.0
0;1.25021;0.79142064;2.0
0;1.2789034;0.62343013;2.0
0;1.1752659;0.74978006;2.0
0;1.1313419;0.6591655;2.0
0;0.8435091;0.8003024;2.0
0;1.2953023;0.754394;2.0
0;1.4981164;0.7749777;2.0
0;1.0513756;0.7342728;2.0
0;1.1843698;0.7329195;2.0
0;1.325727;0.7135124;2.0
0;1.414852;0.7815762;2.0
0;1.3267759;0.7463398;2.0
0;1.202458;0.74242604;2.0
0;1.238402;0.6851919;2.0
0;1.2820277;0.7159148;2.0
0;1.1375445;0.7984374;2.0
0;1.2293546;0.6713431;2.0
0;1.4298825;0.7037903;2.0
0;0.8771614;0.7682566;2.0
0;1.12779;0.63746625;2.0
0;1.0604084;0.83786905;2.0
0;1.307164;0.69917405;2.0
0;1.3546213;0.7477204;2.0
0;1.3688316;0.74085724;2.0
0;1.4359007;0.6972383;2.0
0;1.4055527;0.6705858;2.0
0;1.1617678;0.75578445;2.0
0;1.1423265;0.69760084;2.0
0;1.3877969;0.75785255;2.0
0;1.3266354;0.70605993;2.0
0;1.0052736;0.81803894;2.0
0;1.2396145;0.75155014;2.0
0;0.9844034;0.7023837;2.0
0;1.4842263;0.75675607;2.0
0;1.2641406;0.6954554;2.0
0;1.2679259;0.77974284;2.0
0;1.3797988;0.685269;2.0
0;1.1416934;0.7463691;2.0
0;1.269649;0.5805907;2.0
0;1.1854409;0.73024136;2.0
0;1.464108;0.7376641;2.0
0;1.2438915;0.8172749;2.0
0;1.4382063;0.8272596;2.0
0;1.4920738;0.8048569;2.0
0;1.448778;0.66542006;2.0
0;1.1403098;0.7212382;2.0
0;1.442148;0.7250418;2.0
0;1.2219768;0.7131976;2.0
0;1.1634508;0.70839363;2.0
0;1.0306678;0.68327916;2.0
0;1.0812839;0.87452453;2.0
0;1.3296406;0.79219526;2.0
0;1.3039386;0.72534287;2.0
0;1.3279705;0.72146666;2.0
0;1.0765024;0.6829852;2.0
0;1.0523357;0.7338634;2.0
0;0.9459863;0.7098322;2.0
0;1.1896397;0.60631686;2.0
0;1.1935778;0.7501462;2.0
0;1.0448071;0.7178672;2.0
0;1.3524588;0.71236634;2.0
0;1.4039605;0.68794924;2.0
0;1.2727842;0.6949698;2.0
0;1.2951374;0.7577273;2.0
0;1.446688;0.8041111;2.0
0;1.00932;0.69776267;2.0
0;1.0478548;0.7153503;2.0
0;1.3215876;0.73817784;2.0
0;1.0499932;0.75748277;2.0
0;0.9324461;0.73308295;2.0
0;1.000803;0.81676406;2.0
0;1.261334;0.7955414;2.0
0;0.9281759;0.6816098;2.0
0;1.1264374;0.71678245;2.0
0;1.2871469;0.7900257;2.0
0;2.166689;0.5033772;3.0
0;2.313686;0.44108728;3.0
0;2.339839;0.4364692;3.0
0;2.1621063;0.46815103;3.0
0;2.1295457;0.48737198;3.0
0;2.2967865;0.52428937;3.0
0;2.177601;0.5548875;3.0
0;2.1859806;0.48821747;3.0
0;2.3178697;0.4377878;3.0
0;2.1796942;0.4310564;3.0
0;2.3107936;0.478438;3.0
0;2.32554;0.45572802;3.0
0;2.2924044;0.45717144;3.0
0;2.3055706;0.43743467;3.0
0;2.2653575;0.39615762;3.0
0;2.165083;0.4573999;3.0
0;2.2816634;0.46537602;3.0
0;2.2707314;0.41551548;3.0
0;2.3106742;0.42073083;3.0
0;2.3047981;0.513802;3.0
0;2.3482585;0.44680667;3.0
0;2.081932;0.5159975;3.0
0;2.3873272;0.45989415;3.0
0;2.2561078;0.46364307;3.0
0;2.4495492;0.47159097;3.0
0;2.1635861;0.54851186;3.0
0;2.2627606;0.4930468;3.0
0;2.1551592;0.4907052;3.0
0;1.986248;0.460212;3.0
0;2.2964702;0.43600076;3.0
0;2.3269696;0.4887606;3.0
0;2.2518377;0.4420329;3.0
0;2.1839063;0.46566832;3.0
0;2.38279;0.5118287;3.0
0;2.2837768;0.46180862;3.0
0;2.4491377;0.50889856;3.0
0;2.3380666;0.44270062;3.0
0;2.140317;0.48120743;3.0
0;2.1026452;0.44654068;3.0
0;2.3497612;0.44006225;3.0
0;2.303732;0.45341578;3.0
0;2.2168593;0.48942694;3.0
0;2.125595;0.4512369;3.0
0;2.1922925;0.41456398;3.0
0;1.9940147;0.5008137;3.0
0;2.1225805;0.49097636;3.0
0;2.2163212;0.49274778;3.0
0;2.2672238;0.44609338;3.0
0;2.3710065;0.46712652;3.0
0;2.3392775;0.48443872;3.0
0;2.3355753;0.42332193;3.0
0;2.3486161;0.46124765;3.0
0;2.3622515;0.45916557;3.0
0;2.2225552;0.48390657;3.0
0;2.237184;0.4317043;3.0
0;2.2869067;0.44786477;3.0
0;2.1382174;0.4850401;3.0
0;2.15036;0.46271375;3.0
0;2.279314;0.48676336;3.0
0;2.2279174;0.46851;3.0
0;2.3891437;0.4638156;3.0
0;2.0958915;0.44794342;3.0
0;2.1583982;0.47343308;3.0
0;2.3007114;0.47472158;3.0
0;2.2830644;0.49736977;3.0
0;2.330686;0.44866222;3.0
0;2.2510962;0.49813223;3.0
0;2.180155;0.46527636;3.0
0;2.2985468;0.46392888;3.0
0;2.2664788;0.48643216;3.0
0;2.3322616;0.46068978;3.0
0;2.1392229;0.43332478;3.0
0;2.1748607;0.43788925;3.0
0;2.2586064;0.5288037;3.0
0;2.1598616;0.49830508;3.0
0;2.2578216;0.4994132;3.0
0;2.3109386;0.48686445;3.0
0;2.2153935;0.44725218;3.0
0;2.1455944;0.44175068;3.0
0;2.3126705;0.45305622;3.0
0;2.2661762;0.4740522;3.0
0;2.2950392;0.48212343;3.0
0;2.2977924;0.48338425;3.0
0;2.1409662;0.4119864;3.0
0;2.269835;0.4365921;3.0
0;2.3212168;0.4691455;3.0
0;2.2509482;0.4711964;3.0
0;2.0416064;0.49686554;3.0
0;2.29713;0.46074855;3.0
0;2.1996198;0.4661655;3.0
0;2.3128808;0.4305925;3.0
0;2.321046;0.4394077;3.0
0;2.3077893;0.4947922;3.0
0;2.1909277;0.4728584;3.0
0;2.2226462;0.4530124;3.0
0;2.3554018;0.4927928;3.0
0;2.1421213;0.48892522;3.0
0;2.2950444;0.44512516;3.0
0;2.2443345;0.47095892;3.0
0;2.2861533;0.43461418;3.0
0;2.370132;0.47975704;3.0
0;2.1738772;0.49324948;3.0
0;2.50746;0.47466478;3.0
0;2.2191715;0.45796248;3.0
0;2.2182999;0.3933974;3.0
0;2.2447968;0.44554445;3.0
0;2.3124504;0.43991566;3.0
0;2.3301187;0.46548134;3.0
0;2.2352712;0.45229116;3.0
0;2.204443;0.44892114;3.0
0;2.3867378;0.46386123;3.0
0;2.315654;0.49236557;3.0
0;2.249596;0.43929657;3.0
0;2.4731011;0.49406454;3.0
0;2.225083;0.4599439;3.0
0;2.233662;0.49572724;3.0
0;2.4117875;0.4443056;3.0
0;2.15797;0.51765335;3.0
0;2.3373148;0.4961581;3.0
0;2.1705582;0.48428747;3.0
0;2.2791228;0.49819857;3.0
0;2.1843915;0.5061756;3.0
0;2.2646723;0.49810985;3.0
0;2.2388275;0.45682868;3.0
0;2.3016937;0.49813858;3.0
0;2.241913;0.451038;3.0
0;2.2639089;0.4565037;3.0
0;2.1826017;0.4423631;3.0
0;2.041832;0.4785531;3.0
0;2.3754992;0.47375408;3.0
0;2.2137434;0.4764115;3.0
0;2.2110605;0.51167107;3.0
0;2.2199767;0.44829145;3.0
0;2.4846354;0.4939375;3.0
0;2.1809053;0.48824823;3.0
0;2.3216696;0.5159553;3.0
0;2.2993774;0.5008729;3.0
0;2.139706;0.48024252;3.0
0;2.3519425;0.4781025;3.0
0;2.325647;0.43079293;3.0
0;2.3336263;0.42787325;3.0
0;2.2306795;0.4630577;3.0
0;2.2295804;0.49397537;3.0
0;2.2656765;0.50149715;3.0
0;2.0518253;0.43812782;3.0
0;2.31694;0.47689122;3.0
0;2.1742198;0.46296778;3.0
0;2.1886942;0.50593954;3.0
0;2.2983282;0.47365463;3.0
0;2.167202;0.4854631;3.0
0;2.1792803;0.455757;3.0
0;2.129214;0.5011599;3.0
0;2.219053;0.43517858;3.0
0;2.3922908;0.4677803;3.0
0;2.210148;0.48003015;3.0
0;2.2462256;0.43434492;3.0
0;2.1370802;0.46766952;3.0
0;2.2531369;0.47287405;3.0
0;2.2004206;0.5036773;3.0
0;2.178484;0.4800234;3.0
0;2.3327875;0.4960944;3.0
0;2.3698034;0.46889365;3.0
0;2.2080007;0.4611007;3.0
0;2.3137646;0.4563195;3.0
0;2.2234948;0.50540674;3.0
0;2.1993523;0.5003148;3.0
0;2.3003812;0.50230694;3.0
0;2.0386088;0.5052885;3.0
0;2.4754257;0.47240803;3.0
0;2.1686985;0.42816693;3.0
0;2.207354;0.4379779;3.0
0;2.113132;0.5126445;3.0
0;2.3349032;0.48865116;3.0
0;2.1974978;0.46513167;3.0
0;2.322903;0.48652533;3.0
0;2.2123933;0.47196922;3.0
0;2.267869;0.4623164;3.0
0;2.157105;0.49682838;3.0
0;2.2668433;0.4988123;3.0
0;2.337515;0.49855876;3.0
0;2.263453;0.48152065;3.0
0;2.2510858;0.4613911;3.0
0;2.2429314;0.48195568;3.0
0;2.266878;0.46873415;3.0
0;2.299593;0.49268818;3.0
0;2.2354496;0.46948707;3.0
0;2.2021947;0.46138325;3.0
0;2.1667433;0.4635322;3.0
0;2.1682272;0.47003105;3.0
0;2.3004792;0.4785534;3.0
0;2.2855935;0.42614406;3.0
0;2.3021088;0.4810406;3.0
0;2.0292075;0.43755507;3.0
0;2.2678392;0.51099986;3.0
0;2.304316;0.5474067;3.0
0;2.3488202;0.43981603;3.0
0;2.1064749;0.44441786;3.0
0;2.192976;0.4701187;3.0
0;2.1130295;0.4451924;3.0
0;2.3715618;0.48077664;3.0
0;2.2502422;0.4701736;3.0
0;2.4937396;0.13570048;4.0
0;2.3704581;0.15969451;4.0
0;2.517069;0.22944325;4.0
0;2.408359;0.15730967;4.0
0;2.6197126;0.20597415;4.0
0;2.647575;0.2709232;4.0
0;2.655293;0.2285588;4.0
0;2.2309556;0.26224583;4.0
0;2.5845394;0.14983991;4.0
0;2.677139;0.12449628;4.0
0;2.6568675;0.15510286;4.0
0;2.6218665;0.1987375;4.0
0;2.40595;0.17240515;4.0
0;2.3796384;0.23988797;4.0
0;2.6628346;0.22488739;4.0
0;2.526156;0.07040847;4.0
0;2.3561869;0.07858443;4.0
0;2.5885074;0.14363946;4.0
0;2.9855278;0.11148976;4.0
0;2.4981427;0.23090397;4.0
0;2.3423398;0.108546644;4.0
0;2.460001;0.12101351;4.0
0;2.5908813;0.14056772;4.0
0;2.6592567;0.11153812;4.0
0;2.393333;0.13287902;4.0
0;2.572175;0.20429318;4.0
0;2.7937412;0.17383994;4.0
0;2.477302;0.1901822;4.0
0;2.357994;0.22503212;4.0
0;2.310752;0.11197399;4.0
0;2.5106459;0.08568072;4.0
0;2.4173636;0.14887701;4.0
0;2.7308865;0.17264844;4.0
0;2.4752004;0.27994555;4.0
0;2.7104266;0.05427779;4.0
0;2.4601512;0.08507378;4.0
0;2.4966393;0.10254227;4.0
0;2.3454242;0.10353445;4.0
0;2.4986825;0.13792424;4.0
0;2.3324652;0.10738412;4.0
0;2.8920996;0.18159114;4.0
0;2.5126758;0.1279474;4.0
0;2.3689506;0.16487421;4.0
0;2.4467332;0.07518686;4.0
0;2.5749388;0.2169637;4.0
0;2.1929822;0.23189452;4.0
0;2.4746013;0.09404065;4.0
0;2.347879;0.1370042;4.0
0;2.2931437;0.20767716;4.0
0;2.2275028;0.1738384;4.0
0;2.4402783;0.1460291;4.0
0;2.3300276;0.21653613;4.0
0;2.7720137;0.10878289;4.0
0;2.4718263;0.1529135;4.0
0;2.4775386;0.1047124;4.0
0;2.3600893;0.18271057;4.0
0;2.84168;0.21457535;4.0
0;2.3467581;0.11788001;4.0
0;2.397855;0.18955931;4.0
0;2.5897279;0.2148251;4.0
0;2.5237396;0.15664744;4.0
0;2.785534;0.1611995;4.0
0;2.3512177;0.2552352;4.0
0;2.4652615;0.13449161;4.0
0;2.287078;0.14708279;4.0
0;2.4211519;0.2168797;4.0
0;2.5000052;0.12242176;4.0
0;2.4924629;0.15042973;4.0
0;2.3375046;0.2154454;4.0
0;2.3971949;0.11304831;4.0
0;2.348726;0.2700794;4.0
0;2.2841768;0.15759127;4.0
0;2.6392498;0.16131149;4.0
0;2.7647293;0.30305383;4.0
0;2.597679;0.11453974;4.0
0;2.7191854;0.16250932;4.0
0;2.5083792;0.19853231;4.0
0;2.7908874;0.21656868;4.0
0;2.63717;0.16948502;4.0
0;2.434701;0.20357478;4.0
0;2.3480442;0.16443549;4.0
0;3.0;0.14640883;4.0
0;2.2974548;0.19077405;4.0
0;2.0867023;0.15511309;4.0
0;2.475228;0.124378525;4.0
0;2.6665425;0.15016459;4.0
0;2.1833963;0.09881036;4.0
0;2.2494562;0.21691565;4.0
0;2.381924;0.16944452;4.0
0;2.5106711;0.16356812;4.0
0;2.4574847;0.18855284;4.0
0;2.4639182;0.1377345;4.0
0;2.3240137;0.16164358;4.0
0;2.8453918;0.11740989;4.0
0;2.4748313;0.21280012;4.0
0;2.493823;0.24628338;4.0
0;2.3992417;0.23238084;4.0
0;2.3285003;0.06262538;4.0
0;2.2539687;0.18018995;4.0
0;2.2958603;0.14655651;4.0
0;2.632831;0.14015839;4.0
0;2.505301;0.13348515;4.0
0;2.5470195;0.25184223;4.0
0;2.3898563;0.22271746;4.0
0;2.3549292;0.21168616;4.0
0;2.8400593;0.13030612;4.0
0;2.6623197;0.1311984;4.0
0;2.3383355;0.14530246;4.0
0;2.4711232;0.1293848;4.0
0;2.4883673;0.14203653;4.0
0;2.4455767;0.10255226;4.0
0;2.4108424;0.0;4.0
0;2.713982;0.11736859;4.0
0;2.5807693;0.1750234;4.0
0;2.4179287;0.12083724;4.0
0;2.6679242;0.116882555;4.0
0;2.5598125;0.16196056;4.0
0;2.424829;0.14625552;4.0
0;2.4466667;0.059543665;4.0
0;2.2798352;0.34294516;4.0
0;2.5250506;0.12901619;4.0
0;2.6177387;0.21922617;4.0
0;2.6002371;0.18421978;4.0
0;2.3447564;0.21544896;4.0
0;2.3797386;0.20608339;4.0
0;2.4143093;0.24768405;4.0
0;2.7316234;0.28678122;4.0
0;2.6662745;0.17945413;4.0
0;2.3351629;0.1768302;4.0
0;2.3315287;0.16498709;4.0
0;2.68501;0.1466913;4.0
0;2.694454;0.24354173;4.0
0;2.63736;0.14191082;4.0
0;2.4466958;0.10512384;4.0
0;2.4200454;0.090509504;4.0
0;2.39081;0.1741429;4.0
0;2.402596;0.13797918;4.0
0;2.5120165;0.23671077;4.0
0;2.5906143;0.19049951;4.0
0;2.7202506;0.12784247;4.0
0;2.4615793;0.13457935;4.0
0;2.9025412;0.1450697;4.0
0;2.4284046;0.13754217;4.0
0;2.491158;0.16476895;4.0
0;2.3865345;0.14238475;4.0
0;2.4449575;0.12412014;4.0
0;2.5035274;0.13949804;4.0
0;2.360737;0.16169356;4.0
0;2.7227707;0.13048905;4.0
0;2.504668;0.2198323;4.0
0;2.6165645;0.20291248;4.0
0;2.4210453;0.033303384;4.0
0;2.413433;0.22497824;4.0
0;2.6597807;0.22134772;4.0
0;2.4556832;0.25888816;4.0
0;2.8849769;0.2066892;4.0
0;2.41182;0.23040828;4.0
0;2.538176;0.13990803;4.0
0;2.4102793;0.18512343;4.0
0;2.6334329;0.1541997;4.0
0;2.6788075;0.2077811;4.0
0;2.3858752;0.17533374;4.0
0;2.5012424;0.11198739;4.0
0;2.4233773;0.1433986;4.0
0;2.4424756;0.20914128;4.0
0;2.5274558;0.2999162;4.0
0;2.7257032;0.19464089;4.0
0;2.5095496;0.16450503;4.0
0;2.1256566;0.15377007;4.0
0;2.6463711;0.0383301;4.0
0;2.5600922;0.18207133;4.0
0;2.3802986;0.14223811;4.0
0;2.6600027;0.24945863;4.0
0;2.4295366;0.2375463;4.0
0;2.71404;0.1787416;4.0
0;2.5198443;0.22797953;4.0
0;2.726345;0.15572985;4.0
0;2.5402367;0.18666136;4.0
0;2.5072656;0.14559023;4.0
0;2.3859406;0.12475946;4.0
0;2.6905026;0.16622102;4.0
0;2.596026;0.08833354;4.0
0;2.6695676;0.16624895;4.0
0;2.5755844;0.14556287;4.0
0;2.7951217;0.2837369;4.0
0;2.487978;0.2035863;4.0
0;2.5671027;0.1742983;4.0
0;2.5336714;0.1465226;4.0
0;2.4511638;0.20770909;4.0
0;2.5793808;0.23658231;4.0
0;2.8125997;0.08033353;4.0
0;2.5644982;0.18461622;4.0
0;2.5289807;0.1273812;4.0
0;2.114352;0.17621627;4.0
0;2.529248;0.25112033;4.0
0;2.54964;0.11342339;4.0
0;2.4391885;0.16019945;4.0
0;2.3622482;0.1742432;4.0
0;2.569324;0.21503574;4.0
0;2.5372365;0.123698786;4.0
0;2.6592114;0.092378065;4.0
0;1.8343072;0.47127008;5.0
0;1.8457599;0.51927286;5.0
0;1.6976005;0.5761947;5.0
0;1.7567296;0.46243015;5.0
0;1.8895638;0.5148307;5.0
0;1.3607436;0.36207974;5.0
0;1.6269941;0.43299365;5.0
0;2.1481304;0.51916224;5.0
0;1.6802108;0.50109607;5.0
0;1.7836132;0.44637135;5.0
0;1.501888;0.56369054;5.0
0;1.5632386;0.42526576;5.0
0;1.6762472;0.35570434;5.0
0;1.8585677;0.3828862;5.0
0;1.5648744;0.56955254;5.0
0;1.7873297;0.5613217;5.0
0;1.7506853;0.5870047;5.0
0;1.6629541;0.45186228;5.0
0;1.7313199;0.46793258;5.0
0;1.9088906;0.5100697;5.0
0;1.4812386;0.50322264;5.0
0;1.7670431;0.49306098;5.0
0;1.4493605;0.49491152;5.0
0;1.7577221;0.45005235;5.0
0;1.6633304;0.5457672;5.0
0;1.6855769;0.36652166;5.0
0;1.8159689;0.50676805;5.0
0;1.690532;0.5918196;5.0
0;1.7658236;0.5212513;5.0
0;1.7170168;0.5260664;5.0
0;1.8510078;0.49484855;5.0
0;1.563874;0.44469315;5.0
0;1.6123784;0.32336766;5.0
0;1.7557229;0.4790339;5.0
0;1.8273442;0.46849546;5.0
0;1.6634896;0.43938774;5.0
0;1.7541608;0.48916128;5.0
0;1.6664889;0.51785874;5.0
0;1.6931851;0.5643027;5.0
0;1.7703177;0.62177074;5.0
0;1.726671;0.44843274;5.0
0;1.7972252;0.5008241;5.0
0;1.4451636;0.54055303;5.0
0;1.8805742;0.55339664;5.0
0;1.5576341;0.37977973;5.0
0;1.7682528;0.5420432;5.0
0;1.7224641;0.44757935;5.0
0;1.6735704;0.49910724;5.0
0;1.8912467;0.4379458;5.0
0;1.9314492;0.5269781;5.0
0;2.0107145;0.42026097;5.0
0;1.7372534;0.47659403;5.0
0;1.8012031;0.47321957;5.0
0;1.6773434;0.4788361;5.0
0;2.0051312;0.4874119;5.0
0;1.8863525;0.45045003;5.0
0;1.6333327;0.46958753;5.0
0;1.8759037;0.5134577;5.0
0;1.7064056;0.52358574;5.0
0;2.0981824;0.46139565;5.0
0;1.7015553;0.5700021;5.0
0;1.5242296;0.4554982;5.0
0;1.8391635;0.4607912;5.0
0;1.6383302;0.46674925;5.0
0;1.4480207;0.5572212;5.0
0;1.8340698;0.52292645;5.0
0;1.6779721;0.49727967;5.0
0;1.6320823;0.5422365;5.0
0;1.7275531;0.5140321;5.0
0;1.754832;0.46468762;5.0
0;2.0181975;0.41216668;5.0
0;1.8193724;0.56684667;5.0
0;1.4943788;0.45521256;5.0
0;1.5530756;0.49410084;5.0
0;1.7447109;0.41823533;5.0
0;1.6434789;0.5683407;5.0
0;1.8054864;0.49509355;5.0
0;1.5446298;0.4362813;5.0
0;1.8147873;0.39839008;5.0
0;1.6910882;0.4628381;5.0
0;1.3925011;0.55036354;5.0
0;1.345964;0.4814379;5.0
0;1.770607;0.48794296;5.0
0;2.0476544;0.46435905;5.0
0;1.8625436;0.52199453;5.0
0;2.0019689;0.3977868;5.0
0;1.6029327;0.5093504;5.0
0;1.5286607;0.5002655;5.0
0;1.7719784;0.4568435;5.0
0;1.4702266;0.4720767;5.0
0;1.6039898;0.37913433;5.0
0;1.5561951;0.5233216;5.0
0;1.7790377;0.41333145;5.0
0;1.8017735;0.5035355;5.0
0;1.8399525;0.47308236;5.0
0;1.5962144;0.39769337;5.0
0;1.7506907;0.53424025;5.0
0;1.7388557;0.5308973;5.0
0;1.6344383;0.4463345;5.0
0;1.5276642;0.554782;5.0
0;1.610652;0.41177303;5.0
0;1.6004968;0.5399081;5.0
0;1.6234956;0.44949743;5.0
0;1.4476142;0.5124722;5.0
0;1.793802;0.41723764;5.0
0;1.6500174;0.52756953;5.0
0;1.3908772;0.5339733;5.0
0;2.0365796;0.57582915;5.0
0;2.0710676;0.52381617;5.0
0;1.7821872;0.48269194;5.0
0;1.7841244;0.5039327;5.0
0;1.7553902;0.4158543;5.0
0;1.7196262;0.44716397;5.0
0;1.9338863;0.4781238;5.0
0;1.784486;0.53833324;5.0
0;1.9382548;0.48448643;5.0
0;1.6542666;0.45589885;5.0
0;1.559782;0.57374436;5.0
0;1.5599982;0.5079556;5.0
0;1.5434028;0.50163543;5.0
0;2.175528;0.49132508;5.0
0;1.6213007;0.5040188;5.0
0;1.6740003;0.3992883;5.0
0;1.7474837;0.4720727;5.0
0;1.590389;0.4743515;5.0
0;2.0519123;0.4128962;5.0
0;1.5483289;0.47801304;5.0
0;1.5470896;0.5020672;5.0
0;1.7487411;0.55329096;5.0
0;1.8791782;0.50137764;5.0
0;1.7612343;0.438964;5.0
0;1.4989271;0.5504581;5.0
0;1.7014611;0.58124787;5.0
0;1.6107527;0.40213093;5.0
0;1.7595484;0.5648621;5.0
0;2.099496;0.51640147;5.0
0;1.7939391;0.51181895;5.0
0;1.5843476;0.47091156;5.0
0;1.5363955;0.4493548;5.0
0;1.5522056;0.5376234;5.0
0;1.7431161;0.48345304;5.0
0;1.8515234;0.5047332;5.0
0;2.00047;0.49024156;5.0
0;1.5852671;0.5224562;5.0
0;1.6000915;0.4327604;5.0
0;1.5892501;0.47502372;5.0
0;1.6842101;0.49430522;5.0
0;1.5661697;0.4938428;5.0
0;1.5816619;0.43939805;5.0
0;1.5031496;0.52132225;5.0
0;1.7424128;0.4478047;5.0
0;1.7436886;0.46988732;5.0
0;1.6774492;0.4855433;5.0
0;1.943752;0.5138621;5.0
0;1.6717763;0.44026533;5.0
0;1.6271648;0.42590052;5.0
0;1.7816465;0.4081035;5.0
0;1.5489521;0.43675175;5.0
0;1.6666006;0.4026382;5.0
0;1.5369694;0.46264756;5.0
0;1.6771939;0.39594802;5.0
0;1.6002676;0.45585755;5.0
0;1.7183819;0.4959635;5.0
0;1.5843855;0.47995517;5.0
0;1.7181461;0.50514597;5.0
0;1.7533625;0.52807206;5.0
0;1.8785911;0.4892338;5.0
0;1.4895449;0.567124;5.0
0;1.6366918;0.4095054;5.0
0;1.8169518;0.5037326;5.0
0;1.7801828;0.32828432;5.0
0;1.8380032;0.5334195;5.0
0;1.3980575;0.49586597;5.0
0;1.6497449;0.46540594;5.0
0;2.0538788;0.5134533;5.0
0;1.5952531;0.53466094;5.0
0;1.5641888;0.4939546;5.0
0;1.6367658;0.39889735;5.0
0;1.9851804;0.5025898;5.0
0;1.8032827;0.40883008;5.0
0;1.7585325;0.5084138;5.0
0;1.5185359;0.5129104;5.0
0;1.632087;0.49451208;5.0
0;1.6181896;0.50466186;5.0
0;1.485726;0.5570116;5.0
0;1.5077319;0.4825247;5.0
0;1.9598825;0.57448155;5.0
0;1.7227454;0.5110656;5.0
0;1.8713434;0.48926836;5.0
0;2.1854773;0.4511362;5.0
0;1.858783;0.46259156;5.0
0;1.6915838;0.58554316;5.0
0;1.7134736;0.4442498;5.0
0;1.9052274;0.4764136;5.0
0;1.540426;0.529295;5.0
0;1.7702365;0.44107834;5.0
0;1.9139698;0.41462648;5.0
0;1.8178105;0.53642195;5.0
0;1.8441857;0.5470702;5.0
0;1.824599;0.47582746;5.0
0;1.5896587;0.51420474;5.0
