DY
504
2

0;0.4465996;0.5739332;1.0
0;0.44219622;0.5772617;1.0
0;0.45450264;0.561632;1.0
0;0.435479;0.58381677;1.0
0;0.4228356;0.5862311;1.0
0;0.43281326;0.5569401;1.0
0;0.45321593;0.577245;1.0
0;0.42990908;0.5604332;1.0
0;0.44394094;0.5909193;1.0
0;0.4297848;0.588194;1.0
0;0.45602176;0.5955187;1.0
0;0.42544168;0.6009487;1.0
0;0.44734913;0.5610223;1.0
0;0.44051197;0.5907429;1.0
0;0.44634858;0.58072853;1.0
0;0.44440654;0.572645;1.0
0;0.43228656;0.5801992;1.0
0;0.41832095;0.57546264;1.0
0;0.43300724;0.5983427;1.0
0;0.42707697;0.57784575;1.0
0;0.453942;0.5754981;1.0
0;0.43636775;0.595035;1.0
0;0.42291757;0.55049586;1.0
0;0.44469514;0.56576055;1.0
0;0.44515756;0.5659557;1.0
0;0.42654186;0.57591236;1.0
0;0.44944635;0.57451147;1.0
0;0.4542241;0.5833566;1.0
0;0.42496336;0.599176;1.0
0;0.43360186;0.57330894;1.0
0;0.44000846;0.57623065;1.0
0;0.44995663;0.5814026;1.0
0;0.479215;0.5908596;1.0
0;0.46605086;0.5678926;1.0
0;0.4612159;0.56820637;1.0
0;0.46504438;0.56083477;1.0
0;0.4528147;0.57836455;1.0
0;0.43428752;0.5558975;1.0
0;0.43757498;0.56775665;1.0
0;0.4286601;0.56549305;1.0
0;0.44650397;0.55394065;1.0
0;0.43012178;0.59514856;1.0
0;0.45543456;0.5753522;1.0
0;0.44202825;0.5910496;1.0
0;0.42524675;0.5724563;1.0
0;0.4486221;0.5677215;1.0
0;0.45629117;0.5547513;1.0
0;0.45447645;0.56465536;1.0
0;0.44462797;0.57176864;1.0
0;0.45281115;0.5755355;1.0
0;0.43218663;0.5879047;1.0
0;0.4375108;0.58776855;1.0
0;0.4415117;0.5679008;1.0
0;0.43739945;0.589724;1.0
0;0.42370492;0.5625791;1.0
0;0.43787798;0.578985;1.0
0;0.47109845;0.5718098;1.0
0;0.47366393;0.5656264;1.0
0;0.47107133;0.58451575;1.0
0;0.44353315;0.5829158;1.0
0;0.43364334;0.5740609;1.0
0;0.44319814;0.5680293;1.0
0;0.44418368;0.5662398;1.0
0;0.45019057;0.6122182;1.0
0;0.44364664;0.57395196;1.0
0;0.45228806;0.5636337;1.0
0;0.4502223;0.5760121;1.0
0;0.4468674;0.5820897;1.0
0;0.44023517;0.5838365;1.0
0;0.462171;0.5880727;1.0
0;0.44126704;0.55564415;1.0
0;0.4360873;0.57238877;1.0
0;0.4537941;0.57478106;1.0
0;0.44424576;0.5843183;1.0
0;0.45637792;0.575629;1.0
0;0.4262814;0.58527875;1.0
0;0.42996025;0.5594404;1.0
0;0.42245072;0.584751;1.0
0;0.4239386;0.5920911;1.0
0;0.43871284;0.5774051;1.0
0;0.4332733;0.5658065;1.0
0;0.44949186;0.5619272;1.0
0;0.47170198;0.550625;1.0
0;0.44161454;0.5690289;1.0
0;0.44181818;0.5796555;1.0
0;0.44037992;0.5937824;1.0
0;0.44826925;0.5877566;1.0
0;0.441445;0.5825301;1.0
0;0.42909673;0.5671921;1.0
0;0.44799557;0.5970276;1.0
0;0.4494053;0.5668679;1.0
0;0.4527452;0.5873115;1.0
0;0.46526483;0.59157157;1.0
0;0.4395947;0.58229154;1.0
0;0.43386766;0.5780472;1.0
0;0.4403083;0.5838308;1.0
0;0.45462248;0.5765099;1.0
0;0.47352067;0.5813847;1.0
0;0.4379054;0.5744034;1.0
0;0.45596942;0.5719134;1.0
0;0.44102135;0.58575106;1.0
0;0.44110125;0.5746862;1.0
0;0.4425433;0.55711997;1.0
0;0.45764357;0.5714376;1.0
0;0.4334559;0.5711801;1.0
0;0.4370814;0.58563787;1.0
0;0.4700692;0.58122057;1.0
0;0.4377908;0.5987598;1.0
0;0.44805437;0.5647084;1.0
0;0.43758956;0.561892;1.0
0;0.4802157;0.5615353;1.0
0;0.42847732;0.5684477;1.0
0;0.43579623;0.5841336;1.0
0;0.43495277;0.57452905;1.0
0;0.4468868;0.5820292;1.0
0;0.4609632;0.58436286;1.0
0;0.42635542;0.5770975;1.0
0;0.43429947;0.56698036;1.0
0;0.41308057;0.5690285;1.0
0;0.4556618;0.58864594;1.0
0;0.4524778;0.548557;1.0
0;0.42330465;0.57685554;1.0
0;0.46462584;0.5843301;1.0
0;0.42869785;0.5462713;1.0
0;0.43318257;0.5769494;1.0
0;0.4393537;0.5621445;1.0
0;0.027631553;0.03354542;2.0
0;0.035443295;0.029008765;2.0
0;0.024978882;0.031082096;2.0
0;0.016583914;0.029708356;2.0
0;0.036420744;0.02941307;2.0
0;0.017489458;0.034799904;2.0
0;0.03344689;0.030322483;2.0
0;0.03704921;0.015536374;2.0
0;0.03648135;0.023458984;2.0
0;0.01608337;0.020379717;2.0
0;0.03607124;0.029599061;2.0
0;0.035713278;0.03613088;2.0
0;0.016697137;0.029257346;2.0
0;0.037749678;0.017117541;2.0
0;0.041112695;0.03035549;2.0
0;0.049153578;0.043647263;2.0
0;0.061074942;0.034239873;2.0
0;0.016643008;0.008781142;2.0
0;0.026472569;0.022834789;2.0
0;0.041577216;0.015469298;2.0
0;0.020090789;0.025458151;2.0
0;0.03318839;0.02083576;2.0
0;0.0515044;0.02614586;2.0
0;0.039722446;0.02051678;2.0
0;0.0173049;0.0028557824;2.0
0;0.04765032;0.017251248;2.0
0;0.049463842;0.0303596;2.0
0;0.017507045;0.017274052;2.0
0;0.043741588;0.030597394;2.0
0;0.037934616;0.02071585;2.0
0;0.0398377;0.026606455;2.0
0;0.053284474;0.039353985;2.0
0;0.05310145;0.0417186;2.0
0;0.0;0.050050236;2.0
0;0.037566867;0.030848784;2.0
0;0.029715179;0.031706426;2.0
0;0.05557228;0.046606828;2.0
0;0.015209265;0.026972447;2.0
0;0.03778792;0.029780157;2.0
0;0.026326774;0.03498593;2.0
0;0.056803145;0.02609659;2.0
0;0.0076840064;0.016282702;2.0
0;0.03977369;0.020778887;2.0
0;0.033944502;0.030433008;2.0
0;0.048688065;0.046242345;2.0
0;0.003158413;0.019305097;2.0
0;0.051404342;0.03428973;2.0
0;0.0035948046;0.034258433;2.0
0;0.016227653;0.014708178;2.0
0;0.01927724;0.02477914;2.0
0;0.04788234;0.017277064;2.0
0;0.025134085;0.02910152;2.0
0;0.025871994;0.02853396;2.0
0;0.038346946;0.043743994;2.0
0;0.023732206;0.032209687;2.0
0;0.034246255;0.022244595;2.0
0;0.028673673;0.032958582;2.0
0;0.03604335;0.013065654;2.0
0;0.03103877;0.02800211;2.0
0;0.025060337;0.009822002;2.0
0;0.015325276;0.016636573;2.0
0;0.036726277;0.004242911;2.0
0;0.048174452;0.034592375;2.0
0;0.049626276;0.034863897;2.0
0;0.013999604;0.01707837;2.0
0;0.014962822;0.015525041;2.0
0;0.0151288975;0.015036402;2.0
0;0.05723074;0.0129868;2.0
0;0.051831823;0.016977567;2.0
0;0.025868023;0.024324844;2.0
0;0.04061882;0.0478457;2.0
0;0.0316922;7.1582024E-4;2.0
0;0.026804248;0.02058591;2.0
0;0.02419507;0.019880705;2.0
0;0.023094518;0.035358083;2.0
0;0.03970954;0.019227542;2.0
0;0.03334539;0.021757156;2.0
0;0.026794367;0.04718644;2.0
0;0.025593404;0.032600705;2.0
0;0.029284082;0.03708754;2.0
0;0.030128404;0.035818335;2.0
0;0.034393515;0.032469977;2.0
0;0.01460311;0.038561057;2.0
0;7.919906E-4;0.010116739;2.0
0;0.06810193;0.028733749;2.0
0;0.043855377;0.033001963;2.0
0;0.03928492;0.009078824;2.0
0;0.037246395;0.028956754;2.0
0;0.044135902;0.021672618;2.0
0;0.03246358;0.052570503;2.0
0;0.043273143;0.050201647;2.0
0;0.040803947;0.021200722;2.0
0;0.026857905;0.037506092;2.0
0;0.06664824;0.016561382;2.0
0;0.007422909;0.026300967;2.0
0;0.03795055;0.03223362;2.0
0;0.038136385;0.02297894;2.0
0;0.01084223;0.027912436;2.0
0;0.0192233;0.02350038;2.0
0;0.0057152575;0.018987486;2.0
0;0.048046123;0.025205392;2.0
0;0.034063492;0.017626243;2.0
0;0.04291272;0.0;2.0
0;0.03342973;0.027911786;2.0
0;0.03707422;0.028741043;2.0
0;0.032831565;0.033743087;2.0
0;0.03109413;0.016336733;2.0
0;0.04812812;0.019304411;2.0
0;0.015030567;0.020855788;2.0
0;0.0342264;0.035496514;2.0
0;0.064676605;0.025183;2.0
0;0.017295823;0.023023384;2.0
0;0.022710508;0.02034082;2.0
0;0.047604814;0.049318496;2.0
0;0.029965261;0.027067395;2.0
0;0.01396826;0.028735632;2.0
0;0.043093547;0.031882316;2.0
0;0.018831251;0.031185398;2.0
0;0.020948017;0.02805549;2.0
0;0.03662024;0.017719137;2.0
0;0.047166795;0.013284379;2.0
0;0.040848713;0.03189615;2.0
0;0.025744494;0.029255498;2.0
0;0.027037311;0.010497487;2.0
0;0.028405152;0.030397639;2.0
0;0.055723984;0.057928335;2.0
0;0.98754144;0.9858562;3.0
0;0.99100024;0.99172693;3.0
0;0.99094945;0.9913181;3.0
0;0.9859416;0.99117;3.0
0;0.984989;0.9869227;3.0
0;0.9780409;0.9867041;3.0
0;0.99293256;0.98497593;3.0
0;0.9810601;0.9887449;3.0
0;0.98599803;0.9937664;3.0
0;0.99591607;0.9938529;3.0
0;0.9847275;0.989673;3.0
0;0.9863535;0.9870966;3.0
0;0.9970992;0.99142504;3.0
0;0.98520535;0.98907745;3.0
0;0.991102;0.99150723;3.0
0;0.981808;0.9885333;3.0
0;0.9859029;0.98500055;3.0
0;0.99210554;0.98118407;3.0
0;0.9910305;0.9867269;3.0
0;0.9908202;0.986365;3.0
0;0.9869454;0.9844981;3.0
0;0.99319273;0.9883848;3.0
0;0.98464996;0.9938427;3.0
0;0.99829346;0.9919614;3.0
0;0.9874916;0.986026;3.0
0;0.9830885;0.9856073;3.0
0;0.98873144;0.98996603;3.0
0;0.98573595;0.9877012;3.0
0;0.99292225;0.9847657;3.0
0;0.99009085;0.9925741;3.0
0;0.9869876;0.99217165;3.0
0;0.9910413;0.98734164;3.0
0;0.98663664;0.98528886;3.0
0;0.98494685;0.98896366;3.0
0;0.98579454;0.9972871;3.0
0;0.98939455;0.98708636;3.0
0;0.98943406;0.9937004;3.0
0;0.9870576;0.9908474;3.0
0;0.9797128;0.98638654;3.0
0;0.9886034;0.99269485;3.0
0;0.9897154;0.98632044;3.0
0;0.9863467;0.9859356;3.0
0;0.99063736;0.98815817;3.0
0;0.97504264;0.9944282;3.0
0;0.9884463;0.99217105;3.0
0;0.9976806;0.9935278;3.0
0;0.9883627;0.98771435;3.0
0;0.9908119;0.98867124;3.0
0;0.98731285;0.98139215;3.0
0;0.9926571;0.98725444;3.0
0;0.98574257;0.9836421;3.0
0;0.9886169;0.9844433;3.0
0;0.98732245;0.98264205;3.0
0;0.991726;0.9809937;3.0
0;0.9853707;0.9905477;3.0
0;0.9890304;0.98796874;3.0
0;0.9903327;0.9841435;3.0
0;0.99458724;0.98435503;3.0
0;0.99225944;0.99136764;3.0
0;0.9763796;0.9939119;3.0
0;0.9869705;0.98782563;3.0
0;0.988431;1.0;3.0
0;0.99156964;0.98469305;3.0
0;0.99080116;0.9817746;3.0
0;0.99424464;0.99017805;3.0
0;0.9904882;0.9938873;3.0
0;0.9836417;0.9843677;3.0
0;0.9901377;0.9867989;3.0
0;0.9895894;0.98912674;3.0
0;0.99411356;0.9847362;3.0
0;0.99187446;0.9871172;3.0
0;0.98691005;0.9844882;3.0
0;0.994171;0.98308384;3.0
0;0.9850845;0.9902146;3.0
0;0.98690176;0.98917484;3.0
0;0.99386114;0.9880297;3.0
0;0.99556804;0.9881595;3.0
0;0.9883367;0.98526764;3.0
0;0.98481673;0.9828292;3.0
0;0.99522704;0.9967149;3.0
0;0.9952854;0.98443043;3.0
0;0.9822794;0.9897143;3.0
0;0.9929821;0.98102856;3.0
0;0.99251395;0.98823446;3.0
0;0.9993915;0.985196;3.0
0;0.98860306;0.9824163;3.0
0;0.9861143;0.9891016;3.0
0;0.9833111;0.9883472;3.0
0;0.9895425;0.9874785;3.0
0;0.99488264;0.9879342;3.0
0;0.98868287;0.9849709;3.0
0;0.9915539;0.98973143;3.0
0;0.9868318;0.98439103;3.0
0;0.9850726;0.99161553;3.0
0;0.9949138;0.99326885;3.0
0;0.99301696;0.9889253;3.0
0;0.9858539;0.99158555;3.0
0;0.98711294;0.9868787;3.0
0;0.9975197;0.98514396;3.0
0;0.99207395;0.9962359;3.0
0;0.99219316;0.9880385;3.0
0;0.9825499;0.98408186;3.0
0;0.9870046;0.99141306;3.0
0;0.99076426;0.9888637;3.0
0;0.9902266;0.9881617;3.0
0;0.9897365;0.99552774;3.0
0;0.9908559;0.9920769;3.0
0;0.99185705;0.9874556;3.0
0;0.9776606;0.9875265;3.0
0;0.99471074;0.9884246;3.0
0;0.98829955;0.9858271;3.0
0;0.9863246;0.983767;3.0
0;0.9901866;0.98428446;3.0
0;0.9975219;0.9855274;3.0
0;0.98872197;0.98921525;3.0
0;0.99047434;0.98797923;3.0
0;0.9872611;0.9915208;3.0
0;0.99295706;0.9817877;3.0
0;0.9894455;0.9862665;3.0
0;0.99763864;0.9850801;3.0
0;0.9880533;0.98473346;3.0
0;1.0;0.9852787;3.0
0;0.9906017;0.9801166;3.0
0;0.9818601;0.9889027;3.0
0;0.9981946;0.98727816;3.0
0;0.9939455;0.98552155;3.0
0;0.71842897;0.13561144;4.0
0;0.69563854;0.13644502;4.0
0;0.69543576;0.1306648;4.0
0;0.7195385;0.10996274;4.0
0;0.71695346;0.14696838;4.0
0;0.69795036;0.14181192;4.0
0;0.7141283;0.15806401;4.0
0;0.6832837;0.13681182;4.0
0;0.7144356;0.15474772;4.0
0;0.6926891;0.14289384;4.0
0;0.7191003;0.1289074;4.0
0;0.6917975;0.14644125;4.0
0;0.71330065;0.14036168;4.0
0;0.6767588;0.123173915;4.0
0;0.6986039;0.13127477;4.0
0;0.67822534;0.12536862;4.0
0;0.6881628;0.12436273;4.0
0;0.69058424;0.13642985;4.0
0;0.6942511;0.15431754;4.0
0;0.7136248;0.12238876;4.0
0;0.6883229;0.13251232;4.0
0;0.68596953;0.12833497;4.0
0;0.70332646;0.13524383;4.0
0;0.69327253;0.15303306;4.0
0;0.72304803;0.13306288;4.0
0;0.7029348;0.12773275;4.0
0;0.682191;0.14300919;4.0
0;0.69827574;0.14789033;4.0
0;0.68409425;0.14349896;4.0
0;0.6960026;0.14750192;4.0
0;0.7091985;0.12892811;4.0
0;0.7180119;0.13213868;4.0
0;0.71661407;0.13933705;4.0
0;0.67743516;0.14542064;4.0
0;0.6960348;0.12484335;4.0
0;0.6831418;0.12689391;4.0
0;0.7139669;0.12911084;4.0
0;0.6947581;0.13711776;4.0
0;0.718698;0.12973939;4.0
0;0.72075206;0.14198168;4.0
0;0.68665516;0.13809699;4.0
0;0.70747054;0.13290669;4.0
0;0.7068861;0.13152535;4.0
0;0.7210877;0.12699279;4.0
0;0.72365624;0.15110528;4.0
0;0.7142146;0.14125918;4.0
0;0.74044365;0.13866547;4.0
0;0.7067631;0.12887268;4.0
0;0.6782463;0.12880184;4.0
0;0.69168407;0.15373501;4.0
0;0.68469286;0.13478047;4.0
0;0.71901375;0.13716805;4.0
0;0.6801224;0.12707579;4.0
0;0.701908;0.14770721;4.0
0;0.7061541;0.16663204;4.0
0;0.71117306;0.13119832;4.0
0;0.7000262;0.14056578;4.0
0;0.7138106;0.14483824;4.0
0;0.71757436;0.1441465;4.0
0;0.7208043;0.12902121;4.0
0;0.6971062;0.12009403;4.0
0;0.71999925;0.15796824;4.0
0;0.70047116;0.13152897;4.0
0;0.7153222;0.12184921;4.0
0;0.7047092;0.13067603;4.0
0;0.7155619;0.12892602;4.0
0;0.70004463;0.12966944;4.0
0;0.691911;0.14769837;4.0
0;0.70963204;0.15275007;4.0
0;0.6605387;0.14320609;4.0
0;0.7102422;0.15012579;4.0
0;0.6991807;0.13660295;4.0
0;0.7127897;0.14605397;4.0
0;0.68966913;0.12348166;4.0
0;0.692709;0.13290255;4.0
0;0.722713;0.1504361;4.0
0;0.6947875;0.13902718;4.0
0;0.7203325;0.11637318;4.0
0;0.7205194;0.12693942;4.0
0;0.7392994;0.1400829;4.0
0;0.7332331;0.13465577;4.0
0;0.69587576;0.13108793;4.0
0;0.71403533;0.14923531;4.0
0;0.7261905;0.13147645;4.0
0;0.6900227;0.15870649;4.0
0;0.719015;0.13544798;4.0
0;0.72700703;0.14400683;4.0
0;0.6998911;0.14253701;4.0
0;0.7239862;0.13013609;4.0
0;0.67543155;0.13704753;4.0
0;0.68701947;0.1471224;4.0
0;0.6994908;0.13667619;4.0
0;0.7181888;0.14747784;4.0
0;0.6959488;0.14049238;4.0
0;0.70357084;0.119427174;4.0
0;0.6971548;0.15116945;4.0
0;0.6787548;0.13453367;4.0
0;0.7019734;0.14041376;4.0
0;0.70834005;0.14666745;4.0
0;0.6898915;0.14745826;4.0
0;0.6811851;0.13681866;4.0
0;0.67903876;0.1459931;4.0
0;0.7106456;0.1267827;4.0
0;0.6965123;0.13817313;4.0
0;0.69728684;0.14981437;4.0
0;0.7136935;0.13993724;4.0
0;0.68949115;0.1365578;4.0
0;0.711916;0.12853466;4.0
0;0.6856967;0.11882469;4.0
0;0.702211;0.12834877;4.0
0;0.6949502;0.14263436;4.0
0;0.70844364;0.14862902;4.0
0;0.7061333;0.14809673;4.0
0;0.6815324;0.15117757;4.0
0;0.6974788;0.1233422;4.0
0;0.6917264;0.13901502;4.0
0;0.67531496;0.15273575;4.0
0;0.7225535;0.13955481;4.0
0;0.72453743;0.14896056;4.0
0;0.7000706;0.13184361;4.0
0;0.6803857;0.12977205;4.0
0;0.7029922;0.12888236;4.0
0;0.70616275;0.13536498;4.0
0;0.7267025;0.13636057;4.0
0;0.6991368;0.11040088;4.0
0;0.6893105;0.13131142;4.0
