DY
626
2

0;0.96195996;0.01196853;1.0
0;0.965258;0.026365718;1.0
0;0.96292996;0.009086577;1.0
0;0.9597146;0.017284214;1.0
0;0.9581894;0.022737166;1.0
0;0.9581127;0.023897631;1.0
0;0.9661814;0.0027231765;1.0
0;0.9556188;0.006870389;1.0
0;0.9567374;0.015267682;1.0
0;0.9556091;0.016416883;1.0
0;0.946587;0.017445115;1.0
0;0.9617736;0.017385883;1.0
0;0.9528076;0.02264921;1.0
0;0.9455709;0.030656101;1.0
0;0.9511524;0.021986604;1.0
0;0.95203066;0.0152468765;1.0
0;0.95963323;0.013215998;1.0
0;0.96309894;0.018333022;1.0
0;0.96141195;0.021613149;1.0
0;0.95924544;0.014448385;1.0
0;0.9610074;0.014857298;1.0
0;0.95204157;0.012047421;1.0
0;0.96481967;0.013357428;1.0
0;0.960659;0.035966348;1.0
0;0.9564155;0.015325006;1.0
0;0.9574787;0.023949957;1.0
0;0.9595404;0.019745553;1.0
0;0.95528835;0.026059495;1.0
0;0.96993333;0.010857212;1.0
0;0.9535536;0.015515736;1.0
0;0.9680377;0.023181543;1.0
0;0.9597293;0.018291058;1.0
0;0.94812065;0.01900276;1.0
0;0.9630898;0.016850984;1.0
0;0.95604646;0.017684901;1.0
0;0.9619632;0.019426543;1.0
0;0.9719935;0.021431588;1.0
0;0.9580955;0.025075436;1.0
0;0.96423715;0.024482142;1.0
0;0.9579198;0.02037647;1.0
0;0.9540308;0.013144147;1.0
0;0.94581497;0.02381108;1.0
0;0.95378804;0.018647684;1.0
0;0.9657503;0.029587753;1.0
0;0.9551131;0.012051326;1.0
0;0.9702731;0.02489988;1.0
0;0.9641245;0.021593174;1.0
0;0.96432984;0.023356145;1.0
0;0.9544337;0.010213659;1.0
0;0.9646357;0.024480999;1.0
0;0.9645457;0.014983765;1.0
0;0.9521883;0.020609152;1.0
0;0.96369964;0.018601881;1.0
0;0.9570346;0.007616123;1.0
0;0.9722154;0.015061728;1.0
0;0.95787597;0.025208658;1.0
0;0.9595095;0.025280539;1.0
0;0.96319175;0.023038868;1.0
0;0.9664489;0.007064315;1.0
0;0.96110785;0.020846596;1.0
0;0.9585646;0.018527644;1.0
0;0.95696616;0.019404301;1.0
0;0.9594992;0.01252626;1.0
0;0.96693504;0.025607606;1.0
0;0.959352;0.021999357;1.0
0;0.95824575;0.025185324;1.0
0;0.96078295;0.020654067;1.0
0;0.95939046;0.013460183;1.0
0;0.9642932;0.009511364;1.0
0;0.96215355;0.024721408;1.0
0;0.9640198;0.010938711;1.0
0;0.9616173;0.026471317;1.0
0;0.9608384;0.014317953;1.0
0;0.9445204;0.012478491;1.0
0;0.95741796;0.026452225;1.0
0;0.9530477;0.015277241;1.0
0;0.96502674;0.016729616;1.0
0;0.9597297;0.019539243;1.0
0;0.9599446;0.018996598;1.0
0;0.95828724;0.01793897;1.0
0;0.95903206;0.025468284;1.0
0;0.95473677;0.02257438;1.0
0;0.96819174;0.015462689;1.0
0;0.96187854;0.019351784;1.0
0;0.966836;0.030959692;1.0
0;0.9495235;0.027670298;1.0
0;0.96082073;0.014350973;1.0
0;0.96304595;0.023396151;1.0
0;0.96236914;0.0136766145;1.0
0;0.9550357;0.022239547;1.0
0;0.96343195;0.029095503;1.0
0;0.951611;0.02297862;1.0
0;0.9621889;0.026305674;1.0
0;0.9664621;0.026226666;1.0
0;0.9594251;0.023860753;1.0
0;0.97262216;0.01752863;1.0
0;0.96420366;0.015640903;1.0
0;0.9576836;0.027889522;1.0
0;0.9616855;0.023786684;1.0
0;0.9608404;0.020422494;1.0
0;0.9547586;0.023619516;1.0
0;0.95670474;0.026794363;1.0
0;0.9565592;0.007926072;1.0
0;0.96042466;0.016075272;1.0
0;0.95531565;0.012500199;1.0
0;0.9659986;0.020699155;1.0
0;0.94850093;0.02288548;1.0
0;0.9570634;0.020323334;1.0
0;0.96475947;0.028507503;1.0
0;0.9597402;0.021307586;1.0
0;0.9623245;0.019551365;1.0
0;0.9619332;0.017540518;1.0
0;0.94898385;0.016844388;1.0
0;0.97047323;0.016855327;1.0
0;0.95671535;0.0;1.0
0;0.9618868;0.029039642;1.0
0;0.9647674;0.019325282;1.0
0;0.9553846;0.01803703;1.0
0;0.9632366;0.020380724;1.0
0;0.96382236;0.0107579585;1.0
0;0.96283406;0.01383062;1.0
0;0.9562486;0.01655146;1.0
0;0.9677425;0.012642083;1.0
0;0.9607899;0.01575772;1.0
0;0.95757824;0.016393596;1.0
0;0.9668201;0.01760035;1.0
0;0.95179856;0.02422005;1.0
0;0.9683171;0.029920971;1.0
0;0.97036445;0.015153654;1.0
0;0.955468;0.023617497;1.0
0;0.96292;0.019916438;1.0
0;0.9620939;0.02627313;1.0
0;0.96700126;0.02149941;1.0
0;0.9516415;0.0063622673;1.0
0;0.9571389;0.025073227;1.0
0;0.96649826;0.01091852;1.0
0;0.9633653;0.018831978;1.0
0;0.9581222;0.01689694;1.0
0;0.95800114;0.022348393;1.0
0;0.9645998;0.018802611;1.0
0;0.96184534;0.012579498;1.0
0;0.9712411;0.01768272;1.0
0;0.96224326;0.016523838;1.0
0;0.9565556;0.013585987;1.0
0;0.9672404;0.02418194;1.0
0;0.96091413;0.01868622;1.0
0;0.9546213;0.026807468;1.0
0;0.96380466;0.01691912;1.0
0;0.9608921;0.018637612;1.0
0;0.9539565;0.018854039;1.0
0;0.96168375;0.026422892;1.0
0;0.9575338;0.03130745;1.0
0;0.9719732;0.023462161;1.0
0;0.96216077;0.019190665;1.0
0;0.95350736;0.020376055;1.0
0;0.95697874;0.015697477;1.0
0;0.95669365;0.014111481;1.0
0;0.9572848;0.025582144;1.0
0;0.96170473;0.024974205;1.0
0;0.94940346;0.031095536;1.0
0;0.962562;0.021519072;1.0
0;0.96467257;0.019466532;1.0
0;0.96858823;0.02560597;1.0
0;0.973272;0.01559483;1.0
0;0.95332325;0.022620322;1.0
0;0.9601959;0.028058492;1.0
0;0.9586363;0.016551638;1.0
0;0.9610634;0.019859098;1.0
0;0.95539975;0.029570894;1.0
0;0.9553264;0.020735877;1.0
0;0.95850664;0.028347427;1.0
0;0.96097076;0.020182382;1.0
0;0.9575573;0.02761374;1.0
0;0.95494074;0.019728953;1.0
0;0.963485;0.014413139;1.0
0;0.9571643;0.025897374;1.0
0;0.9661904;0.024751622;1.0
0;0.9559785;0.01896243;1.0
0;0.9488222;0.016337646;1.0
0;0.9605836;0.017134618;1.0
0;0.9614878;0.028986517;1.0
0;0.9576729;0.02065528;1.0
0;0.95731485;0.01941209;1.0
0;0.96217287;0.014694988;1.0
0;0.9663054;0.019218747;1.0
0;0.9600943;0.024813898;1.0
0;0.9593287;0.0126255695;1.0
0;0.96648276;0.01654734;1.0
0;0.9682247;0.019090528;1.0
0;0.9668092;0.015289796;1.0
0;0.95985466;0.016454995;1.0
0;0.9549941;0.017496346;1.0
0;0.9663201;0.024841107;1.0
0;0.9558998;0.019207172;1.0
0;0.9685998;0.02448379;1.0
0;0.95930827;0.02193768;1.0
0;0.9545439;0.018051742;1.0
0;0.9531042;0.02624343;1.0
0;0.9611857;0.018759474;1.0
0;0.94974905;0.02495759;1.0
0;0.96211815;0.012766904;1.0
0;0.9658976;0.015407843;1.0
0;0.97037464;0.017103478;1.0
0;0.9648321;0.021085307;1.0
0;0.9577733;0.011720411;1.0
0;0.95222336;0.015249151;1.0
0;0.96819043;0.025394809;1.0
0;0.95403033;0.022326216;1.0
0;0.9627355;0.020981623;1.0
0;0.9622968;0.030445047;1.0
0;0.95703614;0.014267532;1.0
0;0.961498;0.021511719;1.0
0;0.9581605;0.017333038;1.0
0;0.95566154;0.01767566;1.0
0;0.9550893;0.013594239;1.0
0;0.9602573;0.0150184855;1.0
0;0.9579193;0.023455083;1.0
0;0.9623817;0.017035985;1.0
0;0.95762974;0.023519073;1.0
0;0.94881094;0.023714503;1.0
0;0.96174234;0.018803278;1.0
0;0.95180506;0.020373248;1.0
0;0.96431875;0.023542557;1.0
0;0.9766182;0.0122699635;1.0
0;0.9659282;0.017547572;1.0
0;0.9486125;0.013173272;1.0
0;0.9593517;0.037205838;1.0
0;0.9529722;0.02222395;1.0
0;0.94962406;0.013700236;1.0
0;0.95621747;0.019517217;1.0
0;0.9663077;0.025118275;1.0
0;0.9634467;0.023960395;1.0
0;0.96590006;0.020555152;1.0
0;0.9545528;0.011326497;1.0
0;0.95573866;0.016366433;1.0
0;0.952233;0.018262573;1.0
0;0.96264493;0.022444347;1.0
0;0.9565695;0.018863361;1.0
0;0.9525293;0.019135868;1.0
0;0.9584569;0.016227266;1.0
0;0.9571076;0.021806767;1.0
0;0.95345354;0.023793634;1.0
0;0.97033536;0.022647323;1.0
0;0.96723896;0.022785362;1.0
0;0.962634;0.019660326;1.0
0;0.9664538;0.019523198;1.0
0;0.970462;0.023758758;1.0
0;0.95926553;0.028252825;1.0
0;0.9495411;0.020715246;1.0
0;0.9534679;0.009876169;1.0
0;0.9722593;0.021944812;1.0
0;0.9637308;0.028993396;1.0
0;0.9591879;0.027985409;1.0
0;0.9449055;0.014183893;1.0
0;0.9612761;0.014094219;1.0
0;0.95791966;0.010722198;1.0
0;0.96898425;0.016134232;1.0
0;0.95902455;0.017927634;1.0
0;0.95355165;0.023458214;1.0
0;0.9534042;0.01994774;1.0
0;0.9574568;0.013934808;1.0
0;0.96353734;0.0258952;1.0
0;0.96236867;0.026988585;1.0
0;0.9597662;0.02130807;1.0
0;0.9615689;0.019724028;1.0
0;0.9597393;0.01847765;1.0
0;0.96086675;0.030899158;1.0
0;0.96301824;0.022574283;1.0
0;0.96024317;0.014286707;1.0
0;0.95376176;0.023310265;1.0
0;0.956307;0.021619186;1.0
0;0.96293116;0.023668386;1.0
0;0.95220286;0.014567884;1.0
0;0.9664704;0.018491622;1.0
0;0.9558931;0.0277838;1.0
0;0.9576802;0.020786291;1.0
0;0.9653296;0.019207848;1.0
0;0.95990384;0.017392188;1.0
0;0.9639188;0.014985242;1.0
0;0.957888;0.024868976;1.0
0;0.9632805;0.019996524;1.0
0;0.9548665;0.01893012;1.0
0;0.96276236;0.014250939;1.0
0;0.9510726;0.011532137;1.0
0;0.9500412;0.009156228;1.0
0;0.9517928;0.02169472;1.0
0;0.9552612;0.023011565;1.0
0;0.95751494;0.018960379;1.0
0;0.96031964;0.021855608;1.0
0;0.96418536;0.0149183385;1.0
0;0.9681105;0.020108372;1.0
0;0.96325934;0.018227214;1.0
0;0.96296185;0.012807981;1.0
0;0.95905966;0.0217243;1.0
0;0.9587717;0.024673639;1.0
0;0.9500572;0.015637778;1.0
0;0.9570332;0.0092113195;1.0
0;0.95516014;0.012782121;1.0
0;0.950996;0.011838898;1.0
0;0.94818515;0.021213833;1.0
0;0.97590923;0.024189945;1.0
0;0.9606382;0.028879147;1.0
0;0.96399677;0.022309443;1.0
0;0.95801497;0.02504171;1.0
0;0.95703983;0.018278815;1.0
0;0.95685613;0.027854875;1.0
0;0.9565388;0.016569244;1.0
0;0.96139896;0.01940778;1.0
0;0.96327496;0.019961597;1.0
0;0.9621779;0.010976822;1.0
0;0.96466815;0.013782847;1.0
0;0.96775526;0.020846512;1.0
0;0.9621508;0.026824303;1.0
0;0.2714981;0.5617411;2.0
0;0.50824076;0.76320297;2.0
0;0.30699563;0.554998;2.0
0;0.5493952;0.43977782;2.0
0;0.72793543;0.87096804;2.0
0;0.7664618;0.76779574;2.0
0;0.25170782;0.6365149;2.0
0;0.47223455;0.6080889;2.0
0;0.6622772;0.44358534;2.0
0;0.4783996;0.8282595;2.0
0;0.30550784;0.5758565;2.0
0;0.44698513;0.4548638;2.0
0;0.77969193;0.544882;2.0
0;0.46775386;0.48367682;2.0
0;0.58220845;0.53566474;2.0
0;0.46987554;0.586666;2.0
0;0.8529343;0.2643571;2.0
0;0.7834589;0.76471573;2.0
0;0.42158985;0.47118402;2.0
0;0.73699063;0.504419;2.0
0;0.32621935;0.45657825;2.0
0;0.21813437;0.72715294;2.0
0;0.21466392;0.61974704;2.0
0;0.3460885;0.43990403;2.0
0;0.5852081;0.6652997;2.0
0;0.53270787;0.71443784;2.0
0;0.57550985;0.44919947;2.0
0;0.12773621;0.3582008;2.0
0;0.79766166;0.47156322;2.0
0;0.3473143;0.37573168;2.0
0;0.54070115;0.46041682;2.0
0;0.7920009;0.52886456;2.0
0;0.672338;0.2724928;2.0
0;0.7204635;0.7163093;2.0
0;0.1620685;0.5108486;2.0
0;0.5431108;0.5793973;2.0
0;0.40196243;0.4672566;2.0
0;0.7416914;0.90043616;2.0
0;0.31645396;0.46734217;2.0
0;0.2808432;0.81020474;2.0
0;0.44822353;0.50014;2.0
0;0.75208205;0.43914706;2.0
0;0.67100954;0.6541123;2.0
0;0.58501077;0.6553895;2.0
0;0.38486946;0.7044102;2.0
0;0.42398962;0.5057394;2.0
0;0.4379642;0.6165863;2.0
0;0.39238244;0.40387195;2.0
0;0.4231193;0.32307038;2.0
0;0.66879696;0.20857641;2.0
0;0.75641674;0.59742045;2.0
0;0.3974052;0.5092222;2.0
0;0.4082548;0.5718656;2.0
0;0.577697;0.590716;2.0
0;0.5425864;0.5461191;2.0
0;0.58504456;0.512263;2.0
0;0.5143803;0.45988876;2.0
0;0.552248;0.7740147;2.0
0;0.5156303;0.5409537;2.0
0;0.61660904;0.544511;2.0
0;0.5493403;0.52798104;2.0
0;0.23027869;0.39469072;2.0
0;0.65717846;0.4812384;2.0
0;0.33945325;0.63513905;2.0
0;0.62569684;0.40167332;2.0
0;0.63398486;0.5301497;2.0
0;0.51315004;0.45343962;2.0
0;0.45666665;0.664463;2.0
0;0.41826496;0.4538553;2.0
0;0.4782636;0.26842046;2.0
0;0.4690807;0.44965094;2.0
0;0.66716576;0.33563137;2.0
0;0.6223485;0.7821854;2.0
0;0.50271124;0.68944436;2.0
0;0.31512856;0.470113;2.0
0;0.60349584;0.3347148;2.0
0;0.63440555;0.5549167;2.0
0;0.083127365;0.52560157;2.0
0;0.5417936;0.7400295;2.0
0;0.7409825;0.5790358;2.0
0;0.3524293;0.9227178;2.0
0;0.4869942;0.64757514;2.0
0;0.5662068;0.4752045;2.0
0;0.4423623;0.57546335;2.0
0;0.5899201;0.55002964;2.0
0;0.6014117;0.657675;2.0
0;0.44267923;0.58024746;2.0
0;0.6823226;0.40400228;2.0
0;0.38140583;0.803282;2.0
0;0.56440115;0.42323005;2.0
0;0.5579215;0.67258906;2.0
0;0.44075742;0.8585213;2.0
0;0.5434762;0.5028588;2.0
0;0.18840449;0.57501465;2.0
0;0.40806738;0.43675193;2.0
0;0.5904332;0.24625163;2.0
0;0.37557968;0.51046824;2.0
0;0.057675127;0.56003106;2.0
0;0.43964255;1.0;2.0
0;0.584343;0.5954415;2.0
0;0.56607485;0.55880517;2.0
0;0.6032225;0.48074347;2.0
0;0.70775086;0.76622045;2.0
0;0.48093027;0.4740243;2.0
0;0.35691717;0.61458176;2.0
0;0.4071431;0.47575173;2.0
0;0.66234887;0.59197396;2.0
0;0.6001275;0.525722;2.0
0;0.4616802;0.83951247;2.0
0;0.82258487;0.4766202;2.0
0;0.16910377;0.23084195;2.0
0;0.6303001;0.31015557;2.0
0;0.36258662;0.70365924;2.0
0;0.55600166;0.46143982;2.0
0;0.06590062;0.40649214;2.0
0;0.49024695;0.39783064;2.0
0;0.690228;0.1811899;2.0
0;0.4422422;0.6348952;2.0
0;0.5412156;0.7914205;2.0
0;0.8984634;0.6731873;2.0
0;0.5934693;0.5298014;2.0
0;0.73312134;0.53548986;2.0
0;0.38759756;0.55873114;2.0
0;0.67020303;0.43128875;2.0
0;0.68681496;0.7739524;2.0
0;0.32839906;0.77001107;2.0
0;0.23358479;0.6511299;2.0
0;0.58018535;0.48401064;2.0
0;0.78495675;0.6074216;2.0
0;0.6805633;0.48985964;2.0
0;0.69207734;0.7156936;2.0
0;0.0;0.81117785;2.0
0;0.58980745;0.9583163;2.0
0;0.49897677;0.82671946;2.0
0;0.53079164;0.28611648;2.0
0;0.37492505;0.47360942;2.0
0;0.63478917;0.4589141;2.0
0;0.6743794;0.2928834;2.0
0;0.6199016;0.4703887;2.0
0;0.21047916;0.64164585;2.0
0;0.5083252;0.49763894;2.0
0;0.48253208;0.39613277;2.0
0;0.41644773;0.3322067;2.0
0;0.62074065;0.59419996;2.0
0;0.24927953;0.48994312;2.0
0;0.42224383;0.6468475;2.0
0;0.57772607;0.5796795;2.0
0;0.44636744;0.5991613;2.0
0;0.462048;0.35457602;2.0
0;0.07820557;0.48054287;2.0
0;0.84551436;0.38433054;2.0
0;0.81730324;0.68385607;2.0
0;0.15831542;0.5336126;2.0
0;0.2233127;0.528579;2.0
0;0.44183066;0.6003614;2.0
0;0.24769904;0.61830217;2.0
0;0.45303938;0.43951464;2.0
0;0.43217945;0.51379764;2.0
0;0.67509097;0.32790703;2.0
0;0.45716944;0.53239524;2.0
0;0.84542215;0.5228729;2.0
0;0.44854495;0.62291557;2.0
0;0.21567625;0.6519478;2.0
0;0.46544492;0.6391459;2.0
0;0.60014063;0.55722207;2.0
0;0.29849827;0.40861613;2.0
0;0.65892756;0.3225698;2.0
0;0.5508453;0.44733354;2.0
0;0.86076677;0.5966932;2.0
0;0.35960805;0.3657993;2.0
0;0.47419104;0.33515105;2.0
0;0.33146545;0.19534232;2.0
0;0.29718068;0.7096936;2.0
0;0.56052804;0.45887053;2.0
0;0.97072494;0.66540045;2.0
0;0.57399356;0.30617455;2.0
0;0.5081393;0.551513;2.0
0;0.2992993;0.6105197;2.0
0;0.44092536;0.46248826;2.0
0;0.23365046;0.500681;2.0
0;0.5631273;0.43304574;2.0
0;0.58894247;0.64598966;2.0
0;0.7067045;0.52312434;2.0
0;0.34421933;0.35443392;2.0
0;0.65498257;0.68942803;2.0
0;0.6919327;0.5022612;2.0
0;0.3202304;0.5610767;2.0
0;1.0;0.53104776;2.0
0;0.7448331;0.5693804;2.0
0;0.5859514;0.49169505;2.0
0;0.5552758;0.8297071;2.0
0;0.7045625;0.6668492;2.0
0;0.08679016;0.6491305;2.0
0;0.68002045;0.6533695;2.0
0;0.6976959;0.6431925;2.0
0;0.47971842;0.47511458;2.0
0;0.5934633;0.6140474;2.0
0;0.34456718;0.7207094;2.0
0;0.5030892;0.82553804;2.0
0;0.7266568;0.054411266;2.0
0;0.42578754;0.65001476;2.0
0;0.6318489;0.5005848;2.0
0;0.5706076;0.5481592;2.0
0;0.9999403;0.60928226;2.0
0;0.6412117;0.4272056;2.0
0;0.46877888;0.73144954;2.0
0;0.3146502;0.74238175;2.0
0;0.58999205;0.44879368;2.0
0;0.62878954;0.25717342;2.0
0;0.5615372;0.54492867;2.0
0;0.56983685;0.5729961;2.0
0;0.7202099;0.59535444;2.0
0;0.29854524;0.6545952;2.0
0;0.57732;0.5654025;2.0
0;0.6585071;0.60099024;2.0
0;0.9006634;0.5293401;2.0
0;0.6751679;0.4897842;2.0
0;0.56237143;0.4565045;2.0
0;0.16607836;0.5438875;2.0
0;0.5985209;0.56303906;2.0
0;0.4487336;0.60404074;2.0
0;0.77792966;0.57784593;2.0
0;0.77114487;0.5754188;2.0
0;0.47844836;0.29262888;2.0
0;0.7190181;0.33168846;2.0
0;0.78759307;0.7218585;2.0
0;0.45050916;0.41637802;2.0
0;0.87276286;0.52878445;2.0
0;0.6944787;0.5981802;2.0
0;0.80248654;0.7309847;2.0
0;0.5440882;0.6384203;2.0
0;0.58728796;0.8192726;2.0
0;0.4228216;0.6306252;2.0
0;0.47527057;0.47356898;2.0
0;0.6760284;0.5618549;2.0
0;0.049795374;0.65124786;2.0
0;0.621067;0.738285;2.0
0;0.49208832;0.27498773;2.0
0;0.5058797;0.6940863;2.0
0;0.11896101;0.4841903;2.0
0;0.3431787;0.4156409;2.0
0;0.30310315;0.4176132;2.0
0;0.5164821;0.45195812;2.0
0;0.27947015;0.5094923;2.0
0;0.37788314;0.6454311;2.0
0;0.5348956;0.56160915;2.0
0;0.5584029;0.458002;2.0
0;0.31564888;0.6800729;2.0
0;0.3569323;0.5964376;2.0
0;0.6970621;0.5465466;2.0
0;0.44327423;0.29978812;2.0
0;0.6246671;0.5825906;2.0
0;0.07678866;0.53130937;2.0
0;0.42177498;0.46347904;2.0
0;0.61411095;0.65355736;2.0
0;0.5128642;0.29115734;2.0
0;0.45399523;0.5488396;2.0
0;0.9007955;0.35203615;2.0
0;0.47421116;0.3024547;2.0
0;0.5562964;0.5510882;2.0
0;0.44885755;0.544038;2.0
0;0.34334406;0.55974084;2.0
0;0.445155;0.6642334;2.0
0;0.27399144;0.5541546;2.0
0;0.13385248;0.79777324;2.0
0;0.21106882;0.53020024;2.0
0;0.4514545;0.38986;2.0
0;0.5628334;0.56387246;2.0
0;0.40772647;0.5046096;2.0
0;0.3307598;0.5030487;2.0
0;0.4490979;0.58129394;2.0
0;0.60108685;0.6728102;2.0
0;0.49552915;0.46614292;2.0
0;0.55447114;0.32055312;2.0
0;0.46172744;0.5587905;2.0
0;0.687047;0.2944185;2.0
0;0.6872433;0.30949992;2.0
0;0.3656878;0.23633869;2.0
0;0.6212601;0.72661924;2.0
0;0.48471862;0.4929953;2.0
0;0.5466713;0.56270736;2.0
0;0.1846539;0.6628752;2.0
0;0.41615805;0.42805755;2.0
0;0.0664028;0.7771537;2.0
0;0.30377224;0.5640997;2.0
0;0.25925502;0.35861677;2.0
0;0.48797306;0.58183604;2.0
0;0.38874876;0.3807148;2.0
0;0.5995572;0.44047534;2.0
0;0.48259547;0.68298775;2.0
0;0.53824604;0.40020204;2.0
0;0.5288123;0.30167547;2.0
0;0.30727735;0.76518506;2.0
0;0.701313;0.47227588;2.0
0;0.6132367;0.4457891;2.0
0;0.46937564;0.45858544;2.0
0;0.73500854;0.5244127;2.0
0;0.6931197;0.40037146;2.0
0;0.46754453;0.5803627;2.0
0;0.6439691;0.36950076;2.0
0;0.66791284;0.4945439;2.0
0;0.61960274;0.3412594;2.0
0;0.48266888;0.35322717;2.0
0;0.7975176;0.5798791;2.0
0;0.3526359;0.56581426;2.0
0;0.54161024;0.8003093;2.0
0;0.5579873;0.47953525;2.0
0;0.41924667;0.6882138;2.0
0;0.6109569;0.5597389;2.0
0;0.30930665;0.57736653;2.0
0;0.5675992;0.31796777;2.0
0;0.13641286;0.29704306;2.0
0;0.5221339;0.35598144;2.0
