DY
1002
2

0;0.24386242;0.006567627;1.0
0;0.13611867;0.0040557496;1.0
0;0.26721892;0.0029105556;1.0
0;0.2612188;0.012310838;1.0
0;0.13118981;0.007084318;1.0
0;0.34436822;0.008974261;1.0
0;0.15848665;0.009582097;1.0
0;0.1295651;0.007956669;1.0
0;0.3887287;0.008174738;1.0
0;0.19782704;0.0071821646;1.0
0;0.4116484;0.012676088;1.0
0;0.29695538;0.010638146;1.0
0;0.22466393;0.0076668705;1.0
0;0.2734156;0.0076537547;1.0
0;0.20778069;0.0042403704;1.0
0;0.16654252;0.008390905;1.0
0;0.14636324;0.012187796;1.0
0;0.2432087;0.004783938;1.0
0;0.24983226;0.00554806;1.0
0;0.33236575;0.0059207776;1.0
0;0.14808075;0.013508538;1.0
0;0.17467055;0.008874601;1.0
0;0.40356112;0.0038087196;1.0
0;0.2880941;0.005134282;1.0
0;0.37950408;0.008513241;1.0
0;0.17597185;0.0078244;1.0
0;0.22024018;0.002938489;1.0
0;0.11171205;0.008335463;1.0
0;0.25315446;0.009929229;1.0
0;0.27082324;0.00988372;1.0
0;0.3086915;0.011755635;1.0
0;0.114855126;0.007924484;1.0
0;0.34477562;0.007820851;1.0
0;0.35348254;0.013066515;1.0
0;0.1773524;0.0110730985;1.0
0;0.16526045;0.006656157;1.0
0;0.265584;0.007480946;1.0
0;0.20733789;0.008900657;1.0
0;0.3821473;0.005431728;1.0
0;0.1674761;0.007707495;1.0
0;0.12996641;0.013046224;1.0
0;0.2128407;0.0062455856;1.0
0;0.21983913;0.007698189;1.0
0;0.40566957;0.007705032;1.0
0;0.31325188;0.006013822;1.0
0;0.31107;0.008523176;1.0
0;0.15441172;0.006824819;1.0
0;0.27558205;0.00939726;1.0
0;0.23192564;0.0063910075;1.0
0;0.31896514;0.006149442;1.0
0;0.18651514;0.0056456043;1.0
0;0.12763418;0.0036731388;1.0
0;0.22418498;0.011965683;1.0
0;0.2150352;0.0011517373;1.0
0;0.17584583;0.006919655;1.0
0;0.1503206;0.009401266;1.0
0;0.10759031;0.0038329698;1.0
0;0.15463099;0.0101343;1.0
0;0.28996223;0.009742194;1.0
0;0.17403074;0.008085513;1.0
0;0.2179153;0.0067182127;1.0
0;0.3455282;0.008932787;1.0
0;0.3254752;0.009297592;1.0
0;0.34019265;0.010181179;1.0
0;0.3969838;0.0038869898;1.0
0;0.26337755;0.0031452354;1.0
0;0.22952518;0.009742467;1.0
0;0.28205526;0.006604334;1.0
0;0.24402723;0.006120478;1.0
0;0.087560475;0.0030648445;1.0
0;0.2719642;0.0048573804;1.0
0;0.20819846;0.009076833;1.0
0;0.09973095;0.0073058396;1.0
0;0.19900542;0.0094655715;1.0
0;0.3045329;0.008851886;1.0
0;0.27636757;0.006747238;1.0
0;0.23846513;0.00802171;1.0
0;0.25462928;0.011142727;1.0
0;0.2005766;0.007849423;1.0
0;0.20329022;0.008600473;1.0
0;0.3701626;0.005187687;1.0
0;0.20877382;0.007772489;1.0
0;0.20435987;0.008975966;1.0
0;0.31944638;0.011496655;1.0
0;0.1892434;0.004502848;1.0
0;0.20650843;0.0032975029;1.0
0;0.28970522;0.0017142091;1.0
0;0.3177143;0.008367364;1.0
0;0.20687291;0.0056023137;1.0
0;0.2216805;0.0069969604;1.0
0;0.20902424;0.005367993;1.0
0;0.30690432;0.006896372;1.0
0;0.25622752;0.014842223;1.0
0;0.17786036;0.007906081;1.0
0;0.2551127;0.012451969;1.0
0;0.38625216;0.011340687;1.0
0;0.15234056;0.0041536475;1.0
0;0.14456335;0.01274294;1.0
0;0.24762219;0.009154536;1.0
0;0.29530978;0.010884343;1.0
0;0.2044972;0.0057421485;1.0
0;0.24996644;0.014603558;1.0
0;0.19191664;0.008333223;1.0
0;0.029010657;0.010007311;1.0
0;0.26087707;0.009120605;1.0
0;0.3932581;0.0023172149;1.0
0;0.13622355;0.0016069899;1.0
0;0.28816208;0.012120468;1.0
0;0.3571574;0.0076166457;1.0
0;0.28024283;0.003815954;1.0
0;0.29844016;0.013319738;1.0
0;0.09889302;0.005560724;1.0
0;0.14951307;0.008258615;1.0
0;0.28253868;0.010942547;1.0
0;0.14975403;0.008785319;1.0
0;0.18907683;0.008909794;1.0
0;0.28980374;0.009299358;1.0
0;0.16224855;0.009459794;1.0
0;0.20316836;0.010111888;1.0
0;0.28558594;0.008114363;1.0
0;0.23605171;0.00939146;1.0
0;0.1866135;0.0060370136;1.0
0;0.17438501;0.005866172;1.0
0;0.1974327;0.0055085905;1.0
0;0.13540605;0.007442301;1.0
0;0.15302593;0.007678848;1.0
0;0.17129111;0.00538323;1.0
0;0.31739873;0.005399379;1.0
0;0.31248927;0.008613485;1.0
0;0.24030143;0.012108218;1.0
0;0.22444077;0.007089197;1.0
0;0.23771596;0.0035618392;1.0
0;0.32699144;0.003959374;1.0
0;0.2900774;0.006266577;1.0
0;0.2807056;0.0046899556;1.0
0;0.21861823;0.004096393;1.0
0;0.36898604;0.006249921;1.0
0;0.22234753;0.007580649;1.0
0;0.15872882;0.001022226;1.0
0;0.29075524;0.009050117;1.0
0;0.18258655;0.0072736763;1.0
0;0.3045652;0.0080015855;1.0
0;0.39300418;0.010542523;1.0
0;0.2823097;0.008319611;1.0
0;0.13245095;0.005148878;1.0
0;0.23819539;0.00963708;1.0
0;0.36126322;0.005703848;1.0
0;0.47027493;0.009476567;1.0
0;0.29873508;0.0072416184;1.0
0;0.30156285;0.0012065625;1.0
0;0.32192373;0.010826356;1.0
0;0.26979268;0.0127769;1.0
0;0.14809388;0.011278565;1.0
0;0.14692631;0.010967274;1.0
0;0.19476777;0.004248867;1.0
0;0.16810843;0.006178514;1.0
0;0.17272702;0.006291261;1.0
0;0.15028562;0.0069668787;1.0
0;0.26995307;0.008366955;1.0
0;0.30300707;0.0040055243;1.0
0;0.13174662;0.006331865;1.0
0;0.19278222;0.0035955706;1.0
0;0.29856914;0.014138473;1.0
0;0.23855221;0.004937006;1.0
0;0.20580406;0.004743404;1.0
0;0.22152457;0.0083180675;1.0
0;0.14372149;0.013970385;1.0
0;0.36411303;0.004788393;1.0
0;0.183965;0.012986533;1.0
0;0.29493544;0.009589437;1.0
0;0.17103246;0.007366714;1.0
0;0.22064182;0.009054426;1.0
0;0.23974773;0.009022979;1.0
0;0.23690301;0.0044828346;1.0
0;0.31358007;0.010484706;1.0
0;0.23202749;0.0060624974;1.0
0;0.14341506;0.0076629845;1.0
0;0.16655435;0.005931756;1.0
0;0.1872903;0.005625915;1.0
0;0.1512351;0.010400576;1.0
0;0.21750376;0.0071791555;1.0
0;0.18495393;0.006676188;1.0
0;0.43557706;0.012817785;1.0
0;0.38475958;0.009576199;1.0
0;0.34186515;0.008504316;1.0
0;0.13050166;0.0011001443;1.0
0;0.35021642;0.010818462;1.0
0;0.1325759;0.0063423854;1.0
0;0.29467285;0.006007339;1.0
0;0.24781188;0.0048673293;1.0
0;0.17407565;0.009640772;1.0
0;0.27181366;0.0063905637;1.0
0;0.38268316;0.0027872415;1.0
0;0.36225528;0.005438559;1.0
0;0.36931467;0.01072594;1.0
0;0.3154935;0.0050199525;1.0
0;0.29232004;0.006697562;1.0
0;0.29867253;0.008767255;1.0
0;0.23861137;0.006802111;1.0
0;0.2907137;0.0049776183;1.0
0;0.2455867;0.008914285;1.0
0;0.23143286;0.007684676;1.0
0;0.16240487;0.0040810527;1.0
0;0.29728055;0.0054642144;1.0
0;0.2518025;0.009102803;1.0
0;0.14221872;0.006245588;1.0
0;0.30706066;0.008824914;1.0
0;0.10807355;0.01232362;1.0
0;0.343289;0.0076007857;1.0
0;0.17227651;0.010253418;1.0
0;0.26858887;0.009631804;1.0
0;0.3025188;0.007694541;1.0
0;0.23455337;0.004692103;1.0
0;0.3363183;0.0090358425;1.0
0;0.062027752;0.01357719;1.0
0;0.3196709;0.010564198;1.0
0;0.24012765;0.0039449213;1.0
0;0.26434368;0.008989984;1.0
0;0.26977116;0.011727509;1.0
0;0.2500513;0.0040079695;1.0
0;0.19517286;0.0043505696;1.0
0;0.22977898;0.0033760122;1.0
0;0.10855359;0.01174853;1.0
0;0.08524668;0.006104765;1.0
0;0.18130514;0.010877873;1.0
0;0.24354619;0.008928122;1.0
0;0.2829356;0.0075931335;1.0
0;0.27008528;0.0031452957;1.0
0;0.18300581;0.0031331256;1.0
0;0.19994882;0.013565862;1.0
0;0.12742765;0.0046414207;1.0
0;0.3441003;0.00992429;1.0
0;0.21336693;0.0026269576;1.0
0;0.27756748;0.0073733074;1.0
0;0.2706731;0.0065075103;1.0
0;0.17060068;0.012121423;1.0
0;0.17236274;0.0055686524;1.0
0;0.27397978;0.0014320745;1.0
0;0.14784943;0.007225858;1.0
0;0.23011401;0.009662828;1.0
0;0.3613512;0.0078342855;1.0
0;0.09954935;0.0075937174;1.0
0;0.27219227;0.0070596742;1.0
0;0.22399983;0.0044915476;1.0
0;0.18953893;0.008759206;1.0
0;0.2800328;0.004935162;1.0
0;0.30161977;0.008515311;1.0
0;0.28502107;0.0055351485;1.0
0;0.22319895;0.008751953;1.0
0;0.4610164;0.007621566;1.0
0;0.23618871;0.013637097;1.0
0;0.17037;0.0083022695;1.0
0;0.28747714;0.0060754647;1.0
0;0.2869251;0.006908191;1.0
0;0.07490942;0.008706728;1.0
0;0.25897938;0.013711211;1.0
0;0.15403996;0.0050799693;1.0
0;0.16523871;0.006956786;1.0
0;0.18575686;0.009769025;1.0
0;0.25336778;0.012126204;1.0
0;0.26031324;0.011257543;1.0
0;0.2933179;0.005753236;1.0
0;0.27863622;0.0070763733;1.0
0;0.123074695;0.004653033;1.0
0;0.17992559;0.012926247;1.0
0;0.30661967;0.0058274027;1.0
0;0.18358898;0.005344435;1.0
0;0.3286442;0.005898771;1.0
0;0.2832938;0.009596647;1.0
0;0.20344955;0.009570268;1.0
0;0.0;0.0;1.0
0;0.28262237;0.0039065736;1.0
0;0.30173683;0.008242606;1.0
0;0.30865228;0.006316536;1.0
0;0.19809541;0.008046871;1.0
0;0.34437603;0.011315146;1.0
0;0.332613;0.00599525;1.0
0;0.37891263;0.00651214;1.0
0;0.1532287;0.0070665153;1.0
0;0.19961701;0.014222411;1.0
0;0.32833585;0.008942918;1.0
0;0.32121804;0.0074360594;1.0
0;0.28841022;0.00745035;1.0
0;0.19084145;0.0118507035;1.0
0;0.35517538;0.011106957;1.0
0;0.28161922;0.0076773446;1.0
0;0.24630764;0.007626244;1.0
0;0.29938847;0.0083810035;1.0
0;0.20535314;0.0055732066;1.0
0;0.20826223;0.0033685616;1.0
0;0.12805335;0.0047541168;1.0
0;0.29889596;0.009473346;1.0
0;0.20101002;0.0049349335;1.0
0;0.23111165;0.012578628;1.0
0;0.39137453;0.0073314887;1.0
0;0.12460852;0.0076217405;1.0
0;0.28307727;0.0026750236;1.0
0;0.37327474;0.010677801;1.0
0;0.39659613;0.00910846;1.0
0;0.24616995;0.0066761873;1.0
0;0.27356672;0.007084463;1.0
0;0.44396114;0.0049966704;1.0
0;0.3596529;0.0071382634;1.0
0;0.4109955;0.010548955;1.0
0;0.37905908;0.006186207;1.0
0;0.24380091;0.005594555;1.0
0;0.19674736;0.0102425935;1.0
0;0.22801301;0.011763554;1.0
0;0.17297009;0.0058585587;1.0
0;0.36340317;0.01066247;1.0
0;0.21644232;0.010212692;1.0
0;0.23465511;0.005646898;1.0
0;0.37269908;0.0061738784;1.0
0;0.2508707;0.006709136;1.0
0;0.26723748;0.0068370462;1.0
0;0.2823916;0.008723684;1.0
0;0.25100586;0.013957237;1.0
0;0.22604898;0.012566986;1.0
0;0.16409941;0.0064879907;1.0
0;0.32315978;0.005379216;1.0
0;0.36705568;0.00798694;1.0
0;0.23716295;0.008092402;1.0
0;0.26938707;0.004406767;1.0
0;0.14406288;0.009448187;1.0
0;0.3223254;0.0098764645;1.0
0;0.20367578;0.007912593;1.0
0;0.42940253;0.010585725;1.0
0;0.4561641;0.010716798;1.0
0;0.22085837;0.009532029;1.0
0;0.15685327;0.010593903;1.0
0;0.1881258;0.010249177;1.0
0;0.32031712;0.012182042;1.0
0;0.2650548;0.0075207893;1.0
0;0.24264582;0.006472924;1.0
0;0.28389883;0.007218181;1.0
0;0.33991686;0.0076268297;1.0
0;0.23647544;0.010126488;1.0
0;0.20426267;0.007019834;1.0
0;0.25600508;0.00661306;1.0
0;0.27334735;0.005528255;1.0
0;0.17234609;0.0038449278;1.0
0;0.114691556;0.006699007;1.0
0;0.22365665;0.006845025;1.0
0;0.20973162;0.007655169;1.0
0;0.34989452;0.006545482;1.0
0;0.23504397;0.0083028;1.0
0;0.40223294;0.0056590647;1.0
0;0.352752;0.011088269;1.0
0;0.15015088;0.008624592;1.0
0;0.21782964;0.009519099;1.0
0;0.20750076;0.008895069;1.0
0;0.37174606;0.005431336;1.0
0;0.111770675;0.013137039;1.0
0;0.30667007;0.0023899488;1.0
0;0.29344982;0.0080157025;1.0
0;0.39629966;0.006804337;1.0
0;0.34026456;0.006504749;1.0
0;0.25247806;0.010788603;1.0
0;0.3796809;0.003987092;1.0
0;0.13164428;0.0043724617;1.0
0;0.30106333;0.0070662666;1.0
0;0.20577332;0.00957731;1.0
0;0.274466;0.0065031336;1.0
0;0.2163508;0.006656162;1.0
0;0.1869604;0.0040478525;1.0
0;0.30443347;0.009050679;1.0
0;0.2699292;0.006394221;1.0
0;0.29442096;0.011274762;1.0
0;0.15600455;0.011972447;1.0
0;0.24936922;0.009313389;1.0
0;0.1878447;0.008177391;1.0
0;0.24369663;0.0052958387;1.0
0;0.21353385;0.006340024;1.0
0;0.20663626;0.008170008;1.0
0;0.2861424;0.004648151;1.0
0;0.25684482;0.0033597762;1.0
0;0.19957185;0.0036509228;1.0
0;0.15894353;0.006531281;1.0
0;0.30103672;0.011344867;1.0
0;0.27240902;0.0064627756;1.0
0;0.29395762;0.0024089757;1.0
0;0.37225148;0.011959056;1.0
0;0.26729488;0.0037888666;1.0
0;0.17116217;0.0062531885;1.0
0;0.10888782;0.0068577896;1.0
0;0.33712772;0.0047842753;1.0
0;0.1699279;0.008330015;1.0
0;0.2942815;0.00864204;1.0
0;0.39022678;0.0069873706;1.0
0;0.19949757;0.009425036;1.0
0;0.33554226;0.010911124;1.0
0;0.1915915;0.012292248;1.0
0;0.33930182;0.011558776;1.0
0;0.32328466;0.008845852;1.0
0;0.16069013;0.0058973623;1.0
0;0.28413454;0.009952202;1.0
0;0.26945463;0.0018811496;1.0
0;0.20777056;0.0066371113;1.0
0;0.19087458;0.0040887105;1.0
0;0.29408714;0.006444404;1.0
0;0.09255527;0.009588838;1.0
0;0.057763115;0.005445194;1.0
0;0.3956439;0.007874198;1.0
0;0.2704568;0.011942811;1.0
0;0.25384605;0.009388042;1.0
0;0.23753884;0.0072426763;1.0
0;0.37556285;0.008448872;1.0
0;0.15704043;0.00819556;1.0
0;0.25040525;0.00793272;1.0
0;0.39815542;0.003587221;1.0
0;0.34719485;0.008228224;1.0
0;0.2427978;0.010523167;1.0
0;0.21804324;0.010847326;1.0
0;0.24818502;0.006033262;1.0
0;0.1450665;0.0066283788;1.0
0;0.3186549;0.007515644;1.0
0;0.2379666;0.011174902;1.0
0;0.2429449;0.0131474;1.0
0;0.20449457;0.006749196;1.0
0;0.21090406;0.003437368;1.0
0;0.28028977;0.0081247855;1.0
0;0.2631597;0.009427948;1.0
0;0.2356275;0.0034612152;1.0
0;0.3461516;0.013771527;1.0
0;0.28701696;0.0019688727;1.0
0;0.36894444;0.0014596918;1.0
0;0.18612745;0.006225415;1.0
0;0.2773619;0.0027321337;1.0
0;0.27730843;0.0077791153;1.0
0;0.082649395;0.0085331965;1.0
0;0.21646965;0.011571662;1.0
0;0.16327839;0.010615573;1.0
0;0.32906252;0.00572142;1.0
0;0.27139097;0.0056795417;1.0
0;0.17108259;0.0062226723;1.0
0;0.34254834;0.007638311;1.0
0;0.27523535;0.0049122483;1.0
0;0.19842795;0.009132995;1.0
0;0.27440757;0.0057834038;1.0
0;0.31381887;0.0066724136;1.0
0;0.005777965;0.0048444746;1.0
0;0.307465;0.01275017;1.0
0;0.3073647;0.006419118;1.0
0;0.23184952;0.009494642;1.0
0;0.22814083;0.0063242633;1.0
0;0.2972739;0.0069624675;1.0
0;0.15826261;0.005207476;1.0
0;0.15379949;0.006732177;1.0
0;0.26407197;0.008032081;1.0
0;0.38048;0.007879409;1.0
0;0.34159958;0.0047450424;1.0
0;0.2750534;0.0052176923;1.0
0;0.23801534;0.0059918407;1.0
0;0.14291924;0.005827568;1.0
0;0.18597537;0.007758931;1.0
0;0.15816678;0.005666555;1.0
0;0.18959153;0.010020397;1.0
0;0.2790405;0.0025353348;1.0
0;0.30445606;0.0113087;1.0
0;0.21194606;0.014145808;1.0
0;0.35742292;0.009362711;1.0
0;0.29929096;0.011226854;1.0
0;0.24678876;0.013063198;1.0
0;0.29774556;0.0051824916;1.0
0;0.20334485;0.0067297686;1.0
0;0.22881313;0.008714701;1.0
0;0.16844392;0.005057702;1.0
0;0.24247214;0.013155825;1.0
0;0.22514968;0.0066337697;1.0
0;0.30624104;0.008867317;1.0
0;0.34507078;0.0022035837;1.0
0;0.26014644;0.008413699;1.0
0;0.31294087;0.006921111;1.0
0;0.24526124;0.004987507;1.0
0;0.19606966;0.0061569763;1.0
0;0.22155881;0.0142643675;1.0
0;0.3149163;0.006702254;1.0
0;0.18223369;0.010564838;1.0
0;0.24481559;0.007830267;1.0
0;0.50629073;0.0076344684;1.0
0;0.2478078;0.0074510765;1.0
0;0.04096765;0.0042694844;1.0
0;0.335053;0.0072888834;1.0
0;0.24591172;0.009007982;1.0
0;0.20653206;0.009393983;1.0
0;0.31911725;0.011009273;1.0
0;0.24917528;0.00492353;1.0
0;0.34539312;0.009470012;1.0
0;0.2501277;0.004368669;1.0
0;0.1690984;0.0055429274;1.0
0;0.21024178;0.0059756413;1.0
0;0.111561894;0.0053904075;1.0
0;0.42739153;0.008666761;1.0
0;0.24973854;0.007668463;1.0
0;0.26396593;0.00875391;1.0
0;0.17314374;0.0071248026;1.0
0;0.2702847;0.008739044;1.0
0;0.14773041;0.006823783;1.0
0;0.33059114;0.009449392;1.0
0;0.3704754;0.008692721;1.0
0;0.2844434;0.0085550435;1.0
0;2.1969001;0.97593015;2.0
0;1.9191239;0.9655233;2.0
0;2.2111576;0.9632374;2.0
0;2.58404;0.97577274;2.0
0;2.133633;0.97949636;2.0
0;1.8137429;0.980699;2.0
0;2.4231024;0.98469067;2.0
0;1.6706579;0.9877761;2.0
0;1.855964;0.9763157;2.0
0;2.1279192;0.9753196;2.0
0;2.1953933;0.99536544;2.0
0;2.3406043;0.9612064;2.0
0;2.3370233;0.9705804;2.0
0;2.1989164;0.98198193;2.0
0;2.5671008;0.97230697;2.0
0;2.162109;0.9838484;2.0
0;2.4945185;0.98014235;2.0
0;1.9826276;0.98402154;2.0
0;1.9480516;0.9805873;2.0
0;2.0514343;0.983271;2.0
0;1.9191217;0.9553789;2.0
0;2.397325;0.97282755;2.0
0;2.0397997;0.97121906;2.0
0;2.2413516;0.9773493;2.0
0;2.3460715;0.9692513;2.0
0;2.1692302;0.96982896;2.0
0;2.840815;0.96921045;2.0
0;1.9723501;0.96309924;2.0
0;1.9261646;0.9748298;2.0
0;2.3905478;0.9644764;2.0
0;2.001623;0.98203456;2.0
0;1.6867306;0.9811951;2.0
0;2.253343;0.9769662;2.0
0;2.4758868;0.9575855;2.0
0;2.160298;0.9864546;2.0
0;2.0341296;0.98360425;2.0
0;1.959862;0.9713954;2.0
0;1.9785123;0.97438794;2.0
0;2.2515392;0.9655539;2.0
0;2.268796;0.97732544;2.0
0;1.8344674;0.97150743;2.0
0;1.8680172;0.95887244;2.0
0;1.7245469;0.94807154;2.0
0;2.4476295;0.97291255;2.0
0;2.5387826;0.96187186;2.0
0;1.9640629;0.9695472;2.0
0;2.3103468;0.9775955;2.0
0;1.8185617;0.9686485;2.0
0;2.3673146;0.9718823;2.0
0;1.9612014;0.99028;2.0
0;2.0354946;0.98124456;2.0
0;2.0598512;0.9673512;2.0
0;2.0020983;0.98117363;2.0
0;2.02588;0.95424753;2.0
0;2.1786797;0.96590585;2.0
0;2.264855;0.98177737;2.0
0;1.8726836;0.9695388;2.0
0;1.706436;0.970902;2.0
0;2.4019027;0.98306;2.0
0;2.5257607;0.9671124;2.0
0;2.3515885;0.97194034;2.0
0;2.217756;0.97182256;2.0
0;2.148238;0.9673492;2.0
0;2.4227726;0.99247205;2.0
0;2.2837865;0.9750801;2.0
0;2.2707498;0.9468998;2.0
0;1.7243396;0.97110265;2.0
0;2.2931;0.97995013;2.0
0;2.3658998;0.98397934;2.0
0;1.8544929;0.9805605;2.0
0;1.911618;0.9598986;2.0
0;2.2988968;0.9735004;2.0
0;2.445921;0.96093994;2.0
0;2.3352294;0.96836245;2.0
0;2.138434;0.9777331;2.0
0;1.5981327;0.97817504;2.0
0;2.3127136;0.95224065;2.0
0;1.9049933;0.9804672;2.0
0;2.260238;0.9660905;2.0
0;2.5755198;0.9673662;2.0
0;2.292943;0.98442334;2.0
0;2.000403;0.98164237;2.0
0;2.430226;0.9735859;2.0
0;2.0792153;0.9670292;2.0
0;1.8526835;0.97770786;2.0
0;2.40805;0.9795225;2.0
0;2.1978183;0.97130734;2.0
0;2.159395;0.9715454;2.0
0;2.7230353;0.96709526;2.0
0;1.8174338;0.96488863;2.0
0;2.2746286;0.9656199;2.0
0;2.2878237;0.9780095;2.0
0;1.9882488;0.96586096;2.0
0;2.0929737;0.9687015;2.0
0;2.1228049;0.9789764;2.0
0;2.4162078;0.96770203;2.0
0;1.9818152;0.9833587;2.0
0;2.3834958;0.9731719;2.0
0;2.5887299;0.9737815;2.0
0;2.3224978;0.95501786;2.0
0;2.0744672;0.9656398;2.0
0;2.4792132;0.9757318;2.0
0;2.309537;0.9778847;2.0
0;2.3018022;0.97213787;2.0
0;2.3938186;0.97063327;2.0
0;2.5123618;0.9728301;2.0
0;2.5552785;0.972419;2.0
0;2.8425515;0.9744339;2.0
0;2.3842647;0.9536468;2.0
0;1.7955233;0.9694066;2.0
0;2.522633;0.9732752;2.0
0;2.3528337;0.97642213;2.0
0;2.1421735;0.9876886;2.0
0;2.477365;0.9703669;2.0
0;2.3108888;0.96753424;2.0
0;1.7825114;0.9667001;2.0
0;2.3998;0.9783345;2.0
0;1.9829389;0.9754833;2.0
0;1.6753843;0.976979;2.0
0;2.038317;0.97472215;2.0
0;1.9440268;0.97140324;2.0
0;2.0073655;0.96219;2.0
0;2.038713;0.9601025;2.0
0;1.882652;0.9718625;2.0
0;1.5045123;0.9820854;2.0
0;2.3863997;0.9632337;2.0
0;1.5931149;0.9870704;2.0
0;2.5174026;0.98574275;2.0
0;1.8483601;0.96927106;2.0
0;1.8688915;0.9557993;2.0
0;1.4352233;0.9611924;2.0
0;2.2045622;0.98544246;2.0
0;1.959861;0.9696022;2.0
0;2.1210947;0.966827;2.0
0;1.931328;1.0;2.0
0;2.072717;0.9593623;2.0
0;2.5985177;0.96906376;2.0
0;1.3760357;0.97968227;2.0
0;2.076314;0.9717863;2.0
0;2.2977571;0.97387767;2.0
0;1.8049076;0.98097914;2.0
0;2.0220866;0.9709588;2.0
0;3.0;0.9810053;2.0
0;2.117601;0.9714389;2.0
0;1.8846438;0.9631796;2.0
0;1.9964201;0.9727146;2.0
0;2.4140205;0.97551733;2.0
0;2.1834116;0.9638378;2.0
0;1.8716215;0.9841323;2.0
0;2.3682585;0.9831441;2.0
0;1.6100836;0.9683566;2.0
0;1.8784995;0.96301925;2.0
0;2.0572724;0.9603505;2.0
0;1.9527837;0.96459544;2.0
0;2.3900714;0.95876133;2.0
0;1.8418722;0.97985184;2.0
0;2.0808272;0.97497946;2.0
0;2.4507213;0.9740912;2.0
0;2.1618927;0.9649804;2.0
0;2.1436746;0.9879195;2.0
0;2.259581;0.97807205;2.0
0;1.5601262;0.9781988;2.0
0;2.2461228;0.97393703;2.0
0;2.017237;0.9835979;2.0
0;2.1486254;0.97479296;2.0
0;2.229742;0.9687208;2.0
0;2.5118644;0.99588037;2.0
0;2.3778386;0.9798449;2.0
0;2.3791306;0.9852846;2.0
0;1.9840953;0.9654628;2.0
0;1.6319609;0.9844426;2.0
0;1.888843;0.9658134;2.0
0;2.1434994;0.9715328;2.0
0;2.1333854;0.966688;2.0
0;1.8189447;0.9761644;2.0
0;2.007543;0.97648174;2.0
0;2.473936;0.9668912;2.0
0;2.0889893;0.97147125;2.0
0;2.0461726;0.96570843;2.0
0;2.293394;0.97598433;2.0
0;1.7105205;0.95874316;2.0
0;2.2575805;0.9686839;2.0
0;1.7575897;0.96498734;2.0
0;2.2684937;0.9930071;2.0
0;2.0919056;0.9869243;2.0
0;2.2749212;0.9774813;2.0
0;2.5126333;0.9770246;2.0
0;1.843489;0.9763543;2.0
0;2.1145825;0.97647256;2.0
0;1.9602549;0.9685864;2.0
0;2.3773372;0.97844225;2.0
0;2.3024235;0.97442484;2.0
0;1.9911493;0.9555465;2.0
0;1.8964913;0.9784653;2.0
0;2.288712;0.9581576;2.0
0;1.9862998;0.97379833;2.0
0;1.7950757;0.9800313;2.0
0;2.3534908;0.9804719;2.0
0;2.1334658;0.9790803;2.0
0;2.065452;0.9576171;2.0
0;2.2768865;0.96290684;2.0
0;2.1685274;0.96481204;2.0
0;2.4574018;0.9830951;2.0
0;2.2996163;0.9595186;2.0
0;2.2737792;0.9735797;2.0
0;1.7634283;0.9877976;2.0
0;2.1176271;0.98308176;2.0
0;2.3628254;0.9744511;2.0
0;2.3495288;0.9716299;2.0
0;2.4430926;0.9533549;2.0
0;2.6172;0.9784805;2.0
0;1.4468513;0.96370673;2.0
0;2.5009344;0.9626586;2.0
0;2.2355146;0.9824361;2.0
0;2.9360125;0.9768355;2.0
0;1.9627385;0.97543705;2.0
0;2.0352776;0.9899731;2.0
0;2.038622;0.9611086;2.0
0;2.7146647;0.98089045;2.0
0;2.2935615;0.96967083;2.0
0;1.837043;0.9665009;2.0
0;2.2556396;0.9808764;2.0
0;2.2117836;0.96134;2.0
0;2.45323;0.9832437;2.0
0;2.2063706;0.968722;2.0
0;2.514394;0.97537416;2.0
0;2.2268088;0.97696143;2.0
0;2.561964;0.9704804;2.0
0;2.252428;0.9782334;2.0
0;1.9912529;0.95800775;2.0
0;1.7364299;0.9743076;2.0
0;1.977366;0.9715724;2.0
0;2.0315137;0.9930599;2.0
0;2.114737;0.9582297;2.0
0;2.0724802;0.97445196;2.0
0;2.1329737;0.97078896;2.0
0;2.1068907;0.9851259;2.0
0;1.9212174;0.96797687;2.0
0;2.067546;0.9836877;2.0
0;1.8818872;0.98551416;2.0
0;1.8501685;0.9734791;2.0
0;2.462036;0.98758096;2.0
0;2.9122953;0.97049105;2.0
0;2.2907763;0.9623517;2.0
0;2.2525826;0.9897203;2.0
0;2.4437068;0.9774797;2.0
0;2.1476388;0.9756836;2.0
0;2.1593347;0.97627854;2.0
0;2.0180748;0.9665162;2.0
0;2.0245733;0.9578774;2.0
0;1.7494771;0.96500605;2.0
0;1.8411393;0.97499573;2.0
0;2.1408513;0.9820423;2.0
0;2.5807426;0.9551838;2.0
0;1.9444733;0.9817345;2.0
0;2.054079;0.96482533;2.0
0;2.5105433;0.9628828;2.0
0;2.6808977;0.9595319;2.0
0;2.0051517;0.96801466;2.0
0;1.900022;0.98280853;2.0
0;1.8912251;0.9570432;2.0
0;2.1829846;0.9670057;2.0
0;2.832738;0.9883448;2.0
0;2.3485615;0.97518814;2.0
0;1.9779527;0.991463;2.0
0;1.6504073;0.97398657;2.0
0;1.604248;0.982856;2.0
0;2.3377352;0.96745354;2.0
0;2.2607396;0.9638199;2.0
0;1.7900798;0.96850574;2.0
0;2.2464306;0.9936971;2.0
0;2.4331932;0.96146584;2.0
0;2.5185423;0.9676012;2.0
0;1.9867764;0.97564715;2.0
0;2.1549206;0.985145;2.0
0;2.2586975;0.96820587;2.0
0;2.2838185;0.9805438;2.0
0;2.4554954;0.9752821;2.0
0;2.0328972;0.99163663;2.0
0;2.0582962;0.9666466;2.0
0;2.4877772;0.96436316;2.0
0;1.9529233;0.9629514;2.0
0;1.81236;0.9720079;2.0
0;2.0809984;0.9739236;2.0
0;2.1972945;0.9864032;2.0
0;2.3864233;0.99383277;2.0
0;1.6221764;0.9685585;2.0
0;2.1166706;0.97065187;2.0
0;2.0517168;0.9713602;2.0
0;2.5494006;0.97573245;2.0
0;2.2526484;0.98304975;2.0
0;2.2678928;0.98512983;2.0
0;1.954793;0.9917173;2.0
0;1.3612442;0.9751525;2.0
0;2.0182865;0.9788442;2.0
0;2.3196719;0.984496;2.0
0;2.5631144;0.9691131;2.0
0;2.8231137;0.980718;2.0
0;1.6972642;0.94495076;2.0
0;2.4955463;0.9738438;2.0
0;1.642957;0.9671775;2.0
0;2.2464519;0.96601415;2.0
0;1.8668243;0.9854431;2.0
0;2.1381445;0.97618496;2.0
0;1.9830928;0.96395946;2.0
0;2.1182337;0.97850245;2.0
0;1.99637;0.9749571;2.0
0;2.161127;0.96750754;2.0
0;2.0433617;0.9925463;2.0
0;1.6823208;0.98017746;2.0
0;2.7363248;0.97241175;2.0
0;2.5879714;0.9709662;2.0
0;1.9705807;0.96850765;2.0
0;1.9211788;0.9798106;2.0
0;1.8164952;0.9731099;2.0
0;2.5905237;0.9796181;2.0
0;1.781915;0.9791036;2.0
0;2.4733047;0.9623376;2.0
0;2.1825445;0.9592149;2.0
0;2.3383207;0.97723335;2.0
0;1.9246659;0.97361267;2.0
0;1.722707;0.975348;2.0
0;2.4324217;0.96630895;2.0
0;2.5031886;0.9741182;2.0
0;1.7741336;0.9832958;2.0
0;2.4242084;0.97646034;2.0
0;2.0208926;0.9611227;2.0
0;2.4154172;0.9626506;2.0
0;2.0692878;0.96164817;2.0
0;2.23554;0.9890906;2.0
0;2.272255;0.96758306;2.0
0;2.0603645;0.9806976;2.0
0;1.8893335;0.9655546;2.0
0;1.6765935;0.9871054;2.0
0;1.9808357;0.972132;2.0
0;2.5281663;0.9700776;2.0
0;2.6744928;0.9767993;2.0
0;1.9864757;0.98489964;2.0
0;2.2914002;0.97393954;2.0
0;2.138672;0.98012286;2.0
0;2.0334682;0.9717628;2.0
0;2.1234775;0.96482944;2.0
0;2.0901384;0.9748672;2.0
0;2.0006206;0.9904657;2.0
0;2.2043543;0.9714675;2.0
0;1.7253315;0.97883093;2.0
0;2.3808198;0.971918;2.0
0;1.8666433;0.97579455;2.0
0;1.9383302;0.98322785;2.0
0;2.219966;0.9807039;2.0
0;2.0683477;0.9815816;2.0
0;1.994339;0.9685822;2.0
0;2.2173822;0.9739574;2.0
0;1.9649961;0.9887279;2.0
0;1.9501925;0.96507466;2.0
0;2.4680352;0.97387785;2.0
0;1.9396074;0.96665967;2.0
0;2.0124025;0.96759194;2.0
0;2.0410008;0.98384905;2.0
0;1.9517958;0.97688943;2.0
0;2.549417;0.9746944;2.0
0;2.5087585;0.97411996;2.0
0;2.3102553;0.9747037;2.0
0;1.957989;0.9593265;2.0
0;2.1339579;0.9634117;2.0
0;2.4902601;0.9679641;2.0
0;2.50465;0.97694147;2.0
0;1.9337034;0.97790843;2.0
0;2.126473;0.9630428;2.0
0;2.0357177;0.9691966;2.0
0;2.0796046;0.982536;2.0
0;2.7649603;0.97688377;2.0
0;1.9007638;0.9729196;2.0
0;2.244072;0.97435194;2.0
0;2.2124972;0.97220415;2.0
0;2.0548484;0.9532082;2.0
0;2.0881815;0.9670897;2.0
0;1.6049563;0.9735618;2.0
0;2.2625113;0.9890081;2.0
0;2.092795;0.9835817;2.0
0;2.2675414;0.97122085;2.0
0;2.4320757;0.9617603;2.0
0;2.040071;0.9620606;2.0
0;2.1998003;0.9693968;2.0
0;2.064009;0.9647302;2.0
0;2.136739;0.9762244;2.0
0;1.8337929;0.97476673;2.0
0;1.9268723;0.9819406;2.0
0;2.0685701;0.9689577;2.0
0;1.990575;0.9653577;2.0
0;2.396294;0.98276424;2.0
0;2.3731532;0.9613025;2.0
0;1.7414922;0.9640122;2.0
0;2.1526148;0.9833174;2.0
0;2.358198;0.9747501;2.0
0;2.1839108;0.9655383;2.0
0;2.2689252;0.971604;2.0
0;1.7730591;0.9687002;2.0
0;1.9199721;0.97466236;2.0
0;1.9120427;0.9692373;2.0
0;2.5524025;0.9812813;2.0
0;2.185408;0.97381896;2.0
0;1.9277604;0.9873401;2.0
0;1.3169748;0.98291576;2.0
0;2.2903094;0.9631589;2.0
0;2.1907034;0.9687037;2.0
0;2.3256397;0.9710834;2.0
0;2.205634;0.96405095;2.0
0;2.277597;0.9659346;2.0
0;2.1086528;0.98187935;2.0
0;2.2259033;0.9720774;2.0
0;2.33569;0.96930414;2.0
0;2.117741;0.9807011;2.0
0;2.2312963;0.9733217;2.0
0;2.0687096;0.9752132;2.0
0;1.9258423;0.96699494;2.0
0;2.1197963;0.96738946;2.0
0;1.9439886;0.97419536;2.0
0;2.1213975;0.97069454;2.0
0;2.1535847;0.9655362;2.0
0;2.1891606;0.9737165;2.0
0;2.0149062;0.9752457;2.0
0;2.0924008;0.9759471;2.0
0;2.488984;0.98000515;2.0
0;2.6087112;0.96255934;2.0
0;1.884622;0.9668664;2.0
0;2.22333;0.9600791;2.0
0;1.9657288;0.9733709;2.0
0;1.8827121;0.97204435;2.0
0;2.4064875;0.9565276;2.0
0;1.9838694;0.97421837;2.0
0;2.2046938;0.96080965;2.0
0;2.190529;0.97645414;2.0
0;2.189824;0.98390955;2.0
0;1.8968477;0.96674967;2.0
0;2.133256;0.97073996;2.0
0;2.3448002;0.96737266;2.0
0;1.9228458;0.96363825;2.0
0;2.657884;0.98693365;2.0
0;1.6242523;0.97147924;2.0
0;2.1294053;0.96336454;2.0
0;2.1219912;0.97268164;2.0
0;2.3164172;0.95626986;2.0
0;2.0493903;0.96566755;2.0
0;2.2363076;0.9754838;2.0
0;1.8643187;0.9869959;2.0
0;2.226622;0.9722854;2.0
0;2.505042;0.96935785;2.0
0;1.9896183;0.97385216;2.0
0;2.369617;0.9704254;2.0
0;2.1232314;0.96400434;2.0
0;2.0457814;0.9847764;2.0
0;2.3151822;0.9670299;2.0
0;1.9701588;0.97922564;2.0
0;2.2367668;0.979891;2.0
0;2.5263479;0.9768222;2.0
0;2.0089183;0.9768722;2.0
0;2.1521804;0.97935385;2.0
0;2.0725029;0.97844243;2.0
0;2.0889912;0.9851652;2.0
0;2.6821942;0.9756133;2.0
0;2.0116858;0.96104014;2.0
0;2.208829;0.97215945;2.0
0;1.6556726;0.989035;2.0
0;2.5562115;0.9712669;2.0
0;2.4054034;0.9706474;2.0
0;2.1038063;0.97381705;2.0
0;2.2299235;0.97088814;2.0
0;2.2878387;0.98218817;2.0
0;2.2881885;0.96626985;2.0
0;2.3560953;0.9730275;2.0
0;2.3139691;0.9763364;2.0
0;2.3490233;0.9636578;2.0
0;2.60884;0.9728492;2.0
0;2.1039293;0.9931346;2.0
0;1.3914174;0.97851086;2.0
0;2.3752408;0.9681343;2.0
0;1.69449;0.958496;2.0
0;2.3911421;0.9721119;2.0
0;2.5510993;0.9846945;2.0
0;2.3426094;0.96411616;2.0
0;1.7958813;0.9689759;2.0
0;2.1946774;0.97637886;2.0
0;1.8654274;0.9704992;2.0
0;2.107728;0.9804264;2.0
0;2.5109916;0.9732923;2.0
0;2.2503288;0.98011446;2.0
0;2.0908265;0.9580867;2.0
0;2.1126275;0.9759499;2.0
0;2.0946994;0.97320634;2.0
0;2.0659776;0.9683768;2.0
0;2.086289;0.9830821;2.0
0;2.0634878;0.9698123;2.0
0;2.1219473;0.96244675;2.0
0;2.0446181;0.97445023;2.0
0;2.2416525;0.97805506;2.0
0;2.2988186;0.9721003;2.0
0;2.1205888;0.9986575;2.0
0;2.1739917;0.9918921;2.0
0;2.2552905;0.9654151;2.0
0;1.7822063;0.9719902;2.0
