DY
501
2

0;0.957336;0.10940664;1.0
0;0.9067867;0.075641066;1.0
0;0.96990657;0.088793084;1.0
0;0.914243;0.051394843;1.0
0;0.9192286;0.04728001;1.0
0;0.9134536;0.07318772;1.0
0;0.97253585;0.10192947;1.0
0;0.9666002;0.039455198;1.0
0;0.9031235;0.0734401;1.0
0;0.9930866;0.0467792;1.0
0;0.8844521;0.088296704;1.0
0;0.97391427;0.072301395;1.0
0;0.98603344;0.05256315;1.0
0;0.92908585;0.080597095;1.0
0;1.0097839;0.042452835;1.0
0;0.914288;0.08292127;1.0
0;1.0201944;0.08468822;1.0
0;0.961801;0.06058213;1.0
0;0.9881637;0.07584653;1.0
0;0.90829396;0.07215868;1.0
0;1.0360137;0.06573882;1.0
0;0.9555354;0.09339627;1.0
0;0.9708994;0.09818716;1.0
0;0.9501823;0.042833354;1.0
0;0.9382585;0.07871909;1.0
0;0.87539744;0.108184285;1.0
0;0.87075424;0.06372314;1.0
0;0.8960024;0.11603033;1.0
0;0.87757814;0.045154765;1.0
0;0.900874;0.041747585;1.0
0;0.9073777;0.06678369;1.0
0;0.9212856;0.10088967;1.0
0;1.0141557;0.0717651;1.0
0;0.9266229;0.0929691;1.0
0;0.9281825;0.09548224;1.0
0;0.87540114;0.059156064;1.0
0;0.9983777;0.09087962;1.0
0;0.95371825;0.063445546;1.0
0;0.9418198;0.088304;1.0
0;0.95600134;0.070196636;1.0
0;0.90271693;0.10086257;1.0
0;0.92189014;0.114200875;1.0
0;0.9537678;0.09167349;1.0
0;0.946089;0.106103614;1.0
0;0.96188897;0.065575324;1.0
0;0.9264306;0.078447014;1.0
0;0.93611157;0.044598706;1.0
0;1.0229771;0.08675864;1.0
0;0.9690787;0.100226946;1.0
0;0.94848615;0.0671256;1.0
0;0.9730094;0.061258286;1.0
0;0.9479121;0.054605257;1.0
0;0.9388302;0.061177958;1.0
0;0.89404035;0.028806493;1.0
0;0.90490234;0.0051218905;1.0
0;0.9427409;0.0808101;1.0
0;0.9216637;0.06779499;1.0
0;0.92486763;0.07502331;1.0
0;0.97959083;0.07276966;1.0
0;0.9540274;0.0596692;1.0
0;0.84100145;0.051787905;1.0
0;0.9053923;0.049458254;1.0
0;0.8859254;0.0;1.0
0;0.9337512;0.09517328;1.0
0;0.99591994;0.08407959;1.0
0;0.9309849;0.0938442;1.0
0;1.0005276;0.09554687;1.0
0;0.92493844;0.06033112;1.0
0;0.9473589;0.050618216;1.0
0;0.9576464;0.08429115;1.0
0;0.9402678;0.1032917;1.0
0;0.9253782;0.121005625;1.0
0;1.0563235;0.073852405;1.0
0;0.94141614;0.037362237;1.0
0;0.9070167;0.10303626;1.0
0;0.9373056;0.04229678;1.0
0;0.9192616;0.10739568;1.0
0;1.0067824;0.06072519;1.0
0;0.9601348;0.046733003;1.0
0;0.98780525;0.038790748;1.0
0;0.9185541;0.03565632;1.0
0;0.9301034;0.07254902;1.0
0;0.9081289;0.075512946;1.0
0;0.9525889;0.09075845;1.0
0;0.9610845;0.050850347;1.0
0;0.9604588;0.069204845;1.0
0;0.93355584;0.040293846;1.0
0;0.94584763;0.08132042;1.0
0;0.88513124;0.065087706;1.0
0;0.9464019;0.06364188;1.0
0;0.9086305;0.06666187;1.0
0;0.9388677;0.033984296;1.0
0;0.99498343;0.08261768;1.0
0;0.8347851;0.073496595;1.0
0;0.94948715;0.06262117;1.0
0;0.91329277;0.07472386;1.0
0;1.0131965;0.055360526;1.0
0;0.9240122;0.07393691;1.0
0;0.94236946;0.06416824;1.0
0;0.9684907;0.08856255;1.0
0;0.99274886;0.079322636;1.0
0;0.888474;0.06425715;1.0
0;0.97133535;0.08332962;1.0
0;0.88920295;0.055980362;1.0
0;1.0285456;0.08510798;1.0
0;0.95030975;0.09815759;1.0
0;0.88899577;0.059423886;1.0
0;0.85229534;0.10289667;1.0
0;0.8394908;0.09274508;1.0
0;1.0038122;0.1440269;1.0
0;1.0173887;0.055607118;1.0
0;0.8866433;0.046120785;1.0
0;0.9126531;0.078329675;1.0
0;0.9528428;0.07218374;1.0
0;0.83184624;0.08982618;1.0
0;0.99072164;0.05133129;1.0
0;0.9280969;0.07309842;1.0
0;0.8869048;0.08327211;1.0
0;0.98763245;0.08156758;1.0
0;1.0107166;0.025694631;1.0
0;0.9220725;0.10061923;1.0
0;0.91725874;0.06438905;1.0
0;0.92294693;0.02475714;1.0
0;0.95488536;0.07252776;1.0
0;0.9629554;0.0039253714;1.0
0;0.9714292;0.071106575;1.0
0;0.95453864;0.11115855;1.0
0;0.8997904;0.09764577;1.0
0;0.85190517;0.05294951;1.0
0;0.9104922;0.0559729;1.0
0;0.8483239;0.08079885;1.0
0;0.938408;0.10010924;1.0
0;0.93042696;0.07812919;1.0
0;0.97940487;0.07547104;1.0
0;0.9260962;0.10390743;1.0
0;0.9034864;0.06672129;1.0
0;0.9687937;0.018429736;1.0
0;0.92296696;0.08623293;1.0
0;0.9613028;0.07688578;1.0
0;0.9077673;0.100593;1.0
0;0.8992165;0.022027144;1.0
0;0.96638775;0.060137667;1.0
0;0.9226587;0.10210006;1.0
0;0.9820751;0.054816827;1.0
0;0.87425333;0.058659803;1.0
0;0.90744305;0.05628344;1.0
0;0.92951006;0.05463163;1.0
0;0.9191122;0.049963433;1.0
0;0.96157336;0.07906039;1.0
0;0.907096;0.031076925;1.0
0;0.8804188;0.059287243;1.0
0;0.87830806;0.07159699;1.0
0;0.9478309;0.06313221;1.0
0;0.89427805;0.07196766;1.0
0;0.9851258;0.053602353;1.0
0;0.9651469;0.11484988;1.0
0;0.98703915;0.061791446;1.0
0;1.013653;0.049203694;1.0
0;0.905393;0.07522023;1.0
0;0.9696256;0.10700701;1.0
0;0.913488;0.058387734;1.0
0;0.912681;0.10411091;1.0
0;0.9081867;0.13153875;1.0
0;0.9580468;0.080012254;1.0
0;0.91060567;0.044637736;1.0
0;0.92775;0.07318267;1.0
0;0.93134075;0.096336514;1.0
0;0.0128459735;0.7025645;2.0
0;0.016325338;0.70130354;2.0
0;0.008293953;0.7020829;2.0
0;0.021420648;0.69187707;2.0
0;0.014928905;0.70073575;2.0
0;0.0075718164;0.7007381;2.0
0;0.014435727;0.70148534;2.0
0;0.005833698;0.7014184;2.0
0;0.018748732;0.7011702;2.0
0;0.022972926;0.7021589;2.0
0;0.0257358;0.69541913;2.0
0;0.017496984;0.7010343;2.0
0;0.011456349;0.6956922;2.0
0;0.016489344;0.7044473;2.0
0;0.009126611;0.70236653;2.0
0;0.016095769;0.7050742;2.0
0;0.022725387;0.69504464;2.0
0;0.020529538;0.6971648;2.0
0;0.017813463;0.6958015;2.0
0;0.025295243;0.70352244;2.0
0;0.0125422515;0.6947461;2.0
0;0.01518123;0.69642085;2.0
0;0.021927074;0.70072645;2.0
0;0.021103984;0.69895107;2.0
0;0.00750846;0.6916284;2.0
0;0.018956957;0.70817095;2.0
0;0.010800084;0.699303;2.0
0;0.007027179;0.7010429;2.0
0;0.027887363;0.6993513;2.0
0;0.017225709;0.69768625;2.0
0;0.009838075;0.70332336;2.0
0;0.024628125;0.7055572;2.0
0;0.020698205;0.6979801;2.0
0;0.012119543;0.7011596;2.0
0;0.016967986;0.7001106;2.0
0;0.008482306;0.69721854;2.0
0;0.003357374;0.697832;2.0
0;0.010719738;0.7003906;2.0
0;0.021746019;0.7044345;2.0
0;0.022245578;0.7035718;2.0
0;0.022179706;0.6992639;2.0
0;0.017070904;0.7037811;2.0
0;0.021978226;0.7030499;2.0
0;0.017626274;0.6958785;2.0
0;0.010360388;0.7010301;2.0
0;0.010065927;0.7017755;2.0
0;0.010491027;0.7008488;2.0
0;0.024525512;0.70603067;2.0
0;0.011480146;0.6997151;2.0
0;0.014230875;0.6898841;2.0
0;0.01978385;0.6968039;2.0
0;0.018659124;0.70231646;2.0
0;0.016498052;0.69238794;2.0
0;0.0065614767;0.69313407;2.0
0;4.862488E-4;0.69829047;2.0
0;0.0204652;0.70310926;2.0
0;0.019006638;0.699294;2.0
0;0.0039225584;0.7014989;2.0
0;0.010559168;0.69637245;2.0
0;0.014925288;0.70137024;2.0
0;0.018135156;0.7045715;2.0
0;0.007773664;0.70272076;2.0
0;0.020274699;0.70625573;2.0
0;0.02399357;0.7051208;2.0
0;0.015267281;0.69629604;2.0
0;0.013636801;0.7027503;2.0
0;0.011002054;0.7017073;2.0
0;0.012977041;0.6935514;2.0
0;0.028467637;0.70088965;2.0
0;0.00648708;0.7059158;2.0
0;0.019127525;0.7034293;2.0
0;0.019018045;0.6963195;2.0
0;0.0068315263;0.7004408;2.0
0;0.011704932;0.7020107;2.0
0;0.018192258;0.6932285;2.0
0;0.012484781;0.6982212;2.0
0;0.005324265;0.7007887;2.0
0;0.023989338;0.6982291;2.0
0;0.013130803;0.7019239;2.0
0;0.01593342;0.69632846;2.0
0;0.025536038;0.6971096;2.0
0;0.02058118;0.70645344;2.0
0;0.016031982;0.69686115;2.0
0;0.005715018;0.6982793;2.0
0;0.016183905;0.7018063;2.0
0;0.018120129;0.7031139;2.0
0;0.007989986;0.7068661;2.0
0;0.017057778;0.69494236;2.0
0;0.02034695;0.6924448;2.0
0;0.010906068;0.6993019;2.0
0;0.013412568;0.69868535;2.0
0;0.018945428;0.69365096;2.0
0;0.020089965;0.69847023;2.0
0;0.019435909;0.70506585;2.0
0;0.0187859;0.7011845;2.0
0;0.018247273;0.69976485;2.0
0;0.013199925;0.69000375;2.0
0;0.019543119;0.69606483;2.0
0;0.0181492;0.70598835;2.0
0;0.02612146;0.7033463;2.0
0;0.03162249;0.69889754;2.0
0;0.021112693;0.6956342;2.0
0;0.016454812;0.7005337;2.0
0;0.012266437;0.6960268;2.0
0;0.0133153545;0.69749403;2.0
0;0.01715358;0.69905746;2.0
0;0.01770331;0.6997811;2.0
0;0.02771005;0.6989117;2.0
0;0.014048469;0.702325;2.0
0;0.009590045;0.7028038;2.0
0;0.02487088;0.70178556;2.0
0;0.01078653;0.69980174;2.0
0;0.007598742;0.70081645;2.0
0;0.017594198;0.69821125;2.0
0;0.010207239;0.6956145;2.0
0;0.013077443;0.6955753;2.0
0;0.008297755;0.7002161;2.0
0;0.022122297;0.70168257;2.0
0;0.0;0.6981535;2.0
0;0.025092907;0.69770724;2.0
0;0.01997981;0.7035306;2.0
0;0.018156867;0.6986341;2.0
0;0.0077046026;0.6965429;2.0
0;0.018538175;0.70395595;2.0
0;0.01902007;0.6995562;2.0
0;0.01723086;0.7028084;2.0
0;0.018244695;0.6991913;2.0
0;0.017273488;0.6966244;2.0
0;0.021021983;0.7013404;2.0
0;0.02213524;0.696791;2.0
0;0.023910157;0.70020515;2.0
0;0.024029635;0.6984175;2.0
0;0.02305168;0.6939035;2.0
0;0.012805064;0.69746864;2.0
0;0.021393783;0.69700056;2.0
0;0.022284033;0.6963706;2.0
0;0.02456323;0.69577456;2.0
0;0.021098588;0.70484143;2.0
0;0.0106174955;0.6988915;2.0
0;0.023401767;0.70389533;2.0
0;0.026974358;0.69891876;2.0
0;0.0128326025;0.70102507;2.0
0;0.016077308;0.69974095;2.0
0;0.012495454;0.6992468;2.0
0;0.01819471;0.70380914;2.0
0;0.009551343;0.7014943;2.0
0;0.018535905;0.7025211;2.0
0;0.022166274;0.7000845;2.0
0;0.011212427;0.7074934;2.0
0;0.009228055;0.6983326;2.0
0;0.0069110757;0.70541686;2.0
0;0.014740491;0.69605124;2.0
0;0.021392312;0.69869316;2.0
0;0.014823291;0.7026082;2.0
0;0.01672388;0.6933042;2.0
0;0.011772029;0.6981977;2.0
0;0.011783868;0.7003959;2.0
0;0.022180257;0.69828576;2.0
0;0.023885563;0.69596356;2.0
0;0.0043003093;0.6956549;2.0
0;0.025992354;0.6959165;2.0
0;0.013785228;0.6994894;2.0
0;0.01924099;0.70720226;2.0
0;0.01806315;0.69804853;2.0
0;0.016480327;0.6937305;2.0
0;0.021542516;0.69860625;2.0
0;0.018118106;0.70844793;2.0
0;1.743154;0.80701786;3.0
0;1.6032662;0.48627293;3.0
0;1.2026716;0.49207708;3.0
0;1.7649719;0.327568;3.0
0;1.8889396;0.551868;3.0
0;2.0890837;0.96594006;3.0
0;2.0378177;0.3297333;3.0
0;1.575228;0.79724395;3.0
0;1.120074;0.6095178;3.0
0;1.6119673;0.65943265;3.0
0;1.7977397;0.37747633;3.0
0;1.3603399;0.41802892;3.0
0;1.9631314;0.6023264;3.0
0;1.8188735;0.4585539;3.0
0;2.2142918;0.53141;3.0
0;1.8905325;0.5058117;3.0
0;1.5103998;0.45238745;3.0
0;1.6494193;0.5832024;3.0
0;1.3948562;0.6084188;3.0
0;1.2809833;0.5266966;3.0
0;1.4848883;0.8089876;3.0
0;1.1657325;0.7524326;3.0
0;1.7529173;0.5778131;3.0
0;1.6230043;0.380945;3.0
0;2.0868323;0.16979992;3.0
0;1.4191233;0.4885576;3.0
0;2.103162;0.3813948;3.0
0;1.8339505;0.48657674;3.0
0;1.9581239;0.55399954;3.0
0;2.1224654;0.5621052;3.0
0;2.3421745;0.79086393;3.0
0;2.1295862;0.5464248;3.0
0;1.4849958;0.69035625;3.0
0;2.1897392;0.38494658;3.0
0;1.7467028;0.92810315;3.0
0;1.8181572;0.73525894;3.0
0;1.8723967;0.61387074;3.0
0;1.7271378;0.829694;3.0
0;1.1754181;0.9162081;3.0
0;1.6357675;0.20134652;3.0
0;1.1995721;0.32747254;3.0
0;1.8226662;0.4295473;3.0
0;1.332731;0.7544596;3.0
0;2.1075964;0.6419037;3.0
0;1.8721149;0.8157547;3.0
0;1.3649814;0.46517664;3.0
0;1.7269835;0.7535377;3.0
0;1.9963133;0.6500978;3.0
0;1.9270937;0.9397944;3.0
0;1.9955174;0.6085395;3.0
0;1.899111;0.4798546;3.0
0;1.3625808;0.3652788;3.0
0;2.0310395;0.30820888;3.0
0;2.0770836;0.5113317;3.0
0;2.2204256;0.5265309;3.0
0;1.4876627;0.41211763;3.0
0;2.0262215;0.36205247;3.0
0;0.87255037;0.7758667;3.0
0;2.2114897;0.6404999;3.0
0;1.766074;0.3784329;3.0
0;1.5259955;0.45064515;3.0
0;1.2644663;0.2845656;3.0
0;1.930537;0.47673368;3.0
0;2.3460329;0.07720465;3.0
0;1.5252216;0.7642143;3.0
0;1.9617276;0.5982849;3.0
0;1.8969108;0.5813612;3.0
0;2.122302;0.38616133;3.0
0;2.1225166;0.4875117;3.0
0;1.3077122;0.46443957;3.0
0;1.7030942;0.61022884;3.0
0;1.5911877;0.18727124;3.0
0;2.02068;0.34277833;3.0
0;2.2103934;0.3477595;3.0
0;1.5406461;0.5277109;3.0
0;1.2858087;0.6795738;3.0
0;2.1919017;0.4958402;3.0
0;1.7676927;0.48626;3.0
0;1.436408;0.6497448;3.0
0;1.1182284;0.6809332;3.0
0;1.6174668;0.37835908;3.0
0;2.0827625;0.49777055;3.0
0;1.6478822;0.9950993;3.0
0;1.7221935;0.54655766;3.0
0;2.2241306;0.62491405;3.0
0;2.0885046;0.59602624;3.0
0;1.4331796;0.5245919;3.0
0;2.4702768;0.580717;3.0
0;1.5264153;0.5684786;3.0
0;2.0152578;0.9558158;3.0
0;2.0738778;0.5051304;3.0
0;2.1168501;0.77382797;3.0
0;2.145498;0.5913389;3.0
0;1.7706499;0.40432596;3.0
0;2.1599874;0.4729973;3.0
0;1.7242959;0.59519446;3.0
0;1.1479285;0.69410855;3.0
0;2.101371;0.56332284;3.0
0;1.4521378;0.4755807;3.0
0;1.5459709;0.45743892;3.0
0;1.8725333;0.21302946;3.0
0;1.063125;0.6488516;3.0
0;1.7043546;0.49052608;3.0
0;2.2402112;0.395927;3.0
0;1.9767802;0.8650222;3.0
0;1.3148885;0.91147786;3.0
0;1.92101;0.5658688;3.0
0;1.8897736;0.8007104;3.0
0;1.4827939;0.5566418;3.0
0;1.6673124;0.21847722;3.0
0;2.501164;0.54202944;3.0
0;2.32164;0.77325135;3.0
0;1.6899114;0.45908284;3.0
0;1.4557054;0.5186237;3.0
0;1.5613143;0.5380192;3.0
0;1.9758601;1.0;3.0
0;2.2218459;0.6466564;3.0
0;1.4989052;0.49224624;3.0
0;1.9337864;0.647795;3.0
0;1.7476153;0.20032835;3.0
0;1.54649;0.4480579;3.0
0;1.6969366;0.6849363;3.0
0;1.3854394;0.2713136;3.0
0;2.0157988;0.3524264;3.0
0;1.5045779;0.31663048;3.0
0;1.9155817;0.5913057;3.0
0;2.0211174;0.74239117;3.0
0;1.766099;0.3800618;3.0
0;1.8925263;0.9981487;3.0
0;1.252482;0.5648407;3.0
0;1.5531896;0.5333344;3.0
0;1.6027247;0.5010678;3.0
0;1.4714206;0.5045236;3.0
0;1.4118106;0.23976228;3.0
0;1.3537533;0.546157;3.0
0;1.5914795;0.3648277;3.0
0;1.6627455;0.3977402;3.0
0;1.3289356;0.3533157;3.0
0;2.2654185;0.41213098;3.0
0;1.7997828;0.6859537;3.0
0;1.6292584;0.7169861;3.0
0;1.9389744;0.45648178;3.0
0;1.8602445;0.56079185;3.0
0;2.2245395;0.8761466;3.0
0;1.0914471;0.7673146;3.0
0;1.8574188;0.5636015;3.0
0;1.6778387;0.41904318;3.0
0;1.4398154;0.57659906;3.0
0;1.4277433;0.72606754;3.0
0;1.9890933;0.7000671;3.0
0;1.1092871;0.45628694;3.0
0;1.5438418;0.4521477;3.0
0;1.6370668;0.60026187;3.0
0;1.6484196;0.18245482;3.0
0;1.8479764;0.23006506;3.0
0;1.4140795;0.569205;3.0
0;1.9868128;0.5868944;3.0
0;1.9745268;0.42082164;3.0
0;1.7909206;0.58914596;3.0
0;3.0;0.2650333;3.0
0;1.7993426;0.21722105;3.0
0;1.3268158;0.47643733;3.0
0;1.4089074;0.5145606;3.0
0;1.5276994;0.18276162;3.0
0;1.4010452;0.3359093;3.0
0;2.085572;0.60658866;3.0
0;1.8783627;0.65085495;3.0
