DY
627
2

0;2.960054;0.021100953;1.0
0;2.8822448;0.0338358;1.0
0;2.9078445;0.02192216;1.0
0;2.8193784;0.01579869;1.0
0;2.8121226;0.026712993;1.0
0;2.7879663;0.017280953;1.0
0;2.8661726;0.020128757;1.0
0;2.8660364;0.02834853;1.0
0;2.803854;0.0056841974;1.0
0;2.7964802;0.020811025;1.0
0;2.9105163;0.016702358;1.0
0;2.8348565;0.024227487;1.0
0;2.8615258;0.026395345;1.0
0;2.8917727;0.009637008;1.0
0;2.8448408;0.032101158;1.0
0;2.870513;0.015468672;1.0
0;2.9381723;0.021814926;1.0
0;2.8890984;0.014927075;1.0
0;2.8587015;0.03208257;1.0
0;2.8227303;0.01659785;1.0
0;2.9134994;0.0060172747;1.0
0;2.9438257;0.032642562;1.0
0;2.9082754;0.0180808;1.0
0;2.9303586;0.018759858;1.0
0;2.7943842;0.028326252;1.0
0;2.7831407;0.021483151;1.0
0;2.7709947;0.013277092;1.0
0;2.8433826;0.0300475;1.0
0;2.9528637;0.02996656;1.0
0;2.7181473;0.010499351;1.0
0;2.912477;0.008246761;1.0
0;2.8068125;0.019941302;1.0
0;2.6998749;0.018797405;1.0
0;2.8603253;0.0044465777;1.0
0;2.864005;0.016223595;1.0
0;2.930683;0.029504836;1.0
0;2.9469447;0.014123968;1.0
0;2.82722;0.008975704;1.0
0;2.9485674;0.035965987;1.0
0;2.8883667;0.038749848;1.0
0;2.911569;0.0482263;1.0
0;2.860383;0.009024448;1.0
0;2.8052735;0.029529124;1.0
0;2.8385549;0.035077438;1.0
0;2.899553;0.018077526;1.0
0;2.8660705;0.015973814;1.0
0;2.8978505;0.02467904;1.0
0;2.8216672;0.021106113;1.0
0;2.8876967;0.019797329;1.0
0;2.8111897;0.014471401;1.0
0;2.8456826;0.015099391;1.0
0;2.860364;0.02254343;1.0
0;2.8578386;0.025043441;1.0
0;2.8435664;0.032769985;1.0
0;2.9634619;0.022946041;1.0
0;2.8852608;0.024366107;1.0
0;2.8419118;0.029999059;1.0
0;2.8804498;0.018471835;1.0
0;2.8929193;0.018397063;1.0
0;2.978786;0.026193082;1.0
0;2.7927144;0.03485674;1.0
0;2.8694835;0.028191658;1.0
0;2.8210862;0.025884034;1.0
0;2.8399453;0.024018161;1.0
0;2.8143594;0.039210796;1.0
0;2.973555;0.03416318;1.0
0;2.8109226;0.024041716;1.0
0;2.8373613;5.6732784E-4;1.0
0;2.894648;0.03304099;1.0
0;2.835222;0.025956636;1.0
0;2.8231397;0.02571442;1.0
0;2.8501246;0.031613696;1.0
0;2.9040422;0.023228332;1.0
0;2.9227798;0.026760831;1.0
0;2.8731155;0.014483724;1.0
0;2.9499402;0.031555254;1.0
0;2.8717914;0.026041603;1.0
0;2.794832;0.013819166;1.0
0;2.877875;0.008949969;1.0
0;2.8764424;0.01614545;1.0
0;2.8118994;0.024468947;1.0
0;2.8681984;0.021319691;1.0
0;2.8392386;0.03176817;1.0
0;2.9310527;0.021784803;1.0
0;2.9135249;0.019853666;1.0
0;2.78502;0.021376252;1.0
0;2.923426;0.027347479;1.0
0;2.8808546;0.016995804;1.0
0;2.8314955;0.009256927;1.0
0;3.0;0.023605186;1.0
0;2.8410976;0.020605426;1.0
0;2.8732443;0.020904263;1.0
0;2.7988966;0.030735929;1.0
0;2.862097;0.024684176;1.0
0;2.7871895;0.01554789;1.0
0;2.930116;0.021039678;1.0
0;2.8620949;0.019582847;1.0
0;2.8468678;0.03236745;1.0
0;2.7989388;0.035761062;1.0
0;2.8750072;0.01253386;1.0
0;2.995805;0.027675088;1.0
0;2.9214633;0.019540412;1.0
0;2.8149347;0.011393056;1.0
0;2.8846984;0.03299418;1.0
0;2.8630917;0.033685345;1.0
0;2.9335372;0.031130917;1.0
0;2.7846828;0.01285129;1.0
0;2.892203;0.02036451;1.0
0;2.8773746;0.0267388;1.0
0;2.8894224;0.024046429;1.0
0;2.7525027;0.033834044;1.0
0;2.8815417;0.02423151;1.0
0;2.960456;0.013116281;1.0
0;2.9087691;0.019218279;1.0
0;2.8896527;0.042726055;1.0
0;2.9037876;0.011268359;1.0
0;2.7913733;0.012499444;1.0
0;2.8210974;0.020285027;1.0
0;2.7930129;0.018304138;1.0
0;2.8355372;0.037293315;1.0
0;2.9453893;0.024563545;1.0
0;2.8085356;0.01800528;1.0
0;2.9424772;0.022665247;1.0
0;2.8692908;0.016057968;1.0
0;2.7972603;0.031083643;1.0
0;2.8607256;0.025357047;1.0
0;2.9432783;0.04444134;1.0
0;2.748757;0.02380894;1.0
0;2.8566875;0.022311365;1.0
0;2.960963;0.007634244;1.0
0;2.8937907;0.0388488;1.0
0;2.9576042;0.012870814;1.0
0;2.940007;0.014901292;1.0
0;2.9177883;0.01783254;1.0
0;2.8460202;0.029737636;1.0
0;2.9148908;0.017862728;1.0
0;2.8561203;0.01896329;1.0
0;2.9095747;0.027913656;1.0
0;2.8470426;0.007254507;1.0
0;2.8918555;0.013336314;1.0
0;2.8805878;0.043705422;1.0
0;2.8899064;0.0133574335;1.0
0;2.931906;0.026078172;1.0
0;2.8034477;0.012381012;1.0
0;2.953797;0.030444006;1.0
0;2.8643894;0.027063033;1.0
0;2.836556;0.020148516;1.0
0;2.8129907;0.0193516;1.0
0;2.8242192;0.02219968;1.0
0;2.8366282;0.042280108;1.0
0;2.7745318;0.026407989;1.0
0;2.8607564;0.039140914;1.0
0;2.8188102;0.005632765;1.0
0;2.929607;0.014487937;1.0
0;2.956542;0.015116094;1.0
0;2.8172765;0.0079310965;1.0
0;2.9602387;0.013474532;1.0
0;2.8082697;0.040867917;1.0
0;2.9502869;0.026746346;1.0
0;2.867992;0.02374857;1.0
0;2.8326707;0.03569092;1.0
0;2.8746655;0.031830404;1.0
0;2.9605336;0.022252148;1.0
0;2.876532;0.019121585;1.0
0;2.815257;0.023318458;1.0
0;2.8365345;0.0162745;1.0
0;2.8772295;0.021499256;1.0
0;2.8489594;0.0031247896;1.0
0;2.917827;0.01997523;1.0
0;2.8333323;0.0;1.0
0;2.8107471;0.008481632;1.0
0;2.9364672;0.02530558;1.0
0;2.890746;0.03947414;1.0
0;2.80143;0.040885072;1.0
0;2.8816967;0.017765198;1.0
0;2.884094;0.026271658;1.0
0;2.9565036;0.0217435;1.0
0;2.8869386;0.035418402;1.0
0;2.9148805;0.015257983;1.0
0;2.8684447;0.040126886;1.0
0;2.7937505;0.019566718;1.0
0;2.8567238;0.024988439;1.0
0;2.9001622;0.04061195;1.0
0;2.8540273;0.020972501;1.0
0;2.7832625;0.016550934;1.0
0;2.8603103;0.027988605;1.0
0;2.8123946;0.030836696;1.0
0;2.844222;0.0169073;1.0
0;2.7255116;0.0046741716;1.0
0;2.8415534;0.016350755;1.0
0;2.923985;0.012798895;1.0
0;2.8378572;0.025361557;1.0
0;2.811146;0.0228164;1.0
0;2.7548864;0.025186673;1.0
0;2.8327644;0.014585681;1.0
0;2.8127756;0.025983835;1.0
0;2.7984786;0.034710456;1.0
0;2.8242137;0.030475665;1.0
0;2.8493953;0.0030379521;1.0
0;2.8343658;0.02319452;1.0
0;2.8348856;0.039167788;1.0
0;2.8375707;0.01583975;1.0
0;2.8627005;0.018534131;1.0
0;2.8871732;0.017843807;1.0
0;2.8264182;0.027686331;1.0
0;2.8943846;0.013494584;1.0
0;2.8172581;0.030532787;1.0
0;2.8758628;0.012888052;1.0
0;2.9041178;0.021518674;1.0
0;0.39770365;0.43507755;2.0
0;0.8961022;0.4379484;2.0
0;1.04943;0.35831523;2.0
0;1.0426798;0.5040763;2.0
0;1.0616673;0.37014;2.0
0;1.0118886;0.3981824;2.0
0;1.1726687;0.4254795;2.0
0;0.30049905;0.47372642;2.0
0;1.0789392;0.4071679;2.0
0;0.7876308;0.5333416;2.0
0;0.39360425;0.39623165;2.0
0;0.75531065;0.39222503;2.0
0;1.3459682;0.41268775;2.0
0;1.0302998;0.32920894;2.0
0;1.593063;0.31670013;2.0
0;0.5809996;0.34815517;2.0
0;0.386303;0.48057157;2.0
0;0.37369767;0.4597099;2.0
0;0.42816705;0.5340942;2.0
0;0.83824205;0.41827857;2.0
0;0.86431146;0.46903452;2.0
0;0.41595134;0.42896244;2.0
0;1.4605402;0.53318614;2.0
0;0.8818018;0.42750177;2.0
0;0.44831443;0.5591447;2.0
0;1.1623454;0.40344304;2.0
0;1.1233125;0.3886911;2.0
0;1.0373675;0.47950023;2.0
0;0.5656903;0.50280046;2.0
0;0.989226;0.40536863;2.0
0;0.12137784;0.33996823;2.0
0;0.57732487;0.3993507;2.0
0;0.61759114;0.5040378;2.0
0;1.1310916;0.4368982;2.0
0;1.2190111;0.44411844;2.0
0;0.6440924;0.36542916;2.0
0;0.7624492;0.4670562;2.0
0;1.3519874;0.4429361;2.0
0;0.47266233;0.40864038;2.0
0;0.39657953;0.3084238;2.0
0;0.6468048;0.43462268;2.0
0;0.6061149;0.36719757;2.0
0;0.4299013;0.5267326;2.0
0;0.6578125;0.48773888;2.0
0;0.8039607;0.5090815;2.0
0;0.7687361;0.38151664;2.0
0;0.5969722;0.4655913;2.0
0;0.6438917;0.3706447;2.0
0;0.7122737;0.49199322;2.0
0;1.1442556;0.45250115;2.0
0;0.65653783;0.3961349;2.0
0;0.89297736;0.38255227;2.0
0;0.8764622;0.29950926;2.0
0;0.7212798;0.482274;2.0
0;0.83396435;0.33180803;2.0
0;0.22884446;0.3834305;2.0
0;1.1575207;0.4822025;2.0
0;0.5848793;0.520118;2.0
0;0.6815825;0.37941322;2.0
0;0.83860856;0.5110412;2.0
0;0.98916197;0.472646;2.0
0;1.4854394;0.36996537;2.0
0;0.047546424;0.36806166;2.0
0;0.0;0.41202345;2.0
0;0.49722254;0.38525403;2.0
0;0.7768315;0.34467387;2.0
0;0.90348995;0.41895685;2.0
0;0.68146807;0.5291655;2.0
0;0.68814194;0.45039836;2.0
0;1.0297939;0.40396556;2.0
0;0.7857231;0.4849226;2.0
0;0.66222775;0.47732732;2.0
0;0.57768553;0.32877144;2.0
0;1.1557543;0.43531007;2.0
0;0.7899894;0.45979014;2.0
0;0.86894363;0.28536534;2.0
0;0.43042025;0.336661;2.0
0;0.850647;0.47284967;2.0
0;0.7984332;0.5124608;2.0
0;0.2875544;0.40434137;2.0
0;0.605504;0.45726857;2.0
0;0.46720675;0.43809178;2.0
0;0.7429575;0.4296596;2.0
0;1.0656693;0.38600808;2.0
0;0.7696658;0.5389448;2.0
0;0.70829666;0.37840563;2.0
0;0.722167;0.3521639;2.0
0;0.48888022;0.45280302;2.0
0;0.8679738;0.4939851;2.0
0;0.6139496;0.46459892;2.0
0;1.1871676;0.39313856;2.0
0;0.57300764;0.46868092;2.0
0;0.7178522;0.50040764;2.0
0;0.9332917;0.3523711;2.0
0;0.7225502;0.4279482;2.0
0;0.83862567;0.44806275;2.0
0;0.77969295;0.32430792;2.0
0;0.7857147;0.451113;2.0
0;0.83333695;0.40723577;2.0
0;0.67409825;0.4429264;2.0
0;0.14266299;0.32498276;2.0
0;0.4885562;0.45085898;2.0
0;1.2421755;0.37891772;2.0
0;1.2155976;0.36247846;2.0
0;0.71423227;0.40516382;2.0
0;1.0415878;0.4157907;2.0
0;0.34938982;0.49005017;2.0
0;0.9117906;0.42765227;2.0
0;1.0603406;0.39558566;2.0
0;0.9270073;0.36429143;2.0
0;0.6219482;0.48013008;2.0
0;0.98542345;0.4357115;2.0
0;1.3398877;0.4992261;2.0
0;1.0594349;0.61276937;2.0
0;0.8101429;0.48179084;2.0
0;0.6171586;0.45888054;2.0
0;0.71151525;0.42287013;2.0
0;0.7078233;0.332459;2.0
0;1.0101018;0.43986994;2.0
0;0.48548996;0.36449468;2.0
0;0.71733344;0.38563383;2.0
0;1.251549;0.447455;2.0
0;1.0730741;0.4668735;2.0
0;1.3894601;0.37022367;2.0
0;1.1193888;0.43634328;2.0
0;0.7032174;0.4506769;2.0
0;0.9912277;0.4441996;2.0
0;0.638077;0.46916988;2.0
0;1.0531628;0.45571023;2.0
0;1.4477003;0.41769734;2.0
0;1.1222448;0.4349812;2.0
0;0.60663044;0.45780063;2.0
0;0.9802232;0.43118912;2.0
0;0.4958021;0.52221006;2.0
0;1.0018651;0.42506683;2.0
0;0.73535883;0.47873104;2.0
0;0.89844835;0.49901158;2.0
0;1.1569357;0.45001796;2.0
0;1.0651221;0.45769516;2.0
0;0.97801256;0.32841632;2.0
0;0.42372465;0.51219785;2.0
0;0.5801055;0.42866737;2.0
0;0.15401408;0.5239015;2.0
0;0.39149067;0.41276535;2.0
0;0.88006306;0.4384003;2.0
0;0.7652025;0.57444936;2.0
0;0.78193057;0.36259785;2.0
0;0.81272846;0.49845684;2.0
0;0.45063084;0.4391917;2.0
0;0.3067555;0.43569985;2.0
0;1.3976102;0.3834542;2.0
0;0.4968827;0.38801003;2.0
0;0.5038828;0.4846941;2.0
0;0.8872027;0.50097775;2.0
0;0.90629894;0.3363289;2.0
0;0.35928595;0.4813518;2.0
0;0.5433306;0.41392273;2.0
0;0.981014;0.56053275;2.0
0;0.2837435;0.5029413;2.0
0;0.5449086;0.44327095;2.0
0;0.6040683;0.4191128;2.0
0;0.62888217;0.38354966;2.0
0;0.89501774;0.35885426;2.0
0;0.7748871;0.4429763;2.0
0;0.637204;0.39352334;2.0
0;0.62217426;0.41848022;2.0
0;0.7571;0.43514687;2.0
0;0.36076567;0.4049655;2.0
0;1.3471732;0.37832758;2.0
0;0.5512467;0.36904463;2.0
0;0.92751163;0.47672525;2.0
0;0.6228328;0.55345684;2.0
0;1.200255;0.43725514;2.0
0;0.42699504;0.46872002;2.0
0;0.9320854;0.5062986;2.0
0;0.90496063;0.42966565;2.0
0;1.0861443;0.35943058;2.0
0;0.65058136;0.41104084;2.0
0;0.86165625;0.37294835;2.0
0;0.6193926;0.42330545;2.0
0;0.9675529;0.4925138;2.0
0;0.93678993;0.40352184;2.0
0;1.2902867;0.5041977;2.0
0;0.9748472;0.4759007;2.0
0;0.78678215;0.44317538;2.0
0;0.59862375;0.37449583;2.0
0;0.9097383;0.40773693;2.0
0;0.7784543;0.44437158;2.0
0;0.59294796;0.45746666;2.0
0;1.0376171;0.4661927;2.0
0;0.41349846;0.43696195;2.0
0;0.02676734;0.34026846;2.0
0;1.0351905;0.39965022;2.0
0;0.45373362;0.52585894;2.0
0;0.5365031;0.3913617;2.0
0;0.41245365;0.3876868;2.0
0;1.0775309;0.45968238;2.0
0;0.6962358;0.47949573;2.0
0;1.3082;0.39403677;2.0
0;0.45942026;0.40844682;2.0
0;0.8417303;0.3686445;2.0
0;0.43313843;0.42925486;2.0
0;0.8580097;0.4160842;2.0
0;1.0330771;0.49980652;2.0
0;1.1893733;0.45729798;2.0
0;0.37016785;0.42814478;2.0
0;0.3699616;0.36525398;2.0
0;0.59269553;0.45273912;2.0
0;0.725312;0.42072225;2.0
0;1.1855929;0.8645046;3.0
0;1.3814797;0.8134423;3.0
0;1.7574488;0.8604009;3.0
0;1.2704856;0.8767428;3.0
0;1.1185666;0.90499985;3.0
0;1.657845;0.8159689;3.0
0;1.8176084;0.88240993;3.0
0;1.5446141;0.7544206;3.0
0;1.7770574;0.71812403;3.0
0;1.763409;0.87480646;3.0
0;2.6163063;0.90222436;3.0
0;1.6235547;0.9103516;3.0
0;1.133251;0.8612436;3.0
0;1.3902843;0.94546956;3.0
0;1.6546807;0.8334676;3.0
0;1.6626137;0.65958947;3.0
0;1.2990055;0.8210932;3.0
0;2.0219917;0.987206;3.0
0;1.4164062;0.9678731;3.0
0;1.8293384;0.8274005;3.0
0;1.0991666;0.8718688;3.0
0;1.6538783;0.8030656;3.0
0;1.5826838;0.7325579;3.0
0;1.2780343;0.8304449;3.0
0;1.3694503;0.9089491;3.0
0;1.5928702;0.8468428;3.0
0;1.3285129;0.8616013;3.0
0;1.7325301;0.87914354;3.0
0;2.1299925;0.9460074;3.0
0;1.7186434;0.8324481;3.0
0;1.7154531;0.72923285;3.0
0;1.9304388;0.84681356;3.0
0;1.9272108;0.8179072;3.0
0;1.6851815;0.81218386;3.0
0;1.4381967;0.9083633;3.0
0;1.6729543;0.86237526;3.0
0;1.656008;0.8814934;3.0
0;1.4324408;0.8090295;3.0
0;1.8666234;0.88484395;3.0
0;1.3821224;0.95785546;3.0
0;1.6895025;0.8043888;3.0
0;1.3979669;0.783474;3.0
0;1.3710098;0.88003737;3.0
0;1.8427243;0.8638705;3.0
0;2.2420585;0.9244377;3.0
0;1.1929792;0.87972146;3.0
0;1.9982817;0.84356475;3.0
0;1.4896402;0.82863325;3.0
0;1.3929842;0.83157194;3.0
0;1.3047419;0.83143896;3.0
0;1.8204045;0.8364784;3.0
0;1.0770133;0.9505782;3.0
0;1.4246259;0.77278805;3.0
0;1.8438036;0.81801593;3.0
0;2.0123496;0.8874865;3.0
0;1.5791934;0.8294944;3.0
0;1.7977183;0.803013;3.0
0;1.3672049;0.8277991;3.0
0;1.5134358;0.9496425;3.0
0;1.1031926;0.9125047;3.0
0;1.6351959;0.7422346;3.0
0;2.1467948;0.9380632;3.0
0;1.1135671;0.9630907;3.0
0;1.2838361;0.9358228;3.0
0;1.3898518;0.8267969;3.0
0;1.4260223;0.86876124;3.0
0;0.91369915;0.80003506;3.0
0;1.651011;0.92354065;3.0
0;1.596818;0.89670724;3.0
0;1.5350313;0.9839797;3.0
0;1.4723165;0.72453666;3.0
0;1.4543818;0.81588036;3.0
0;1.8020995;0.8871283;3.0
0;2.0570617;0.7542308;3.0
0;1.4803839;0.9106165;3.0
0;1.4170527;0.80904645;3.0
0;1.5058367;0.8999432;3.0
0;1.5871181;0.83154786;3.0
0;1.6717404;0.86976975;3.0
0;1.7019935;0.7900452;3.0
0;1.545206;0.93858993;3.0
0;0.9636375;0.8714722;3.0
0;1.1821791;0.9004579;3.0
0;2.2512596;0.8864349;3.0
0;2.100078;0.8776113;3.0
0;0.7675193;0.89625305;3.0
0;1.1427659;0.76526713;3.0
0;2.2140412;0.9473956;3.0
0;0.8094721;0.8962552;3.0
0;1.6019719;0.8670816;3.0
0;1.3576171;0.89928156;3.0
0;1.7759359;0.90065426;3.0
0;1.8772402;0.8807994;3.0
0;1.5186193;0.79081726;3.0
0;1.7784822;0.8800925;3.0
0;1.7887648;0.87570304;3.0
0;1.6632314;0.8194858;3.0
0;0.97143126;0.92355245;3.0
0;1.9689556;0.837871;3.0
0;1.6761625;0.9522395;3.0
0;1.4076568;0.8952087;3.0
0;1.2973615;0.78641284;3.0
0;1.5470277;0.91132885;3.0
0;1.8217003;0.7145746;3.0
0;1.7573309;0.9148466;3.0
0;1.8916337;0.79478085;3.0
0;1.2374058;0.7931929;3.0
0;1.6371639;0.9304759;3.0
0;1.2880698;0.85048646;3.0
0;1.9931513;0.9241591;3.0
0;2.479645;0.83055377;3.0
0;1.3807703;0.81452805;3.0
0;1.3959413;0.91342026;3.0
0;1.4098353;0.76568574;3.0
0;1.6979873;0.8279024;3.0
0;0.76999414;0.95638835;3.0
0;1.7790756;0.78918207;3.0
0;1.1894813;0.7865879;3.0
0;0.82571715;0.9134315;3.0
0;2.303644;0.8232301;3.0
0;2.4133735;0.85666513;3.0
0;1.483942;0.8493107;3.0
0;0.99581605;0.8713696;3.0
0;1.6434298;0.81537455;3.0
0;1.7064745;0.9240692;3.0
0;1.8692769;0.95205504;3.0
0;1.0660689;0.82596016;3.0
0;1.7504675;1.0;3.0
0;1.788048;0.8460757;3.0
0;1.3664622;0.8634622;3.0
0;1.100361;0.86112624;3.0
0;1.4579492;0.94145024;3.0
0;1.5250366;0.83728534;3.0
0;1.2594415;0.8057802;3.0
0;2.0093741;0.9395456;3.0
0;1.3228822;0.87652975;3.0
0;1.4808787;0.79423845;3.0
0;1.5093329;0.8566218;3.0
0;1.6690085;0.90531385;3.0
0;1.4066724;0.7478077;3.0
0;1.7209716;0.931966;3.0
0;1.1700566;0.98215586;3.0
0;1.6021578;0.8906606;3.0
0;0.9178684;0.8347467;3.0
0;1.4478688;0.8427133;3.0
0;1.2250001;0.857685;3.0
0;0.8778151;0.8461447;3.0
0;1.4413245;0.8905114;3.0
0;1.8893929;0.8600891;3.0
0;1.8549631;0.7637763;3.0
0;1.1860714;0.78476715;3.0
0;1.820782;0.8810987;3.0
0;1.9101655;0.9649516;3.0
0;1.2733877;0.81040084;3.0
0;1.7126932;0.82044965;3.0
0;1.9657669;0.90046376;3.0
0;1.5501637;0.89433825;3.0
0;1.4562958;0.7914978;3.0
0;1.9715972;0.7219743;3.0
0;2.042095;0.84467304;3.0
0;1.5326521;0.8682239;3.0
0;0.7932228;0.8278142;3.0
0;2.0320654;0.90450245;3.0
0;1.5338993;0.8802672;3.0
0;1.8746556;0.92348593;3.0
0;1.417606;0.90943587;3.0
0;1.7657926;0.8037275;3.0
0;1.704473;0.9626924;3.0
0;1.6920408;0.8466452;3.0
0;1.5372967;0.9125484;3.0
0;1.2275438;0.8947445;3.0
0;1.9016621;0.9152685;3.0
0;1.6509097;0.79508287;3.0
0;2.0941384;0.86506987;3.0
0;1.4805102;0.815567;3.0
0;1.602747;0.80538017;3.0
0;1.279881;0.8234057;3.0
0;1.750498;0.8218096;3.0
0;1.2283843;0.86416507;3.0
0;1.052135;0.76369596;3.0
0;1.4010514;0.8194595;3.0
0;1.4688977;0.93129367;3.0
0;1.5825367;0.8712723;3.0
0;1.4992497;0.93202525;3.0
0;1.6407133;0.7870815;3.0
0;0.58401364;0.7073732;3.0
0;1.4210076;0.95529246;3.0
0;1.6201608;0.88581467;3.0
0;1.9696183;0.79384536;3.0
0;1.0351105;0.8039619;3.0
0;1.6415803;0.94116575;3.0
0;1.7803078;0.79051995;3.0
0;1.5372562;0.9346598;3.0
0;1.2127883;0.7977383;3.0
0;1.9551849;0.95830715;3.0
0;1.5726385;0.88197094;3.0
0;0.95522344;0.9521636;3.0
0;1.716744;0.91581285;3.0
0;1.7417531;0.83184284;3.0
0;1.7049377;0.89647263;3.0
0;1.8633561;0.9059764;3.0
0;1.5059905;0.7852393;3.0
0;1.2957383;0.77665347;3.0
0;0.89559925;0.97586954;3.0
0;1.638165;0.8676554;3.0
0;1.387783;0.9280422;3.0
0;1.8390487;0.81102467;3.0
0;1.656989;0.8807233;3.0
0;0.6453301;0.9052161;3.0
