DY
752
2

0;1.4988849;0.0037559653;1.0
0;1.4886217;0.003616103;1.0
0;1.4876096;0.006555979;1.0
0;1.4974568;0.0022396336;1.0
0;1.4989781;0.0054267077;1.0
0;1.4972594;0.00618337;1.0
0;1.4905584;0.0037436446;1.0
0;1.4891865;0.0040725786;1.0
0;1.4968805;0.0044154054;1.0
0;1.4860954;0.0022668787;1.0
0;1.4946396;0.0020011042;1.0
0;1.4839607;0.0025317692;1.0
0;1.4992465;0.0026689586;1.0
0;1.4946705;0.0032829857;1.0
0;1.4900801;0.002459011;1.0
0;1.5022478;0.0030545432;1.0
0;1.4875648;0.003511089;1.0
0;1.5024531;0.0039208913;1.0
0;1.5104651;0.004449987;1.0
0;1.5034866;0.0038818172;1.0
0;1.5030545;0.0021987336;1.0
0;1.4925241;0.0035195656;1.0
0;1.4861934;0.0027831965;1.0
0;1.4813838;0.0018613111;1.0
0;1.4991742;0.0031452999;1.0
0;1.5011363;0.004878277;1.0
0;1.4787675;0.001059084;1.0
0;1.4849967;0.0046139485;1.0
0;1.5023017;0.0021490126;1.0
0;1.4976786;0.0016693329;1.0
0;1.4837769;0.0049214275;1.0
0;1.5035771;0.0051321005;1.0
0;1.4972378;0.0052462644;1.0
0;1.4935411;0.004184045;1.0
0;1.4996632;0.0019589781;1.0
0;1.4913267;0.004021413;1.0
0;1.5022182;0.003131213;1.0
0;1.4944206;0.0029670827;1.0
0;1.4875232;0.0063407402;1.0
0;1.4808193;0.004441626;1.0
0;1.4959366;0.0035524834;1.0
0;1.4759742;0.0032263205;1.0
0;1.4865446;0.0032298844;1.0
0;1.4934795;0.0010625817;1.0
0;1.4869733;0.0045930124;1.0
0;1.507278;0.0015276485;1.0
0;1.498033;0.0038376353;1.0
0;1.4783394;0.0035990807;1.0
0;1.4839823;0.0035552783;1.0
0;1.49755;0.0026735263;1.0
0;1.4963908;0.004397894;1.0
0;1.4930363;0.0035694812;1.0
0;1.4870055;0.0058758943;1.0
0;1.50036;0.0036190327;1.0
0;1.4931209;0.00439683;1.0
0;1.5029916;0.002958366;1.0
0;1.5051886;0.0039452645;1.0
0;1.4895344;0.0029119235;1.0
0;1.498413;0.0016795563;1.0
0;1.5042673;0.003518377;1.0
0;1.492958;0.0017301919;1.0
0;1.484277;0.003849694;1.0
0;1.4854847;0.0040109386;1.0
0;1.4859076;0.00402124;1.0
0;1.4964691;0.002743127;1.0
0;1.5002482;0.0040371288;1.0
0;1.4926541;0.005635699;1.0
0;1.4965986;0.0025714063;1.0
0;1.5045571;0.0031263388;1.0
0;1.498413;0.0045669307;1.0
0;1.492663;0.0037906326;1.0
0;1.489347;0.003750778;1.0
0;1.4991498;0.0040533263;1.0
0;1.5045804;0.005494754;1.0
0;1.4966698;0.0068960167;1.0
0;1.490225;0.0033242558;1.0
0;1.4867635;0.0016959275;1.0
0;1.5009998;0.003910334;1.0
0;1.491324;0.0024771697;1.0
0;1.4934754;0.0030601968;1.0
0;1.4825599;0.0019957586;1.0
0;1.4952235;0.004497778;1.0
0;1.4880071;0.0036044596;1.0
0;1.476738;0.0029928053;1.0
0;1.4829698;0.0037241185;1.0
0;1.5026357;0.0027991014;1.0
0;1.5084281;0.0032209926;1.0
0;1.4998063;0.0014050839;1.0
0;1.5108771;0.0037843778;1.0
0;1.4848218;0.0012756949;1.0
0;1.4870434;0.0023314995;1.0
0;1.480769;0.00466515;1.0
0;1.5003351;0.0027482966;1.0
0;1.4994414;0.0057379496;1.0
0;1.4944214;0.006213936;1.0
0;1.4886563;0.004062572;1.0
0;1.4727511;0.0032435632;1.0
0;1.4870511;0.0023313116;1.0
0;1.4883113;0.004246004;1.0
0;1.4876838;0.0035716933;1.0
0;1.5052068;0.0036614307;1.0
0;1.4826665;0.004990289;1.0
0;1.4857996;0.0051966673;1.0
0;1.4999619;0.0042283977;1.0
0;1.4901315;0.0040422888;1.0
0;1.4923178;0.0024334844;1.0
0;1.4744201;0.003181945;1.0
0;1.4955304;0.003964031;1.0
0;1.4883875;0.0027993852;1.0
0;1.4862907;0.0035999864;1.0
0;1.4880617;0.0037226784;1.0
0;1.4994118;0.0057164086;1.0
0;1.4964632;0.003486033;1.0
0;1.4986217;0.0037343039;1.0
0;1.4878341;0.0038696006;1.0
0;1.5158868;0.005361678;1.0
0;1.4888233;0.002111324;1.0
0;1.4873183;0.0023436998;1.0
0;1.484353;0.0042702155;1.0
0;1.487207;0.003507131;1.0
0;1.5089283;0.0048438134;1.0
0;1.489819;0.0050561195;1.0
0;1.4733771;0.0019005726;1.0
0;1.4918368;0.00564163;1.0
0;1.4869201;0.003060574;1.0
0;1.5106629;0.0028626246;1.0
0;1.4878047;0.005554307;1.0
0;1.5091889;0.0037426252;1.0
0;1.4933033;0.0038233255;1.0
0;1.4901485;0.0025417383;1.0
0;1.4809937;0.0056619393;1.0
0;1.4857628;0.005679431;1.0
0;1.4924;0.0;1.0
0;1.4940118;0.0035417906;1.0
0;1.5054932;0.0032831684;1.0
0;1.5060635;0.004212402;1.0
0;1.4891961;0.0034616634;1.0
0;1.495928;0.0037804518;1.0
0;1.4918733;0.003244387;1.0
0;1.499196;0.0027721152;1.0
0;1.4831525;0.0026300824;1.0
0;1.4856949;0.005088911;1.0
0;1.5019574;0.002141296;1.0
0;1.4990097;0.0049735843;1.0
0;1.4930621;0.0035186722;1.0
0;1.4944698;0.0031155788;1.0
0;1.4964933;0.0046438486;1.0
0;1.486848;0.0062273317;1.0
0;1.4999051;0.0042954236;1.0
0;1.47666;0.0070539997;1.0
0;1.4826074;0.0038760297;1.0
0;1.4940807;0.0026931;1.0
0;1.4765811;0.0044937166;1.0
0;1.4937129;0.0056820055;1.0
0;1.4933257;0.0032779204;1.0
0;1.5010632;0.0031956108;1.0
0;1.4861742;0.0046021612;1.0
0;1.4892774;0.0029463097;1.0
0;1.4981664;0.0026039605;1.0
0;1.4774021;0.0025477544;1.0
0;1.5005178;0.004755158;1.0
0;1.487919;0.0039204764;1.0
0;1.5046586;0.004450858;1.0
0;1.4897457;0.003116033;1.0
0;1.5193707;0.0026212642;1.0
0;1.4851204;0.0039193598;1.0
0;1.4886253;0.002887875;1.0
0;1.4998574;0.002133391;1.0
0;1.4923849;0.0025917566;1.0
0;1.4828801;0.005836981;1.0
0;1.5096565;0.0033657697;1.0
0;1.5009103;0.0030235401;1.0
0;1.4861629;0.0032754743;1.0
0;1.4773132;0.0040560523;1.0
0;1.490293;0.003289178;1.0
0;1.4926516;0.0037976152;1.0
0;1.4947042;0.00320639;1.0
0;1.4941897;0.004029004;1.0
0;1.5063431;0.001609401;1.0
0;1.5017115;0.0031709282;1.0
0;1.4896975;0.0038604748;1.0
0;1.486758;0.003556768;1.0
0;1.5114689;0.0024854273;1.0
0;1.4996958;0.004064804;1.0
0;1.4934456;0.005611972;1.0
0;1.4970502;0.0017284199;1.0
0;1.4893584;0.00453931;1.0
0;1.5104581;0.0021068135;1.0
0;0.74153656;0.39786428;2.0
0;0.79578876;0.30977717;2.0
0;1.5278969;0.33914915;2.0
0;0.85038793;0.39850807;2.0
0;0.73144644;0.27034563;2.0
0;0.18945856;0.36034796;2.0
0;0.7587789;0.318403;2.0
0;1.8724967;0.35716742;2.0
0;1.1593928;0.29228455;2.0
0;1.4396368;0.41957805;2.0
0;1.9102219;0.40147194;2.0
0;1.0490814;0.3702139;2.0
0;1.3032806;0.26898572;2.0
0;0.58301044;0.26989764;2.0
0;1.1312829;0.30135196;2.0
0;0.8060477;0.3179966;2.0
0;0.3617896;0.33224237;2.0
0;1.9251765;0.33425832;2.0
0;1.208172;0.42689088;2.0
0;0.9740799;0.3728452;2.0
0;1.3837285;0.41479197;2.0
0;1.0924954;0.27979845;2.0
0;1.3538325;0.34441748;2.0
0;1.4602767;0.26383704;2.0
0;1.0966474;0.32189912;2.0
0;1.0088147;0.41385671;2.0
0;1.845545;0.28028226;2.0
0;1.0718606;0.28984666;2.0
0;1.3567827;0.33023337;2.0
0;1.1031026;0.31490576;2.0
0;0.60313296;0.21111305;2.0
0;0.40248215;0.40517065;2.0
0;1.1693884;0.265744;2.0
0;1.4395012;0.20256849;2.0
0;1.3133804;0.3890253;2.0
0;1.0264467;0.3032653;2.0
0;1.1898915;0.33693856;2.0
0;1.2758449;0.27929747;2.0
0;1.8892597;0.33757213;2.0
0;2.0871606;0.30814078;2.0
0;1.2573661;0.27567646;2.0
0;0.89542496;0.3753763;2.0
0;1.521923;0.447067;2.0
0;1.2098498;0.32128644;2.0
0;0.75152373;0.29152396;2.0
0;0.56564873;0.42735687;2.0
0;0.5153707;0.24480537;2.0
0;0.7363297;0.34572583;2.0
0;0.44267893;0.30264184;2.0
0;0.44927737;0.34368145;2.0
0;2.0689938;0.349481;2.0
0;0.67461926;0.35978264;2.0
0;0.57181776;0.3415269;2.0
0;1.038971;0.36038527;2.0
0;1.3556947;0.25491738;2.0
0;0.64470786;0.47185194;2.0
0;0.82388085;0.3224922;2.0
0;0.8638488;0.295875;2.0
0;1.1190166;0.37438443;2.0
0;0.96620476;0.41933367;2.0
0;1.9414594;0.33657405;2.0
0;1.0186281;0.3565337;2.0
0;0.798588;0.30785364;2.0
0;0.075235814;0.27917185;2.0
0;1.5820643;0.2896572;2.0
0;0.659799;0.22053279;2.0
0;1.178586;0.29244062;2.0
0;0.84939593;0.38092667;2.0
0;0.6897511;0.3252786;2.0
0;0.8710515;0.200976;2.0
0;0.39103922;0.31008917;2.0
0;1.4310379;0.1848509;2.0
0;0.7123275;0.25995952;2.0
0;1.2171645;0.2768482;2.0
0;1.2758499;0.33514956;2.0
0;1.7332772;0.4383553;2.0
0;1.3642395;0.27023888;2.0
0;0.68031645;0.38480172;2.0
0;1.365459;0.33149052;2.0
0;1.7722168;0.40714324;2.0
0;1.1417897;0.32790884;2.0
0;1.2900966;0.3676926;2.0
0;1.6245031;0.3162493;2.0
0;1.3262563;0.26261014;2.0
0;1.8722153;0.27927443;2.0
0;1.0822603;0.3004098;2.0
0;0.8848544;0.39222813;2.0
0;1.0335515;0.28692597;2.0
0;1.3886223;0.3482829;2.0
0;1.0843526;0.24630132;2.0
0;1.5279686;0.33659402;2.0
0;0.8294937;0.251968;2.0
0;0.5070973;0.2877833;2.0
0;0.94781244;0.25558594;2.0
0;0.86196345;0.25164995;2.0
0;0.592769;0.3507297;2.0
0;0.6589914;0.27078035;2.0
0;0.9393597;0.2927608;2.0
0;0.6562174;0.21818382;2.0
0;1.5345944;0.34313047;2.0
0;1.9786162;0.27781337;2.0
0;0.90175927;0.23125742;2.0
0;1.1667707;0.3403809;2.0
0;2.082131;0.35001546;2.0
0;1.7269577;0.3395576;2.0
0;1.7202674;0.29791263;2.0
0;0.16751431;0.2979445;2.0
0;0.83037806;0.41660872;2.0
0;1.0800083;0.23639263;2.0
0;1.4762831;0.40888175;2.0
0;1.391393;0.26221752;2.0
0;1.3232003;0.35279244;2.0
0;0.25084347;0.32320526;2.0
0;1.7778537;0.18951473;2.0
0;1.2032902;0.28294808;2.0
0;1.5997491;0.24514033;2.0
0;1.9900404;0.36560693;2.0
0;1.14927;0.28178248;2.0
0;1.7668526;0.28618917;2.0
0;1.1846515;0.2874998;2.0
0;2.110438;0.29999432;2.0
0;0.702527;0.297009;2.0
0;1.2030424;0.35395518;2.0
0;0.8125781;0.27699447;2.0
0;0.9788468;0.2842345;2.0
0;1.012624;0.39350888;2.0
0;0.84178525;0.28526512;2.0
0;0.30402425;0.2506247;2.0
0;0.8363809;0.29658195;2.0
0;1.7091552;0.3006255;2.0
0;1.2634965;0.40540466;2.0
0;0.9076246;0.3519069;2.0
0;1.0988356;0.30415595;2.0
0;1.1656141;0.31915155;2.0
0;0.37192342;0.36535385;2.0
0;0.48041645;0.417382;2.0
0;1.8593802;0.32487908;2.0
0;1.6964707;0.28996843;2.0
0;1.863599;0.34044677;2.0
0;1.4277716;0.37332517;2.0
0;1.2363615;0.3880434;2.0
0;0.0;0.30217472;2.0
0;1.421768;0.3421941;2.0
0;0.39136788;0.3029709;2.0
0;1.5149434;0.22371177;2.0
0;1.1223649;0.2571065;2.0
0;1.3313599;0.40872642;2.0
0;0.9544405;0.31493184;2.0
0;1.1863459;0.24424799;2.0
0;1.1129718;0.30078897;2.0
0;1.0212178;0.28298295;2.0
0;1.1297034;0.3813219;2.0
0;1.8428987;0.4127813;2.0
0;1.2185092;0.36413378;2.0
0;0.7394428;0.304149;2.0
0;1.5887549;0.29175216;2.0
0;0.4008221;0.306316;2.0
0;0.80971456;0.3142209;2.0
0;0.6625397;0.31075406;2.0
0;0.4612039;0.47297707;2.0
0;0.5746477;0.25886363;2.0
0;0.7713045;0.3748922;2.0
0;0.6798341;0.3301166;2.0
0;0.9843719;0.44982865;2.0
0;0.74948514;0.3831969;2.0
0;0.57487655;0.38923365;2.0
0;0.3903096;0.25579908;2.0
0;1.9155719;0.33354986;2.0
0;0.46291116;0.36886433;2.0
0;1.3313738;0.30312058;2.0
0;0.559171;0.30526957;2.0
0;1.443444;0.3623592;2.0
0;0.56013256;0.35390857;2.0
0;0.76551354;0.22520262;2.0
0;1.2855672;0.32094344;2.0
0;0.9870444;0.36169538;2.0
0;1.8299106;0.346838;2.0
0;1.4148812;0.30126137;2.0
0;0.9815319;0.24811736;2.0
0;1.8856808;0.2752727;2.0
0;1.6207184;0.18112281;2.0
0;1.2392464;0.26662546;2.0
0;1.0762604;0.31965777;2.0
0;1.3769172;0.2969535;2.0
0;0.7900941;0.26763165;2.0
0;0.048423;0.39275733;2.0
0;1.5870235;0.27783853;2.0
0;0.8325351;0.31228748;2.0
0;2.746411;0.6675088;3.0
0;3.0227542;0.6717977;3.0
0;2.7790356;0.63966656;3.0
0;3.056318;0.6525946;3.0
0;3.6362143;0.6652401;3.0
0;2.987109;0.627885;3.0
0;1.9284459;0.54208493;3.0
0;2.3010054;0.7476026;3.0
0;3.8165116;0.5834651;3.0
0;2.7284226;0.55930406;3.0
0;3.3742948;0.59091854;3.0
0;2.666813;0.5470925;3.0
0;2.0046368;0.69152975;3.0
0;2.8257868;0.6607065;3.0
0;3.1583126;0.70469373;3.0
0;2.8600173;0.73116404;3.0
0;2.5403202;0.58984673;3.0
0;3.6946476;0.6962848;3.0
0;2.6742458;0.6047189;3.0
0;3.1461604;0.69815326;3.0
0;2.5562835;0.66564286;3.0
0;3.2745578;0.6640544;3.0
0;3.0302474;0.6599136;3.0
0;2.7452066;0.5425994;3.0
0;2.5189035;0.69070137;3.0
0;2.596284;0.6292994;3.0
0;1.9533486;0.6737759;3.0
0;2.159804;0.6495014;3.0
0;1.7798581;0.5976055;3.0
0;2.8453884;0.60494065;3.0
0;2.400752;0.69662017;3.0
0;3.2905128;0.5546542;3.0
0;3.080619;0.6116148;3.0
0;2.4103448;0.60648835;3.0
0;2.9660263;0.7202518;3.0
0;3.361152;0.62896436;3.0
0;2.4178872;0.63100314;3.0
0;2.7547562;0.6733536;3.0
0;1.9165896;0.53158396;3.0
0;3.3391087;0.51349336;3.0
0;2.2258918;0.6876664;3.0
0;3.2531753;0.49008843;3.0
0;2.9907515;0.73125696;3.0
0;3.6866205;0.63219255;3.0
0;2.173338;0.579428;3.0
0;2.2593358;0.6017886;3.0
0;3.0285506;0.67510635;3.0
0;3.2785134;0.61367923;3.0
0;2.5447793;0.7151492;3.0
0;2.4297118;0.6038091;3.0
0;2.921862;0.643914;3.0
0;3.0362823;0.7575875;3.0
0;2.9814408;0.73315376;3.0
0;3.1002612;0.64121723;3.0
0;2.4668012;0.6647826;3.0
0;2.6018317;0.6100374;3.0
0;3.1096601;0.6200143;3.0
0;3.3212936;0.66956896;3.0
0;2.6642463;0.5383635;3.0
0;3.3659973;0.615943;3.0
0;2.7466042;0.7613243;3.0
0;3.3334248;0.64593613;3.0
0;2.719002;0.7228137;3.0
0;3.027731;0.6341434;3.0
0;3.232757;0.60364974;3.0
0;2.8726022;0.7187427;3.0
0;3.1699426;0.6098234;3.0
0;3.0245938;0.6628498;3.0
0;2.6608574;0.6611539;3.0
0;2.569426;0.613651;3.0
0;2.2826312;0.62690467;3.0
0;2.8567038;0.5673117;3.0
0;3.9787157;0.60570234;3.0
0;2.9449089;0.68371546;3.0
0;2.235422;0.6246412;3.0
0;2.3580303;0.67343056;3.0
0;2.5245492;0.6625368;3.0
0;3.3936963;0.6123815;3.0
0;2.9858956;0.6804277;3.0
0;2.4336627;0.6160511;3.0
0;3.5717301;0.62372863;3.0
0;2.7855637;0.69077873;3.0
0;1.8582288;0.5872782;3.0
0;2.0863802;0.664527;3.0
0;2.5850303;0.7619119;3.0
0;2.1693463;0.6930475;3.0
0;2.9400508;0.65395945;3.0
0;2.4496317;0.697535;3.0
0;2.8511918;0.6741259;3.0
0;2.7443068;0.6020537;3.0
0;3.2330847;0.46904868;3.0
0;3.714939;0.76497823;3.0
0;3.3634229;0.6786436;3.0
0;3.3404522;0.67800367;3.0
0;1.9922413;0.6645911;3.0
0;2.705788;0.6075255;3.0
0;2.4363093;0.59263575;3.0
0;2.9258554;0.6074591;3.0
0;3.15316;0.7170185;3.0
0;3.3355477;0.72161424;3.0
0;3.065686;0.6106593;3.0
0;3.0180838;0.674778;3.0
0;2.5108273;0.61689466;3.0
0;2.785493;0.69119936;3.0
0;2.6678777;0.7207395;3.0
0;3.2832801;0.6200078;3.0
0;2.5022473;0.6255109;3.0
0;3.019888;0.5984516;3.0
0;2.8725908;0.6708997;3.0
0;2.775539;0.57270604;3.0
0;2.3461282;0.72170484;3.0
0;2.9851701;0.6740261;3.0
0;3.0507252;0.60308415;3.0
0;2.546386;0.5834515;3.0
0;2.3534904;0.61481225;3.0
0;2.1646297;0.47694415;3.0
0;2.6246176;0.5859959;3.0
0;3.2574286;0.60297275;3.0
0;2.8941474;0.63952345;3.0
0;2.947937;0.6346454;3.0
0;3.2690732;0.6503024;3.0
0;3.2641366;0.7094479;3.0
0;3.660485;0.6392148;3.0
0;3.6230934;0.605929;3.0
0;3.3656142;0.5572229;3.0
0;2.6602085;0.68217564;3.0
0;2.7339652;0.6423333;3.0
0;1.9442556;0.65355927;3.0
0;2.3437798;0.673354;3.0
0;2.5794623;0.6743611;3.0
0;2.2488384;0.62453747;3.0
0;2.6838114;0.74033755;3.0
0;1.9888909;0.6291943;3.0
0;2.2903185;0.708772;3.0
0;2.875774;0.6344325;3.0
0;2.9673471;0.5740972;3.0
0;2.7352815;0.7695762;3.0
0;2.3566968;0.5373943;3.0
0;2.5783873;0.65252644;3.0
0;2.845794;0.6638953;3.0
0;2.501089;0.6503216;3.0
0;2.1583374;0.68103975;3.0
0;2.6302443;0.55544215;3.0
0;2.2153986;0.65232867;3.0
0;2.736543;0.6554489;3.0
0;2.3138475;0.6957236;3.0
0;2.7170906;0.6473203;3.0
0;2.9326184;0.5740555;3.0
0;2.8470376;0.6946921;3.0
0;4.0;0.6410192;3.0
0;2.8934722;0.61995447;3.0
0;2.5555916;0.6532727;3.0
0;2.9159143;0.6886987;3.0
0;3.6164718;0.53857714;3.0
0;3.1686103;0.62223333;3.0
0;3.5116098;0.6265393;3.0
0;2.721855;0.6787146;3.0
0;3.0040166;0.71226233;3.0
0;2.6701066;0.68078375;3.0
0;3.0578911;0.638416;3.0
0;3.3235605;0.6011645;3.0
0;2.5811663;0.5584579;3.0
0;3.1248894;0.57554644;3.0
0;2.921959;0.6314822;3.0
0;2.2712865;0.6093323;3.0
0;2.4826546;0.6339329;3.0
0;2.722082;0.6105867;3.0
0;3.2194633;0.58299965;3.0
0;3.4661455;0.62264204;3.0
0;2.2140162;0.7151751;3.0
0;3.0253382;0.5954777;3.0
0;3.3164353;0.7515214;3.0
0;3.181558;0.6046232;3.0
0;2.8817446;0.6834188;3.0
0;3.2445364;0.62512237;3.0
0;3.198641;0.61321425;3.0
0;3.207803;0.63601804;3.0
0;2.4357572;0.51175684;3.0
0;2.850658;0.6310131;3.0
0;2.64584;0.6790076;3.0
0;3.618253;0.51729286;3.0
0;2.6522477;0.65785587;3.0
0;2.308769;0.560339;3.0
0;3.4136095;0.52311337;3.0
0;2.3897595;0.6531089;3.0
0;2.6145022;0.716582;3.0
0;2.2641501;0.6884046;3.0
0;3.1049306;0.6271509;3.0
0;0.51435363;0.98939914;4.0
0;0.80017227;0.9741703;4.0
0;1.0079811;0.8932431;4.0
0;1.0542833;0.86259;4.0
0;0.7216259;0.92901087;4.0
0;1.4171375;0.9195381;4.0
0;1.0334913;0.8774553;4.0
0;0.5853742;0.97829366;4.0
0;1.1225646;0.9138584;4.0
0;1.2389376;0.90771884;4.0
0;1.4692898;0.90308166;4.0
0;0.81511384;0.95161563;4.0
0;0.84368676;0.955983;4.0
0;0.7821543;0.9578836;4.0
0;0.5133388;0.8882435;4.0
0;0.7806836;0.8874184;4.0
0;0.82493025;0.9516894;4.0
0;0.5891673;0.88850856;4.0
0;0.96735394;0.9406854;4.0
0;1.2579055;0.9336248;4.0
0;0.5516023;0.92239195;4.0
0;1.1885535;0.9212076;4.0
0;1.0384297;0.8956491;4.0
0;1.1464661;0.89423907;4.0
0;1.5055212;0.9547742;4.0
0;0.984521;0.8953036;4.0
0;1.147747;0.85839134;4.0
0;0.83237;0.9343821;4.0
0;0.5235632;0.9453252;4.0
0;0.83823717;0.885803;4.0
0;1.0358119;0.8982492;4.0
0;0.21031106;0.91172576;4.0
0;0.50273407;0.8965971;4.0
0;0.98634094;0.9266005;4.0
0;1.5483898;0.9612851;4.0
0;0.5123916;0.90939367;4.0
0;1.2468075;0.9387292;4.0
0;1.0142502;0.87893647;4.0
0;0.53599596;0.88270813;4.0
0;0.798702;0.98666996;4.0
0;0.91431445;0.9312476;4.0
0;1.1028978;0.9545657;4.0
0;0.5325919;0.8776511;4.0
0;0.27936956;0.92621905;4.0
0;1.6151581;0.9178525;4.0
0;1.1116687;0.93458056;4.0
0;0.7053056;0.94526017;4.0
0;1.1188792;0.9308804;4.0
0;1.0008183;0.920991;4.0
0;0.7888604;0.9413213;4.0
0;0.8196801;0.94242173;4.0
0;0.9545065;0.89374596;4.0
0;1.0334847;0.9324953;4.0
0;1.1101017;0.94770324;4.0
0;1.0600471;0.9626969;4.0
0;0.8680092;0.959551;4.0
0;1.0420594;0.86258984;4.0
0;0.42293715;0.8957847;4.0
0;0.74867254;0.9740669;4.0
0;0.94443315;0.90574425;4.0
0;1.0408726;0.9535757;4.0
0;1.3015685;0.9014304;4.0
0;1.1618955;0.9546593;4.0
0;0.47384438;0.89632994;4.0
0;0.53345764;0.97662103;4.0
0;0.8398704;0.9112449;4.0
0;1.2225193;0.8380618;4.0
0;0.92532414;0.9313279;4.0
0;0.6507023;0.93911785;4.0
0;0.72050977;0.95699805;4.0
0;1.1733398;0.8972105;4.0
0;0.6682146;0.8943628;4.0
0;0.63146275;0.87995857;4.0
0;1.0700681;0.92548805;4.0
0;0.8488032;0.8491575;4.0
0;0.70700496;0.9477485;4.0
0;1.3438927;1.0;4.0
0;0.6390531;0.9469636;4.0
0;0.72101414;0.9237028;4.0
0;1.9244792;0.8745869;4.0
0;1.2760766;0.9326634;4.0
0;1.1956401;0.9325991;4.0
0;0.59188336;0.9408654;4.0
0;1.0470613;0.88522106;4.0
0;1.3151181;0.92576694;4.0
0;1.0080168;0.92407507;4.0
0;1.217421;0.9252159;4.0
0;0.71240884;0.92892504;4.0
0;1.2524168;0.9296165;4.0
0;0.8430748;0.8846558;4.0
0;1.3421756;0.88447946;4.0
0;1.3416393;0.8728897;4.0
0;0.9168188;0.8684632;4.0
0;1.0312867;0.94744253;4.0
0;1.3878984;0.87726873;4.0
0;0.69901544;0.8943985;4.0
0;1.067653;0.8777167;4.0
0;0.73576134;0.8701757;4.0
0;0.89806926;0.8922916;4.0
0;1.536256;0.9709805;4.0
0;0.7636791;0.8729991;4.0
0;0.7151891;0.87755907;4.0
0;1.0122973;0.91391367;4.0
0;1.1704222;0.845141;4.0
0;1.1920964;0.9137388;4.0
0;0.9797427;0.88683826;4.0
0;0.91745377;0.8770538;4.0
0;1.1457481;0.91265905;4.0
0;1.0492724;0.9249908;4.0
0;0.9615724;0.87084323;4.0
0;0.9737625;0.98720485;4.0
0;0.5613018;0.9334983;4.0
0;1.2444761;0.8695247;4.0
0;0.82883096;0.939235;4.0
0;0.8052326;0.8951375;4.0
0;1.0540384;0.9302458;4.0
0;0.8102212;0.88248193;4.0
0;0.9504475;0.9277684;4.0
0;1.0673089;0.9655968;4.0
0;0.9814853;0.82686466;4.0
0;0.81442904;0.8945261;4.0
0;1.4862189;0.83438736;4.0
0;0.7207172;0.96109974;4.0
0;0.7401139;0.9062727;4.0
0;0.88005126;0.9218486;4.0
0;1.2168758;0.92506194;4.0
0;0.9619492;0.9013043;4.0
0;1.2190467;0.88597906;4.0
0;1.2082585;0.9533599;4.0
0;0.91593176;0.9761561;4.0
0;0.7543434;0.8798336;4.0
0;0.8830107;0.96515024;4.0
0;1.1064825;0.8736046;4.0
0;0.9176557;0.86661315;4.0
0;1.0831324;0.95071185;4.0
0;1.4543272;0.89378035;4.0
0;0.47630534;0.85143936;4.0
0;1.1726253;0.9446525;4.0
0;0.6767574;0.8620133;4.0
0;0.8080252;0.88360256;4.0
0;1.1988808;0.96225476;4.0
0;0.82586175;0.90244687;4.0
0;0.7872432;0.87509054;4.0
0;0.84792686;0.86322266;4.0
0;1.1652379;0.9078612;4.0
0;1.2501053;0.9177941;4.0
0;1.1384548;0.8573177;4.0
0;0.917538;0.89462185;4.0
0;1.1340795;0.8989895;4.0
0;1.1056615;0.93837386;4.0
0;0.95665485;0.8867303;4.0
0;1.1923984;0.9226678;4.0
0;0.8795921;0.96364194;4.0
0;0.9366496;0.914385;4.0
0;1.1640874;0.9302213;4.0
0;0.77559894;0.9734384;4.0
0;1.510965;0.96143764;4.0
0;0.9494577;0.98021036;4.0
0;0.6965141;0.9162774;4.0
0;0.6879419;0.8879955;4.0
0;0.66801935;0.8712858;4.0
0;1.0117587;0.88201386;4.0
0;0.7073788;0.9544971;4.0
0;1.4320338;0.9117439;4.0
0;0.86279273;0.95325416;4.0
0;1.07758;0.83241075;4.0
0;0.9270505;0.9139452;4.0
0;0.5430933;0.9009631;4.0
0;0.6876297;0.9156377;4.0
0;1.3257936;0.90168095;4.0
0;0.5361855;0.9285265;4.0
0;0.94481146;0.93514526;4.0
0;1.0119524;0.92348117;4.0
0;0.8109675;0.8850979;4.0
0;1.1079867;0.90682834;4.0
0;0.98141617;0.8835073;4.0
0;0.89658874;0.93765205;4.0
0;0.8209796;0.8752734;4.0
0;1.0492964;0.98601866;4.0
0;1.1207521;0.8820599;4.0
0;1.3617072;0.85543144;4.0
0;0.82388115;0.99799436;4.0
0;0.7277444;0.93777966;4.0
0;0.570125;0.96529704;4.0
0;0.68652195;0.8797592;4.0
0;0.7959999;0.8963187;4.0
0;1.1676729;0.8831326;4.0
0;0.3463658;0.922636;4.0
