DY
752
2

0;1.9348329;0.49827173;1.0
0;1.8163441;0.40377784;1.0
0;2.0;0.4378414;1.0
0;1.7417281;0.37351784;1.0
0;1.7818761;0.16971742;1.0
0;1.7281864;0.3486163;1.0
0;1.6916761;0.39611036;1.0
0;1.812121;0.39824483;1.0
0;1.7865821;0.39205498;1.0
0;1.8998147;0.3634714;1.0
0;1.655852;0.2140407;1.0
0;1.8974633;0.33867836;1.0
0;1.8667023;0.41623756;1.0
0;1.8721387;0.45164418;1.0
0;1.8330522;0.46201366;1.0
0;1.8561451;0.41303775;1.0
0;1.898675;0.44094864;1.0
0;1.8471522;0.36230126;1.0
0;1.9192374;0.45968768;1.0
0;1.8565842;0.30050883;1.0
0;1.6277851;0.35566193;1.0
0;1.615259;0.4132321;1.0
0;1.7533195;0.20740047;1.0
0;1.963643;0.38849938;1.0
0;1.8503327;0.27551183;1.0
0;1.6932758;0.41226318;1.0
0;1.8890718;0.36694613;1.0
0;1.7629277;0.17213024;1.0
0;1.8142222;0.28712624;1.0
0;1.7496299;0.22067434;1.0
0;1.7458987;0.58847797;1.0
0;1.6893504;0.44845673;1.0
0;1.8161029;0.55582434;1.0
0;1.6891353;0.42825192;1.0
0;1.9064188;0.2807499;1.0
0;1.815195;0.37393638;1.0
0;1.8863909;0.3082624;1.0
0;1.7461796;0.3744645;1.0
0;1.6403702;0.5546706;1.0
0;1.6210636;0.38545382;1.0
0;1.6711034;0.42674455;1.0
0;1.7040442;0.30641192;1.0
0;1.7703763;0.29393756;1.0
0;1.8937756;0.27932402;1.0
0;1.859434;0.26841855;1.0
0;1.8938959;0.21253078;1.0
0;1.9711201;0.2097976;1.0
0;1.792553;0.29376772;1.0
0;1.9118826;0.40197995;1.0
0;1.9278078;0.42696953;1.0
0;1.769553;0.37977037;1.0
0;1.8836968;0.35198045;1.0
0;1.7478671;0.44581118;1.0
0;1.845268;0.41309172;1.0
0;1.5157377;0.46868756;1.0
0;1.7821838;0.446608;1.0
0;1.7362461;0.35816687;1.0
0;1.7035968;0.50127137;1.0
0;1.7984464;0.29527205;1.0
0;1.7905504;0.24262288;1.0
0;1.7921964;0.3073451;1.0
0;1.6628914;0.39939216;1.0
0;1.9274437;0.3728459;1.0
0;1.690642;0.32413355;1.0
0;1.8093538;0.4982123;1.0
0;1.8586717;0.35024476;1.0
0;1.8730438;0.25677714;1.0
0;1.8385005;0.31641424;1.0
0;1.8372037;0.4187214;1.0
0;1.7353677;0.29032537;1.0
0;1.8371713;0.29820368;1.0
0;1.5819379;0.3661459;1.0
0;1.768942;0.49363458;1.0
0;1.6778266;0.2858147;1.0
0;1.8699249;0.49455294;1.0
0;1.6930507;0.52712095;1.0
0;1.8127885;0.33223554;1.0
0;1.7434705;0.33777574;1.0
0;1.8593894;0.36300147;1.0
0;1.7552693;0.33419248;1.0
0;1.9681766;0.30730626;1.0
0;1.8217263;0.3775587;1.0
0;1.8534268;0.38814676;1.0
0;1.7000557;0.37257507;1.0
0;1.7983932;0.2797903;1.0
0;1.7606832;0.47991905;1.0
0;1.7295507;0.35446322;1.0
0;1.7353797;0.3619544;1.0
0;1.502779;0.33992243;1.0
0;1.8446139;0.4327552;1.0
0;1.7855036;0.3312324;1.0
0;1.6517333;0.3485939;1.0
0;1.6421112;0.45646963;1.0
0;1.8344668;0.32139227;1.0
0;1.7287128;0.35164213;1.0
0;1.762639;0.25652343;1.0
0;1.729378;0.24127221;1.0
0;1.7550126;0.43574926;1.0
0;1.8782393;0.4431373;1.0
0;1.7055893;0.4674248;1.0
0;1.8726882;0.3227852;1.0
0;1.5861192;0.29768378;1.0
0;1.8313559;0.36708927;1.0
0;1.7412989;0.44126138;1.0
0;1.8396696;0.38551882;1.0
0;1.5876901;0.36367494;1.0
0;1.7730684;0.3560394;1.0
0;1.8145612;0.43271625;1.0
0;1.9303497;0.39575383;1.0
0;1.683082;0.34347153;1.0
0;1.7930292;0.59022135;1.0
0;1.5790854;0.39573646;1.0
0;1.881198;0.43532553;1.0
0;1.827357;0.3359551;1.0
0;1.8138856;0.439952;1.0
0;1.7208296;0.30934855;1.0
0;1.7376343;0.3572047;1.0
0;1.8651685;0.37953883;1.0
0;1.8098845;0.2677506;1.0
0;1.7138383;0.29541975;1.0
0;1.9618449;0.3770386;1.0
0;1.823715;0.39759243;1.0
0;1.7978473;0.27404463;1.0
0;1.8374265;0.4487559;1.0
0;1.8820063;0.45673832;1.0
0;1.8413204;0.3325735;1.0
0;1.8315278;0.31522566;1.0
0;1.8046005;0.3613024;1.0
0;1.7347738;0.36855784;1.0
0;1.7503822;0.309309;1.0
0;1.9349428;0.24684516;1.0
0;1.7861475;0.3121435;1.0
0;1.8662992;0.49153742;1.0
0;1.7432767;0.45895174;1.0
0;1.7110666;0.32037935;1.0
0;1.9526447;0.34345755;1.0
0;1.8688064;0.34257954;1.0
0;1.6563262;0.3205874;1.0
0;1.6886525;0.35187945;1.0
0;1.8249952;0.42519736;1.0
0;1.7873842;0.49505967;1.0
0;1.7939916;0.37518695;1.0
0;1.748509;0.30649018;1.0
0;1.8185776;0.46063596;1.0
0;1.8922658;0.24700947;1.0
0;1.7015295;0.51603854;1.0
0;1.7701694;0.37149325;1.0
0;1.893057;0.3266022;1.0
0;1.8303831;0.25790223;1.0
0;1.8890696;0.3856689;1.0
0;1.6965072;0.16961078;1.0
0;1.6809813;0.38664764;1.0
0;1.634361;0.49920484;1.0
0;1.6903584;0.36256835;1.0
0;1.8548098;0.40545264;1.0
0;1.8979689;0.39803013;1.0
0;1.7283806;0.39301625;1.0
0;1.8342208;0.17062627;1.0
0;1.7399901;0.37917435;1.0
0;1.6855842;0.35748953;1.0
0;1.948241;0.40261784;1.0
0;1.7407975;0.41358778;1.0
0;1.925383;0.4269835;1.0
0;1.960204;0.37765336;1.0
0;1.7011323;0.29807734;1.0
0;1.6330669;0.38868907;1.0
0;1.8136505;0.3984769;1.0
0;1.8400086;0.36830765;1.0
0;1.8542575;0.4522605;1.0
0;1.7992395;0.3665139;1.0
0;1.7093647;0.35283065;1.0
0;1.7714983;0.20984793;1.0
0;1.6329942;0.44380185;1.0
0;1.9419343;0.34122255;1.0
0;1.774711;0.45607597;1.0
0;1.759993;0.24329388;1.0
0;1.8073992;0.31395498;1.0
0;1.797937;0.29834923;1.0
0;1.8288392;0.39343625;1.0
0;1.7590859;0.5145035;1.0
0;1.7817844;0.34949008;1.0
0;1.8127933;0.33645567;1.0
0;1.8458552;0.392915;1.0
0;1.702105;0.427055;1.0
0;1.6651403;0.36328906;1.0
0;1.939272;0.3599156;1.0
0;1.7892475;0.5246877;1.0
0;1.7135317;0.4057806;1.0
0;1.222322;0.0900389;2.0
0;1.2415943;0.13301454;2.0
0;1.3082757;0.15345892;2.0
0;1.2681057;0.2022625;2.0
0;1.1778593;0.2097405;2.0
0;1.2331225;0.092565544;2.0
0;1.1920792;0.15728544;2.0
0;1.1611389;0.06839862;2.0
0;1.2697719;0.049962714;2.0
0;1.197717;0.06999094;2.0
0;1.1993233;0.21468489;2.0
0;1.157097;0.11526579;2.0
0;1.1445969;0.14165902;2.0
0;1.2345239;0.15496117;2.0
0;1.3692427;0.13453783;2.0
0;1.226931;0.075437896;2.0
0;1.2002288;0.09401301;2.0
0;1.1576025;0.049124483;2.0
0;1.1780508;0.11662508;2.0
0;1.277221;0.14551792;2.0
0;1.1439337;0.11189837;2.0
0;1.1125265;0.09394539;2.0
0;1.2658759;0.17410083;2.0
0;1.1525246;0.078251064;2.0
0;1.1288756;0.15618059;2.0
0;1.1340492;0.07754595;2.0
0;1.2237319;0.138909;2.0
0;1.2250333;0.121102974;2.0
0;1.1495018;0.035892054;2.0
0;1.2419146;0.15847173;2.0
0;1.2092205;0.0224062;2.0
0;1.2323842;0.15658733;2.0
0;1.2603899;0.11316828;2.0
0;1.2486302;0.18308511;2.0
0;1.1416874;0.19046348;2.0
0;1.2075424;0.09061911;2.0
0;1.1828566;0.08812773;2.0
0;1.245165;0.029484648;2.0
0;1.1648245;0.13817905;2.0
0;1.2408311;0.051006213;2.0
0;1.2003118;0.16302742;2.0
0;1.2291068;0.13625471;2.0
0;1.2676529;0.12708227;2.0
0;1.2528042;0.08774147;2.0
0;1.155589;0.057079524;2.0
0;1.3748409;0.1434385;2.0
0;1.2795463;0.080701105;2.0
0;1.3291873;0.05683032;2.0
0;1.2364683;0.10768108;2.0
0;1.2803755;0.13368683;2.0
0;1.338144;0.10661417;2.0
0;1.2243711;0.09021076;2.0
0;1.1764834;0.08406291;2.0
0;1.1795802;0.119698144;2.0
0;1.2690152;0.14382301;2.0
0;1.186555;0.15828103;2.0
0;1.1711534;0.14731738;2.0
0;1.2443465;0.14317983;2.0
0;1.2843341;0.033626165;2.0
0;1.1879765;0.10355436;2.0
0;1.2346104;0.10670145;2.0
0;1.1892815;0.098402984;2.0
0;1.2652408;0.08755307;2.0
0;1.2960833;0.16632694;2.0
0;1.2834699;0.1284244;2.0
0;1.1574243;0.05026198;2.0
0;1.148935;0.105517946;2.0
0;1.2973973;0.15333027;2.0
0;1.1787354;0.085380614;2.0
0;1.2023216;0.16897282;2.0
0;1.2029232;0.044159446;2.0
0;1.2936108;0.079283394;2.0
0;1.1558911;0.21812348;2.0
0;1.1573124;0.009975545;2.0
0;1.1614223;0.07214236;2.0
0;1.2504312;0.090449825;2.0
0;1.1937723;0.08524281;2.0
0;1.1799471;0.15674724;2.0
0;1.1837132;0.13082369;2.0
0;1.2271305;0.16797502;2.0
0;1.1808654;0.13811113;2.0
0;1.23107;0.10150319;2.0
0;1.2276348;0.08271745;2.0
0;1.177709;0.16357078;2.0
0;1.2783113;0.16630144;2.0
0;1.2000239;0.20878653;2.0
0;1.2136971;0.080625035;2.0
0;1.2727803;0.1434055;2.0
0;1.3249245;0.020645693;2.0
0;1.1083724;0.10117041;2.0
0;1.2525281;0.13868625;2.0
0;1.1827649;0.1701157;2.0
0;1.1068954;0.11493029;2.0
0;1.1790247;0.090042844;2.0
0;1.2789937;0.14100385;2.0
0;1.1871514;0.14076051;2.0
0;1.1949643;0.094105765;2.0
0;1.1671064;0.1411533;2.0
0;1.2523367;0.14278804;2.0
0;1.2473009;0.06941928;2.0
0;1.1949332;0.096375406;2.0
0;1.1950852;0.049879603;2.0
0;1.2654912;0.09113551;2.0
0;1.2008713;0.14909744;2.0
0;1.1995308;0.15886612;2.0
0;1.13759;0.111593984;2.0
0;1.2593958;0.043260325;2.0
0;1.310315;0.11111366;2.0
0;1.2746825;0.16459411;2.0
0;1.2674557;0.0764904;2.0
0;1.1817385;0.073017456;2.0
0;1.2256548;0.068342045;2.0
0;1.2319894;0.18248743;2.0
0;1.1247553;0.12656249;2.0
0;1.253222;0.17153715;2.0
0;1.1852049;0.16135453;2.0
0;1.270748;0.0706234;2.0
0;1.1914395;0.22887924;2.0
0;1.2687585;0.11802863;2.0
0;1.1729198;0.12827796;2.0
0;1.2470412;0.091405295;2.0
0;1.2498136;0.11297733;2.0
0;1.3291076;0.08881636;2.0
0;1.2746637;0.041454133;2.0
0;1.1774169;0.16598822;2.0
0;1.2130597;0.19985618;2.0
0;1.2547177;0.10703076;2.0
0;1.1771336;0.13527606;2.0
0;1.252351;0.077766895;2.0
0;1.1952113;0.03059874;2.0
0;1.2302662;0.092033066;2.0
0;1.2171383;0.108240284;2.0
0;1.2239082;0.11149983;2.0
0;1.2108676;0.008557052;2.0
0;1.1740619;0.09736609;2.0
0;1.2463955;0.17226833;2.0
0;1.1796647;0.15174563;2.0
0;1.2811002;0.16811962;2.0
0;1.2195115;0.17485186;2.0
0;1.2565987;0.045946173;2.0
0;1.1464128;0.14990807;2.0
0;1.1545899;0.15767583;2.0
0;1.2414072;0.0;2.0
0;1.2062414;0.121310204;2.0
0;1.2165473;0.1287112;2.0
0;1.1959887;0.1848831;2.0
0;1.2095772;0.105964035;2.0
0;1.251133;0.1001322;2.0
0;1.2077054;0.14086065;2.0
0;1.1956577;0.2294999;2.0
0;1.17477;0.06877862;2.0
0;1.3266816;0.04235316;2.0
0;1.1755507;0.05209931;2.0
0;1.2826264;0.0949837;2.0
0;1.242901;0.08819291;2.0
0;1.2459322;0.07635786;2.0
0;1.2091373;0.08388518;2.0
0;1.1576867;0.11689699;2.0
0;1.2361374;0.14795695;2.0
0;1.2629098;0.07310751;2.0
0;1.1681973;0.04208534;2.0
0;1.2573059;0.18571582;2.0
0;1.0778116;0.07547141;2.0
0;1.3069661;0.05689087;2.0
0;1.1157781;0.10877158;2.0
0;1.3539958;0.105461;2.0
0;1.2725894;0.11135817;2.0
0;1.2530652;0.08326051;2.0
0;1.1775935;0.05290778;2.0
0;1.1994694;0.14516523;2.0
0;1.1885407;0.122073956;2.0
0;1.1909685;0.106942765;2.0
0;1.1457893;0.16362873;2.0
0;1.2477963;0.11685197;2.0
0;1.3341049;0.09939692;2.0
0;1.2115775;0.09237714;2.0
0;1.1960294;0.07572665;2.0
0;1.2691958;0.13942744;2.0
0;1.2184563;0.16547307;2.0
0;1.1674376;0.0680894;2.0
0;1.1232448;0.12247228;2.0
0;1.3083041;0.14357369;2.0
0;1.1708975;0.13453951;2.0
0;1.1598586;0.12802432;2.0
0;1.1671654;0.09642657;2.0
0;1.1878892;0.17577039;2.0
0;1.303202;0.11809755;2.0
0;1.2602043;0.056626927;2.0
0;0.73633385;0.57808554;3.0
0;0.7845692;0.52404463;3.0
0;0.7336181;0.575528;3.0
0;0.73041034;0.5648869;3.0
0;0.74927115;0.5943874;3.0
0;0.7096954;0.5821419;3.0
0;0.729808;0.54675025;3.0
0;0.69470155;0.44881222;3.0
0;0.7563077;0.5426865;3.0
0;0.7661353;0.54967856;3.0
0;0.7800709;0.58026797;3.0
0;0.6938755;0.43937808;3.0
0;0.6029469;0.49200848;3.0
0;0.84777457;0.57544404;3.0
0;0.74498165;0.4917726;3.0
0;0.7565775;0.53585744;3.0
0;0.7665641;0.58128226;3.0
0;0.83651614;0.55093807;3.0
0;0.6991643;0.57047576;3.0
0;0.807529;0.56633395;3.0
0;0.72189844;0.49707034;3.0
0;0.74972814;0.49216118;3.0
0;0.75054854;0.59798276;3.0
0;0.7846125;0.58921754;3.0
0;0.6944846;0.58784294;3.0
0;0.72284955;0.5499101;3.0
0;0.75108516;0.6287434;3.0
0;0.7206163;0.59509236;3.0
0;0.7380154;0.5818636;3.0
0;0.7031397;0.5584112;3.0
0;0.74794984;0.5844817;3.0
0;0.72828245;0.5424395;3.0
0;0.74555904;0.62223417;3.0
0;0.65775084;0.5330467;3.0
0;0.72801465;0.58398324;3.0
0;0.74798995;0.4432604;3.0
0;0.67793345;0.6196892;3.0
0;0.7798779;0.59381986;3.0
0;0.70505977;0.687008;3.0
0;0.7071853;0.6013972;3.0
0;0.7411603;0.6101817;3.0
0;0.6648058;0.5020603;3.0
0;0.7936302;0.54329115;3.0
0;0.748539;0.5559914;3.0
0;0.7319042;0.5302026;3.0
0;0.7472423;0.5157878;3.0
0;0.6858643;0.5515866;3.0
0;0.72773564;0.5773123;3.0
0;0.7323074;0.54304814;3.0
0;0.6226077;0.61104804;3.0
0;0.71149564;0.53340244;3.0
0;0.7505762;0.623534;3.0
0;0.73148257;0.5822205;3.0
0;0.8011718;0.5458309;3.0
0;0.81257564;0.52053124;3.0
0;0.7420114;0.5303086;3.0
0;0.6591222;0.5552529;3.0
0;0.7832308;0.55972284;3.0
0;0.7063559;0.533221;3.0
0;0.6901087;0.54460704;3.0
0;0.7096379;0.5633756;3.0
0;0.83216786;0.49605945;3.0
0;0.78415763;0.5761476;3.0
0;0.68729484;0.5318554;3.0
0;0.79176027;0.48334315;3.0
0;0.782239;0.5425537;3.0
0;0.7362083;0.58039826;3.0
0;0.7458287;0.55960125;3.0
0;0.71699274;0.6211629;3.0
0;0.7119548;0.6220445;3.0
0;0.7006036;0.60607445;3.0
0;0.72624373;0.51682174;3.0
0;0.7281192;0.5663602;3.0
0;0.7515323;0.60623753;3.0
0;0.76896703;0.570407;3.0
0;0.6581277;0.4866552;3.0
0;0.756536;0.5832481;3.0
0;0.70603555;0.5585175;3.0
0;0.77860683;0.4954141;3.0
0;0.7233413;0.5813319;3.0
0;0.79777706;0.56035626;3.0
0;0.79850405;0.5282748;3.0
0;0.70550674;0.58910745;3.0
0;0.79799265;0.58168715;3.0
0;0.7735516;0.5551526;3.0
0;0.7187396;0.53435534;3.0
0;0.70163333;0.52680033;3.0
0;0.6778972;0.5168739;3.0
0;0.7652648;0.54486114;3.0
0;0.82750773;0.56806856;3.0
0;0.7452903;0.568202;3.0
0;0.8222314;0.54250944;3.0
0;0.71934247;0.5145431;3.0
0;0.8071044;0.60081595;3.0
0;0.714252;0.573869;3.0
0;0.68638;0.5266783;3.0
0;0.7697698;0.5884794;3.0
0;0.7894919;0.55539364;3.0
0;0.76236707;0.6455177;3.0
0;0.71526253;0.58235663;3.0
0;0.74125594;0.5971078;3.0
0;0.7331582;0.49362186;3.0
0;0.7672773;0.5690067;3.0
0;0.66598237;0.56011516;3.0
0;0.75407416;0.51447713;3.0
0;0.7504597;0.49506313;3.0
0;0.72272456;0.57085127;3.0
0;0.77090245;0.4891034;3.0
0;0.675428;0.5499439;3.0
0;0.74654377;0.5586591;3.0
0;0.79040533;0.55911803;3.0
0;0.7372706;0.5148796;3.0
0;0.6984505;0.66371447;3.0
0;0.74170417;0.5513524;3.0
0;0.6582831;0.58502907;3.0
0;0.80076206;0.5084954;3.0
0;0.7575961;0.5376295;3.0
0;0.6353384;0.47950408;3.0
0;0.7444169;0.56281894;3.0
0;0.7343868;0.5936231;3.0
0;0.62958133;0.5992096;3.0
0;0.7785903;0.55373114;3.0
0;0.7167513;0.61238056;3.0
0;0.6871374;0.60813475;3.0
0;0.7011422;0.53845996;3.0
0;0.70758045;0.50325876;3.0
0;0.74551934;0.59304154;3.0
0;0.7278;0.5382739;3.0
0;0.84959143;0.53168976;3.0
0;0.6867915;0.5607142;3.0
0;0.74956506;0.58523786;3.0
0;0.74412465;0.55014414;3.0
0;0.7545646;0.5032648;3.0
0;0.7478166;0.63358575;3.0
0;0.7847753;0.5700308;3.0
0;0.7074074;0.4865561;3.0
0;0.7546693;0.591893;3.0
0;0.7374899;0.58280784;3.0
0;0.721169;0.5606818;3.0
0;0.7800971;0.48926055;3.0
0;0.7681804;0.5140865;3.0
0;0.7730491;0.50810325;3.0
0;0.73903006;0.51148635;3.0
0;0.7479538;0.5836515;3.0
0;0.7043516;0.55333674;3.0
0;0.66153824;0.5524262;3.0
0;0.78152055;0.59613496;3.0
0;0.7641969;0.58897424;3.0
0;0.7499497;0.5256322;3.0
0;0.7320404;0.5217506;3.0
0;0.7717469;0.56682956;3.0
0;0.73672414;0.52022606;3.0
0;0.71753776;0.5319862;3.0
0;0.7044932;0.5404917;3.0
0;0.75818807;0.53369737;3.0
0;0.7745335;0.5516618;3.0
0;0.71186966;0.571094;3.0
0;0.7070992;0.55720115;3.0
0;0.65122044;0.5073644;3.0
0;0.7014611;0.541935;3.0
0;0.6753292;0.52133715;3.0
0;0.7552677;0.4914008;3.0
0;0.7247433;0.5874094;3.0
0;0.75130326;0.5536344;3.0
0;0.6965982;0.55712664;3.0
0;0.7627206;0.55387557;3.0
0;0.6980969;0.56177974;3.0
0;0.77537376;0.60523796;3.0
0;0.7651705;0.59154224;3.0
0;0.81495905;0.6166855;3.0
0;0.68997544;0.5304624;3.0
0;0.75297254;0.5284646;3.0
0;0.70957965;0.5308386;3.0
0;0.78201336;0.61012787;3.0
0;0.6494646;0.5465337;3.0
0;0.7099815;0.55746955;3.0
0;0.6791821;0.5318422;3.0
0;0.7768384;0.5630605;3.0
0;0.6698382;0.5703498;3.0
0;0.7669422;0.550477;3.0
0;0.70773137;0.5826066;3.0
0;0.7384124;0.48599792;3.0
0;0.70646924;0.48499918;3.0
0;0.7185806;0.57056683;3.0
0;0.6357264;0.61202806;3.0
0;0.7828574;0.55232835;3.0
0;0.6872582;0.55700034;3.0
0;0.7565314;0.48410538;3.0
0;0.17009653;0.82043785;4.0
0;0.09457668;0.85496885;4.0
0;0.23260869;0.8559499;4.0
0;0.0606437;0.9304912;4.0
0;0.17996152;0.9432846;4.0
0;0.10122117;0.9447908;4.0
0;0.14494747;0.92355144;4.0
0;0.1529016;0.95823526;4.0
0;0.098129794;0.8519624;4.0
0;0.14095129;0.76251215;4.0
0;0.09593235;0.86385643;4.0
0;0.1891355;0.94303083;4.0
0;0.06527887;0.8890586;4.0
0;0.16547084;0.8815272;4.0
0;0.1478447;0.96452826;4.0
0;0.124983594;0.88589036;4.0
0;0.20858979;0.828983;4.0
0;0.18329094;0.85657007;4.0
0;0.1997883;0.8558946;4.0
0;0.17662345;0.7853542;4.0
0;0.29877856;0.74669224;4.0
0;0.18095364;0.82957804;4.0
0;0.17108236;0.83402073;4.0
0;0.13033712;0.8403501;4.0
0;0.3513585;0.8665718;4.0
0;0.14806575;0.8724257;4.0
0;0.15457678;0.84108156;4.0
0;0.13962336;0.85065794;4.0
0;0.104349494;0.80713284;4.0
0;0.096283086;0.85877985;4.0
0;0.0059951707;0.77744097;4.0
0;0.0;0.82076114;4.0
0;0.18001522;0.8798281;4.0
0;0.16787189;0.9161608;4.0
0;0.08433528;0.9375629;4.0
0;0.09252413;0.8241053;4.0
0;0.103595585;0.8071524;4.0
0;0.09403293;0.9250366;4.0
0;0.02224638;0.88523173;4.0
0;0.010909819;0.8694289;4.0
0;0.21668771;0.79036164;4.0
0;0.17118555;0.8008761;4.0
0;0.21199718;0.91176456;4.0
0;0.20451328;0.83736914;4.0
0;0.088170104;0.89620656;4.0
0;0.08810888;0.7805758;4.0
0;0.059380624;0.85439575;4.0
0;0.15082382;0.9510826;4.0
0;0.17351367;0.84994197;4.0
0;0.10371524;0.9045782;4.0
0;0.22949766;0.85877436;4.0
0;0.07353661;0.9361237;4.0
0;0.20906855;0.8874056;4.0
0;0.18704224;0.9006851;4.0
0;0.14628124;0.80737954;4.0
0;0.27517372;0.9829663;4.0
0;0.16290341;0.8320975;4.0
0;0.19561042;0.8745166;4.0
0;0.12717685;0.83056635;4.0
0;0.28607056;0.837058;4.0
0;0.11816451;0.7897812;4.0
0;0.08440362;0.8739386;4.0
0;0.19926868;0.87035483;4.0
0;0.15639322;0.9034098;4.0
0;0.12222177;1.0;4.0
0;0.21346287;0.85051036;4.0
0;0.24297853;0.9058566;4.0
0;0.10891159;0.81969726;4.0
0;0.075653724;0.99974805;4.0
0;0.1985626;0.8740027;4.0
0;0.12016169;0.98758805;4.0
0;0.17833279;0.8283816;4.0
0;0.1670152;0.997319;4.0
0;0.13089634;0.8675997;4.0
0;0.011443944;0.95661336;4.0
0;0.1493376;0.85567516;4.0
0;0.26553658;0.94213504;4.0
0;0.12794192;0.79618204;4.0
0;0.14896372;0.7898665;4.0
0;0.12616383;0.9370164;4.0
0;0.21260856;0.8456328;4.0
0;0.22725043;0.9896938;4.0
0;0.2536952;0.9061222;4.0
0;0.10657567;0.880419;4.0
0;0.17311259;0.88741094;4.0
0;0.16419773;0.8657309;4.0
0;0.17170434;0.94765115;4.0
0;0.16583984;0.78959394;4.0
0;0.27677554;0.81355554;4.0
0;0.14348832;0.8720065;4.0
0;0.30031678;0.8260625;4.0
0;0.21780115;0.7246774;4.0
0;0.12234728;0.9766674;4.0
0;0.24585986;0.9359728;4.0
0;0.039957438;0.89346266;4.0
0;0.10629689;0.8388346;4.0
0;0.162328;0.8351411;4.0
0;0.1680773;0.95750713;4.0
0;0.09492225;0.9733545;4.0
0;0.17740358;0.92546356;4.0
0;0.12065928;0.7302167;4.0
0;0.1943903;0.85026014;4.0
0;0.34064463;0.8515106;4.0
0;0.21610688;0.9012064;4.0
0;0.0709604;0.89855224;4.0
0;0.12946272;0.8438576;4.0
0;0.1810097;0.89852273;4.0
0;0.15765601;0.81977946;4.0
0;0.2996411;0.79657406;4.0
0;0.27633944;0.8567346;4.0
0;0.23400341;0.8626965;4.0
0;0.17167617;0.9493349;4.0
0;0.14002389;0.88034976;4.0
0;0.20453212;0.7901937;4.0
0;0.17438264;0.88691944;4.0
0;0.08933347;0.8729677;4.0
0;0.11683519;0.82146317;4.0
0;0.30435744;0.8352526;4.0
0;0.25665393;0.9156543;4.0
0;0.2276476;0.7319892;4.0
0;0.14949812;0.96688324;4.0
0;0.17120606;0.8458974;4.0
0;0.201049;0.8361159;4.0
0;0.20655984;0.76028174;4.0
0;0.16979752;0.8204785;4.0
0;0.21892616;0.75300616;4.0
0;0.14415395;0.9256712;4.0
0;0.16795556;0.840035;4.0
0;0.20566145;0.844908;4.0
0;0.21207666;0.7659822;4.0
0;0.064603336;0.8780439;4.0
0;0.1663239;0.7109828;4.0
0;0.106928214;0.7368485;4.0
0;0.15260191;0.8945108;4.0
0;0.15787037;0.8634939;4.0
0;0.18347113;0.8348646;4.0
0;0.08125117;0.8416841;4.0
0;0.20063064;0.72100246;4.0
0;0.02263993;0.76058793;4.0
0;0.1608072;0.9106923;4.0
0;0.14800969;0.913554;4.0
0;0.1379182;0.854307;4.0
0;0.12641667;0.91112083;4.0
0;0.1336685;0.8943212;4.0
0;0.103910476;0.86274993;4.0
0;0.16004716;0.938925;4.0
0;0.20965359;0.9349175;4.0
0;0.15456074;0.88549894;4.0
0;0.2139475;0.7914592;4.0
0;0.13450678;0.837632;4.0
0;0.18793045;0.86048526;4.0
0;0.18233636;0.8650718;4.0
0;0.2295929;0.8395823;4.0
0;0.15227516;0.90783095;4.0
0;0.16990477;0.7727796;4.0
0;0.059635554;0.8305118;4.0
0;0.21675381;0.8632913;4.0
0;0.22358058;0.8273089;4.0
0;0.16014422;0.8136403;4.0
0;0.21941148;0.8122408;4.0
0;0.24613781;0.90208644;4.0
0;0.19085544;0.8745552;4.0
0;0.14032009;0.8353127;4.0
0;0.1322947;0.87028927;4.0
0;0.11465699;0.86720735;4.0
0;0.19973643;0.94963706;4.0
0;0.17024519;0.8242976;4.0
0;0.28054607;0.8754661;4.0
0;0.1759397;0.8977125;4.0
0;0.04547859;0.98628896;4.0
0;0.106562555;0.90946263;4.0
0;0.22262459;0.92420655;4.0
0;0.24531054;0.83755267;4.0
0;0.085384846;0.7984641;4.0
0;0.10672363;0.9585331;4.0
0;0.27102023;0.8603393;4.0
0;0.04453348;0.75108117;4.0
0;0.08344428;0.8188277;4.0
0;0.12013087;0.75759983;4.0
0;0.014200475;0.8084529;4.0
0;0.11985098;0.8400384;4.0
0;0.08115354;0.80812067;4.0
0;0.14511272;0.9100075;4.0
0;0.2359257;0.84546393;4.0
0;0.15351132;0.8615555;4.0
0;0.11750152;0.8354434;4.0
0;0.2606695;0.9130062;4.0
0;0.20817825;0.8126795;4.0
