DY
876
2

0;1.2610879;0.25870273;1.0
0;0.23019344;0.21685019;1.0
0;1.2276677;0.28645056;1.0
0;1.0880048;0.13432948;1.0
0;0.9186678;0.20301872;1.0
0;0.7812482;0.2845848;1.0
0;1.2783301;0.18088853;1.0
0;1.3178955;0.12830716;1.0
0;1.5668337;0.24978052;1.0
0;1.2504282;0.21021725;1.0
0;1.3086427;0.18154323;1.0
0;1.1525247;0.07265598;1.0
0;0.8695198;0.02613855;1.0
0;1.3281306;0.18925707;1.0
0;0.90995693;0.055877306;1.0
0;0.35961786;0.1332668;1.0
0;0.6674784;0.18582152;1.0
0;1.3137804;0.13134296;1.0
0;0.97894406;0.22437772;1.0
0;1.0929892;0.2563763;1.0
0;1.3807694;0.18690051;1.0
0;0.9028245;0.2229151;1.0
0;1.490586;0.20706423;1.0
0;0.897962;0.19853395;1.0
0;1.1302267;0.029661078;1.0
0;0.8756864;0.25462604;1.0
0;0.94611096;0.26333892;1.0
0;0.98018336;0.26192656;1.0
0;1.137428;0.25457606;1.0
0;0.54385567;0.14531022;1.0
0;1.0367923;0.12914377;1.0
0;1.3177247;0.18770579;1.0
0;1.8092704;0.19252266;1.0
0;0.7426044;0.2927204;1.0
0;1.4331725;0.2675075;1.0
0;1.0617542;0.17062558;1.0
0;1.3686602;0.2257293;1.0
0;0.86831164;0.19601624;1.0
0;1.3883041;0.0;1.0
0;0.95201147;0.12696533;1.0
0;0.66519684;0.18911825;1.0
0;1.8810858;0.18655083;1.0
0;0.8873668;0.13819817;1.0
0;0.9431361;0.38192272;1.0
0;1.0376908;0.17434105;1.0
0;0.9552604;0.25128976;1.0
0;1.2465382;0.301767;1.0
0;1.2841288;0.23203298;1.0
0;1.2018236;0.24526063;1.0
0;1.2230104;0.08610279;1.0
0;0.44806254;0.22612797;1.0
0;0.95916885;0.21686822;1.0
0;0.821509;0.16232087;1.0
0;0.9249855;0.1589355;1.0
0;1.0763911;0.1956437;1.0
0;0.99463;0.1839552;1.0
0;1.1555651;0.111461885;1.0
0;1.0188676;0.3067102;1.0
0;0.98160607;0.25911954;1.0
0;1.1719155;0.27682084;1.0
0;0.6533888;0.13441695;1.0
0;1.3429916;0.29159927;1.0
0;0.6027746;0.18603653;1.0
0;1.1126965;0.16494425;1.0
0;1.0223885;0.29517812;1.0
0;2.0304658;0.22676812;1.0
0;1.6760898;0.29298067;1.0
0;0.9722918;0.22947548;1.0
0;0.496426;0.24256204;1.0
0;1.4497306;0.22566912;1.0
0;1.3376671;0.29006228;1.0
0;1.0657618;0.1641163;1.0
0;0.8204547;0.3201273;1.0
0;0.984823;0.19165275;1.0
0;1.5412579;0.108512364;1.0
0;1.4438287;0.055806518;1.0
0;1.1773756;0.19092913;1.0
0;1.2240007;0.26088628;1.0
0;0.838365;0.28568843;1.0
0;1.3751522;0.2016446;1.0
0;0.69613206;0.19716515;1.0
0;0.8873614;0.15384978;1.0
0;0.7738745;0.3440927;1.0
0;1.285898;0.16729473;1.0
0;1.7164282;0.14987975;1.0
0;1.5474219;0.2911558;1.0
0;1.159213;0.19573307;1.0
0;0.9433173;0.07028403;1.0
0;1.1329048;0.16000117;1.0
0;1.2826036;0.19766906;1.0
0;1.0532428;0.0866777;1.0
0;1.1251199;0.18899877;1.0
0;1.5003026;0.16805834;1.0
0;1.3559705;0.17113136;1.0
0;1.0166764;0.2634642;1.0
0;1.5519652;0.28919068;1.0
0;1.1574043;0.2519373;1.0
0;0.918535;0.1352158;1.0
0;0.7008813;0.06835701;1.0
0;1.2081473;0.2724626;1.0
0;1.2440846;0.1609519;1.0
0;0.6499101;0.20035197;1.0
0;1.0544907;0.15093976;1.0
0;0.9471531;0.20464788;1.0
0;1.0701317;0.24771139;1.0
0;1.6204226;0.24413393;1.0
0;1.4839101;0.13286985;1.0
0;1.1569377;0.10548879;1.0
0;0.9223676;0.19727574;1.0
0;0.9020972;0.20556727;1.0
0;1.1749107;0.18953192;1.0
0;0.8513537;0.18089738;1.0
0;1.5943179;0.23483597;1.0
0;0.838943;0.14038973;1.0
0;0.93091714;0.2399165;1.0
0;1.3382357;0.13564755;1.0
0;0.93563855;0.03852231;1.0
0;1.0620736;0.18513542;1.0
0;1.2642115;0.1551049;1.0
0;1.0824803;0.26290098;1.0
0;1.3107138;0.2225012;1.0
0;1.2517078;0.22676533;1.0
0;1.1042365;0.20228167;1.0
0;1.5458081;0.3095559;1.0
0;1.6730171;0.12806451;1.0
0;0.9809501;0.18396737;1.0
0;1.7749068;0.13204719;1.0
0;0.8849838;0.20739357;1.0
0;0.95008826;0.19721691;1.0
0;0.9069152;0.36274043;1.0
0;1.5693858;0.28069383;1.0
0;1.2429998;0.20304582;1.0
0;1.1325215;0.24432665;1.0
0;1.0910945;0.2428147;1.0
0;1.44744;0.30082014;1.0
0;0.8437638;0.24450442;1.0
0;1.0155168;0.25166965;1.0
0;0.99174523;0.2545567;1.0
0;1.5304888;0.19570287;1.0
0;0.8183643;0.14255016;1.0
0;0.8217944;0.28425264;1.0
0;1.4372809;0.1559253;1.0
0;1.1566554;0.26832122;1.0
0;0.91876054;0.22710225;1.0
0;0.71304405;0.16142201;1.0
0;1.2308642;0.101078376;1.0
0;1.1736909;0.1663648;1.0
0;1.5082235;0.26478302;1.0
0;1.0535257;0.117642455;1.0
0;1.1088083;0.24036695;1.0
0;1.3875175;0.26392084;1.0
0;1.1789876;0.25355822;1.0
0;1.2051992;0.27098006;1.0
0;0.9049717;0.05014114;1.0
0;1.1080709;0.15696198;1.0
0;0.8399436;0.25852898;1.0
0;0.67201453;0.1068589;1.0
0;1.270188;0.33030427;1.0
0;1.1059086;0.27624795;1.0
0;0.36459792;0.026240112;1.0
0;1.6068678;0.1467717;1.0
0;0.6970358;0.123856016;1.0
0;1.9870701;0.062466692;1.0
0;1.1590515;0.29225254;1.0
0;0.57871526;0.16444087;1.0
0;1.5212176;0.18104362;1.0
0;1.2276541;0.2892641;1.0
0;1.0436136;0.20376931;1.0
0;1.1627638;0.1838247;1.0
0;1.2971683;0.22184941;1.0
0;1.6393449;0.13576956;1.0
0;1.1890936;0.24760863;1.0
0;0.859906;0.120896295;1.0
0;1.3014985;0.16887558;1.0
0;0.7329914;0.15542361;1.0
0;0.7731466;0.3409785;1.0
0;0.99872214;0.15986782;1.0
0;0.97417676;0.110025056;1.0
0;1.4431523;0.26970154;1.0
0;1.0779217;0.038284987;1.0
0;0.9329934;0.2518028;1.0
0;1.2455574;0.099369235;1.0
0;1.2810737;0.18743655;1.0
0;1.9429405;0.2783112;1.0
0;1.2769601;0.1793296;1.0
0;1.0373131;0.31959516;1.0
0;0.85089386;0.2319258;1.0
0;1.0853351;0.2212046;1.0
0;1.4417355;0.3707985;1.0
0;0.95141435;0.13238819;1.0
0;1.2991346;0.28627348;1.0
0;1.6185114;0.22522643;1.0
0;1.5010037;0.16950455;1.0
0;1.6250414;0.29164088;1.0
0;1.6829436;0.34752932;1.0
0;1.0995623;0.14682408;1.0
0;1.0114462;0.06837454;1.0
0;1.6549548;0.22900622;1.0
0;1.0560606;0.14159918;1.0
0;1.173498;0.12777099;1.0
0;1.2284701;0.09912184;1.0
0;1.1471885;0.22989592;1.0
0;1.365753;0.21332012;1.0
0;1.1365939;0.16881701;1.0
0;1.2573264;0.2166508;1.0
0;0.9661844;0.096717216;1.0
0;0.8920317;0.08534891;1.0
0;1.0407956;0.15645665;1.0
0;1.0677207;0.3011448;1.0
0;1.0487604;0.26283845;1.0
0;1.1747527;0.14311118;1.0
0;1.0504148;0.22178282;1.0
0;1.5115192;0.15684019;1.0
0;1.2242597;0.26972392;1.0
0;1.1070125;0.29697147;1.0
0;1.1240919;0.35266262;1.0
0;1.5487552;0.30344874;1.0
0;0.9811863;0.18816847;1.0
0;0.9729732;0.18697755;1.0
0;1.07037;0.22348528;1.0
0;0.7732948;0.24295482;1.0
0;1.5881678;0.17007789;1.0
0;1.3910238;0.23229115;1.0
0;0.80617565;0.22257422;1.0
0;1.1941185;0.20086673;1.0
0;1.3607696;0.16060624;1.0
0;1.4982896;0.1855895;1.0
0;1.3041785;0.26623744;1.0
0;1.4951763;0.23335457;1.0
0;1.197589;0.18018599;1.0
0;1.0140157;0.042498775;1.0
0;0.85666376;0.27890477;1.0
0;1.5222063;0.28204802;1.0
0;1.236567;0.18825553;1.0
0;0.4411405;0.14651279;1.0
0;1.0274504;0.20814852;1.0
0;1.1176947;0.20974664;1.0
0;0.9131907;0.2126225;1.0
0;1.2592719;0.25371617;1.0
0;1.0368309;0.27198273;1.0
0;1.0075037;0.12076984;1.0
0;1.227982;0.102837905;1.0
0;1.4150704;0.13502458;1.0
0;1.013599;0.2397523;1.0
0;0.9343314;0.14899467;1.0
0;0.8147017;0.08911824;1.0
0;1.1316625;0.21747684;1.0
0;1.2405641;0.15814336;1.0
0;1.1187127;0.16331312;1.0
0;0.24536765;0.21218751;1.0
0;0.7296958;0.28079763;1.0
0;1.0997703;0.19371855;1.0
0;0.8930998;0.24646255;1.0
0;0.80890465;0.26322323;1.0
0;1.1549278;0.27431357;1.0
0;1.5878416;0.30957827;1.0
0;0.8103051;0.1663765;1.0
0;1.2117757;0.25248104;1.0
0;1.3760991;0.15784687;1.0
0;1.4390455;0.20695569;1.0
0;0.9554506;0.27922186;1.0
0;1.1993917;0.21988769;1.0
0;0.78343946;0.205515;1.0
0;0.9170667;0.29271728;1.0
0;1.009636;0.16254774;1.0
0;1.1705453;0.17189343;1.0
0;1.3714273;0.10894841;1.0
0;1.2915518;0.16393468;1.0
0;1.1923976;0.22518454;1.0
0;1.3379726;0.26887;1.0
0;0.8379384;0.25660706;1.0
0;0.34200484;0.059289493;1.0
0;1.2285371;0.1609978;1.0
0;1.0918202;0.10140172;1.0
0;1.1891309;0.06314206;1.0
0;1.3617325;0.31350175;1.0
0;1.2363547;0.2126004;1.0
0;1.1813774;0.2674081;1.0
0;0.87236935;0.1980418;1.0
0;1.2703841;0.346582;1.0
0;1.175022;0.25338838;1.0
0;1.0587225;0.38463897;1.0
0;1.1777947;0.21891965;1.0
0;1.356247;0.23688409;1.0
0;1.3743641;0.2209585;1.0
0;1.0275098;0.15081753;1.0
0;0.8246478;0.18101151;1.0
0;1.7602894;0.26818946;1.0
0;1.184855;0.092490025;1.0
0;1.1628393;0.30096692;1.0
0;0.890466;0.09083851;1.0
0;0.73457193;0.28299704;1.0
0;2.078659;0.69408286;2.0
0;2.2357984;0.8536818;2.0
0;2.1561527;0.8793133;2.0
0;2.045034;0.8099263;2.0
0;2.3284502;0.8477989;2.0
0;2.2869897;0.83463824;2.0
0;2.140409;0.7636325;2.0
0;2.2581022;0.92545855;2.0
0;2.2199938;0.85053086;2.0
0;1.9646233;0.81557095;2.0
0;2.522435;0.8177676;2.0
0;2.3660684;0.7120071;2.0
0;2.0252612;0.70208323;2.0
0;1.978472;0.76819617;2.0
0;2.4973397;0.75913185;2.0
0;2.0424578;0.81182677;2.0
0;1.8969171;0.9341427;2.0
0;3.0;0.73497754;2.0
0;2.3925734;0.757869;2.0
0;2.0371096;0.81108713;2.0
0;2.0921524;0.762731;2.0
0;1.9842596;0.8055859;2.0
0;2.3454163;0.82728994;2.0
0;2.300418;0.85019684;2.0
0;2.208346;0.8066078;2.0
0;2.300727;0.8926844;2.0
0;1.772437;0.8348612;2.0
0;2.0082755;0.7287258;2.0
0;2.4974303;0.7544525;2.0
0;2.4389577;0.73947304;2.0
0;2.0450258;0.957588;2.0
0;2.6378841;0.77458143;2.0
0;2.0212207;0.82795584;2.0
0;2.243033;0.80726796;2.0
0;2.3168256;0.723646;2.0
0;2.3775086;0.77928853;2.0
0;2.216944;0.86274457;2.0
0;1.9299009;0.7560355;2.0
0;2.0355575;0.7075637;2.0
0;1.9855773;0.77257615;2.0
0;1.4178106;0.79216915;2.0
0;2.1869595;0.8422634;2.0
0;2.4116902;0.8473505;2.0
0;2.0512228;0.88404906;2.0
0;2.3106189;0.8063487;2.0
0;2.0342772;0.7365883;2.0
0;1.8832562;0.8209951;2.0
0;2.2609656;0.80925995;2.0
0;1.8163149;0.82480097;2.0
0;1.9344862;0.96372986;2.0
0;1.9605956;0.79838914;2.0
0;1.9877211;0.8512327;2.0
0;2.2003925;0.7614621;2.0
0;2.3654156;0.8657146;2.0
0;2.3215604;0.78231746;2.0
0;1.4122093;0.78202707;2.0
0;2.1398213;0.9585029;2.0
0;2.1681728;0.77738786;2.0
0;1.9301577;0.81693596;2.0
0;2.2728581;0.8252185;2.0
0;2.3023438;0.77569515;2.0
0;2.091105;0.8415066;2.0
0;2.3762019;0.8667047;2.0
0;2.5205202;0.74537176;2.0
0;2.4694695;0.74296075;2.0
0;2.1634614;0.80744034;2.0
0;2.045419;0.7575558;2.0
0;2.4460227;0.8240718;2.0
0;1.7344446;0.9088197;2.0
0;2.0149064;0.7960276;2.0
0;2.2230327;0.85811764;2.0
0;2.1872904;0.8373747;2.0
0;2.3057745;0.7237898;2.0
0;1.9008737;0.83442533;2.0
0;2.0346696;0.75287414;2.0
0;2.4539552;0.88850087;2.0
0;2.5211787;0.86499816;2.0
0;2.2147393;0.9026584;2.0
0;1.7933359;0.8100432;2.0
0;2.0532808;0.76392287;2.0
0;2.044652;0.7702282;2.0
0;2.12321;0.85981923;2.0
0;2.468883;0.8309687;2.0
0;2.5671883;0.82873285;2.0
0;1.8285782;0.8071123;2.0
0;2.371986;0.7255534;2.0
0;2.2281022;0.9007;2.0
0;2.4413064;0.82889646;2.0
0;2.4197838;0.75114393;2.0
0;1.8159833;0.7624558;2.0
0;2.0650554;0.7974025;2.0
0;2.3633502;0.81427777;2.0
0;2.3053904;0.83590305;2.0
0;2.7800074;0.7522781;2.0
0;2.410224;0.84137845;2.0
0;2.0746448;0.8716307;2.0
0;2.6876874;0.8125782;2.0
0;2.1789799;1.0;2.0
0;2.6240714;0.82854605;2.0
0;2.2009382;0.707972;2.0
0;2.1527288;0.76258475;2.0
0;2.3102465;0.84895885;2.0
0;1.6457195;0.84795415;2.0
0;2.7101254;0.8982073;2.0
0;2.239431;0.8088598;2.0
0;2.8707714;0.76224995;2.0
0;1.6787384;0.75611866;2.0
0;2.3880093;0.7338001;2.0
0;2.1127386;0.8319697;2.0
0;2.424959;0.76706;2.0
0;2.0074563;0.816405;2.0
0;1.9833298;0.82463616;2.0
0;2.5436666;0.834544;2.0
0;1.9938943;0.7732693;2.0
0;1.9194412;0.79929066;2.0
0;2.4404733;0.90590096;2.0
0;2.0292544;0.8630645;2.0
0;1.8879435;0.873704;2.0
0;2.349852;0.8386109;2.0
0;2.240417;0.8671572;2.0
0;2.6439276;0.9195423;2.0
0;2.256481;0.88341516;2.0
0;1.9467814;0.7746597;2.0
0;2.0723786;0.9422722;2.0
0;2.3832834;0.7345356;2.0
0;2.1485147;0.88974047;2.0
0;2.1555665;0.8346299;2.0
0;2.132797;0.766673;2.0
0;2.3417192;0.9477223;2.0
0;1.84409;0.7117793;2.0
0;2.4436717;0.8508681;2.0
0;2.1247606;0.89292645;2.0
0;1.7290771;0.91646457;2.0
0;2.0610318;0.6898629;2.0
0;2.2709165;0.8167466;2.0
0;1.949157;0.8844881;2.0
0;2.1970212;0.77063155;2.0
0;2.386316;0.7854658;2.0
0;2.2527695;0.7971843;2.0
0;2.0233946;0.8119422;2.0
0;2.0536385;0.75370044;2.0
0;2.019236;0.8249057;2.0
0;2.0821066;0.76395863;2.0
0;2.1420243;0.7313234;2.0
0;2.073036;0.9268017;2.0
0;1.8408848;0.9045171;2.0
0;1.7915328;0.80522007;2.0
0;2.3852813;0.78135633;2.0
0;2.5896685;0.7827562;2.0
0;2.2855673;0.8369776;2.0
0;2.4009216;0.9184717;2.0
0;2.0210943;0.86703753;2.0
0;2.3412101;0.804851;2.0
0;2.105044;0.70001346;2.0
0;2.3355184;0.8087931;2.0
0;2.0093472;0.78727406;2.0
0;2.6496625;0.7755647;2.0
0;2.310461;0.71641064;2.0
0;2.2661;0.7448158;2.0
0;2.5229955;0.8502473;2.0
0;2.1954513;0.8248206;2.0
0;2.4901013;0.7371093;2.0
0;2.056758;0.7475791;2.0
0;2.2877946;0.7521444;2.0
0;2.1922805;0.89163285;2.0
0;2.7540104;0.7878841;2.0
0;2.464971;0.7580034;2.0
0;2.4672787;0.8956931;2.0
0;2.0709991;0.72983456;2.0
0;2.1959314;0.95112723;2.0
0;1.9803989;0.8823881;2.0
0;2.166973;0.77684283;2.0
0;2.1641111;0.8873364;2.0
0;2.7297177;0.8300258;2.0
0;2.2970707;0.738347;2.0
0;2.313831;0.81431305;2.0
0;2.5771165;0.8227529;2.0
0;2.2195854;0.9179519;2.0
0;2.5495236;0.728309;2.0
0;2.2491746;0.857476;2.0
0;1.8657959;0.8292213;2.0
0;1.9488537;0.7215202;2.0
0;2.0952024;0.7273438;2.0
0;1.9954693;0.7998548;2.0
0;2.2596054;0.7090515;2.0
0;2.3410628;0.8552571;2.0
0;2.147646;0.7831284;2.0
0;2.0586977;0.8664701;2.0
0;2.2134957;0.74061453;2.0
0;2.1881943;0.8143051;2.0
0;2.2253273;0.7341964;2.0
0;1.8240583;0.87281007;2.0
0;1.9941401;0.74669695;2.0
0;2.1788836;0.8679625;2.0
0;2.052805;0.84685385;2.0
0;2.4108894;0.80975014;2.0
0;1.9206753;0.8018885;2.0
0;1.9227529;0.81505114;2.0
0;2.1070118;0.6935402;2.0
0;1.9007738;0.88894165;2.0
0;1.8894281;0.80425423;2.0
0;2.2575731;0.7854278;2.0
0;2.5658188;0.7532155;2.0
0;2.3275037;0.9015161;2.0
0;2.0993607;0.80356437;2.0
0;2.4984734;0.8285706;2.0
0;2.3725343;0.8200959;2.0
0;1.9256382;0.81970394;2.0
0;2.1375685;0.703358;2.0
0;2.0852413;0.795518;2.0
0;2.197711;0.7861471;2.0
0;1.9314849;0.7639918;2.0
0;2.3824892;0.8439513;2.0
0;1.705607;0.818221;2.0
0;2.0635521;0.7972775;2.0
0;2.0064046;0.8657785;2.0
0;2.0676172;0.8685139;2.0
0;2.0540957;0.7177634;2.0
0;2.4472067;0.7615146;2.0
0;2.1993587;0.8027698;2.0
0;1.9156169;0.6865172;2.0
0;2.2444901;0.7819992;2.0
0;2.156125;0.6719223;2.0
0;2.2478263;0.82284397;2.0
0;2.3554046;0.8999265;2.0
0;2.2208033;0.86822844;2.0
0;2.0714033;0.8707412;2.0
0;2.6521506;0.8615898;2.0
0;2.1538563;0.7950032;2.0
0;2.3764448;0.8286669;2.0
0;2.3933766;0.8029619;2.0
0;1.9852371;0.8283871;2.0
0;2.3916788;0.8792875;2.0
0;2.2710733;0.8179463;2.0
0;2.0964317;0.8934403;2.0
0;2.1781743;0.83792037;2.0
0;2.2956188;0.92071986;2.0
0;2.3581269;0.8574622;2.0
0;2.5360634;0.8507313;2.0
0;2.051031;0.81317633;2.0
0;1.8916256;0.8688722;2.0
0;2.117715;0.86306214;2.0
0;1.8386174;0.91006994;2.0
0;1.8862929;0.78646904;2.0
0;1.8978163;0.8260091;2.0
0;2.6209898;0.8357459;2.0
0;2.0469038;0.90173346;2.0
0;2.4591942;0.816503;2.0
0;1.9525583;0.82870007;2.0
0;2.3939552;0.73012066;2.0
0;2.082984;0.8277871;2.0
0;2.4692526;0.7653052;2.0
0;2.2619958;0.8355499;2.0
0;2.126321;0.8740405;2.0
0;2.410236;0.7672846;2.0
0;2.358595;0.8415548;2.0
0;1.8547947;0.8455736;2.0
0;2.1215296;0.9289266;2.0
0;2.1372638;0.88558203;2.0
0;2.6028955;0.8772041;2.0
0;2.0326734;0.79951936;2.0
0;1.8701;0.81159574;2.0
0;2.1108377;0.7241968;2.0
0;2.0534267;0.75350505;2.0
0;2.2320268;0.81482655;2.0
0;1.8623519;0.77443933;2.0
0;2.3389204;0.9010852;2.0
0;2.1939044;0.8211073;2.0
0;1.9567105;0.78526974;2.0
0;1.9961919;0.82408404;2.0
0;2.7008939;0.7867639;2.0
0;2.1826105;0.72677284;2.0
0;2.051262;0.75166166;2.0
0;2.3323798;0.82052356;2.0
0;2.2098846;0.8750169;2.0
0;2.448095;0.7895007;2.0
0;2.1095119;0.80580133;2.0
0;2.1843061;0.75247383;2.0
0;2.0991125;0.9313178;2.0
0;1.9631484;0.80985326;2.0
0;1.7880089;0.7960619;2.0
0;2.0590906;0.9054942;2.0
0;2.2139618;0.73432595;2.0
0;2.598411;0.75418425;2.0
0;2.1256669;0.8204074;2.0
0;1.9318682;0.7701783;2.0
0;2.244163;0.71530735;2.0
0;2.705611;0.8479269;2.0
0;1.8716304;0.8180052;2.0
0;2.262712;0.9160542;2.0
0;2.538117;0.87810403;2.0
0;2.2115476;0.7952826;2.0
0;0.18798086;0.5139981;3.0
0;0.4116993;0.40296388;3.0
0;0.33671385;0.42303517;3.0
0;0.6129294;0.41618887;3.0
0;0.64158165;0.4378245;3.0
0;0.33568156;0.43365932;3.0
0;0.47725242;0.3987988;3.0
0;0.39775956;0.4158156;3.0
0;0.6869335;0.32067454;3.0
0;0.33957022;0.44565266;3.0
0;0.28223002;0.41318452;3.0
0;0.11961606;0.4552361;3.0
0;0.16377543;0.42281753;3.0
0;0.33754355;0.38955125;3.0
0;0.35025826;0.4137191;3.0
0;0.42473197;0.34935778;3.0
0;0.5167006;0.39936498;3.0
0;0.6353929;0.40387052;3.0
0;0.462955;0.41161537;3.0
0;0.23739505;0.35530588;3.0
0;0.5056824;0.4484468;3.0
0;0.34634402;0.41830352;3.0
0;0.30079913;0.36287233;3.0
0;0.31019777;0.42935285;3.0
0;0.33856404;0.43169618;3.0
0;0.31456673;0.46388018;3.0
0;0.32887018;0.37428814;3.0
0;0.4662179;0.5242669;3.0
0;0.5591053;0.49775118;3.0
0;0.46201038;0.41562408;3.0
0;0.52064407;0.3446859;3.0
0;0.60046214;0.4258366;3.0
0;0.22993357;0.43222836;3.0
0;0.5401683;0.41414267;3.0
0;0.426187;0.3969661;3.0
0;0.5804231;0.44426805;3.0
0;0.49639535;0.43689352;3.0
0;0.2836138;0.35963297;3.0
0;0.31235284;0.50608456;3.0
0;0.44569248;0.38323364;3.0
0;0.690313;0.38309923;3.0
0;0.19810772;0.3894737;3.0
0;0.6467101;0.3594734;3.0
0;0.26956677;0.43753725;3.0
0;0.42804277;0.4722572;3.0
0;0.20328575;0.40854895;3.0
0;0.4928375;0.47588024;3.0
0;0.5438917;0.3820256;3.0
0;0.37589657;0.3948964;3.0
0;0.5791603;0.481782;3.0
0;0.0;0.4818611;3.0
0;0.61317146;0.29525143;3.0
0;0.8255757;0.37634978;3.0
0;0.58870006;0.43028405;3.0
0;0.7379344;0.4469721;3.0
0;0.49562567;0.34040564;3.0
0;0.8064598;0.47312707;3.0
0;0.57208407;0.3947113;3.0
0;0.7490386;0.37442717;3.0
0;0.5724205;0.47453764;3.0
0;0.51179785;0.44128683;3.0
0;0.439811;0.4261966;3.0
0;0.7639312;0.3664549;3.0
0;0.43058413;0.36328822;3.0
0;0.26521966;0.40057996;3.0
0;0.24643058;0.41947287;3.0
0;0.2201162;0.40069824;3.0
0;0.16042162;0.43225917;3.0
0;0.44386876;0.47224718;3.0
0;0.60505867;0.36929667;3.0
0;0.5905683;0.4151235;3.0
0;0.33154735;0.3699463;3.0
0;0.48854935;0.4005941;3.0
0;0.27551323;0.47365555;3.0
0;0.59429336;0.35518488;3.0
0;0.6497571;0.43280792;3.0
0;0.5344678;0.50541043;3.0
0;0.5523845;0.51137245;3.0
0;0.040317927;0.39428118;3.0
0;0.43489438;0.47690895;3.0
0;0.47297525;0.42148387;3.0
0;0.2509592;0.33707967;3.0
0;0.30083424;0.37905854;3.0
0;0.706136;0.46045867;3.0
0;0.3383478;0.4479015;3.0
0;0.20578349;0.39318663;3.0
0;0.41850883;0.43065098;3.0
0;0.20770752;0.44971964;3.0
0;0.47829214;0.39543083;3.0
0;0.67051196;0.4192105;3.0
0;0.2984214;0.45678088;3.0
0;0.63143533;0.3641725;3.0
0;0.4805833;0.49890283;3.0
0;0.3313573;0.39856726;3.0
0;0.48364705;0.3760305;3.0
0;0.55212986;0.4185268;3.0
0;0.34543198;0.39285848;3.0
0;0.58583343;0.38579053;3.0
0;0.31907278;0.45734984;3.0
0;0.6558695;0.4149711;3.0
0;0.4791685;0.37792984;3.0
0;0.48522592;0.43473884;3.0
0;0.29147664;0.43124682;3.0
0;0.6787635;0.41971856;3.0
0;0.48757333;0.41542304;3.0
0;0.5921072;0.48534843;3.0
0;0.49616498;0.40132567;3.0
0;0.43116486;0.43517166;3.0
0;0.58836734;0.5380779;3.0
0;0.51808345;0.46872732;3.0
0;0.48651057;0.33782586;3.0
0;0.50607264;0.3648046;3.0
0;0.6100336;0.43427068;3.0
0;0.42481935;0.4234042;3.0
0;0.38687906;0.44697118;3.0
0;0.45935792;0.45313454;3.0
0;0.69174653;0.38272488;3.0
0;0.35204533;0.4385158;3.0
0;0.20714942;0.35178953;3.0
0;0.5059704;0.49716088;3.0
0;0.31765723;0.38076273;3.0
0;0.22487444;0.38313478;3.0
0;0.45264006;0.46763754;3.0
0;0.45347726;0.4114267;3.0
0;0.29366982;0.41671968;3.0
0;0.6840882;0.38967854;3.0
0;0.59310144;0.36542115;3.0
0;0.35752296;0.3973058;3.0
0;0.080444135;0.3709915;3.0
0;0.3584401;0.43909964;3.0
0;0.44283575;0.38053566;3.0
0;0.36683613;0.43398806;3.0
0;0.52477425;0.43862534;3.0
0;0.3289041;0.39468676;3.0
0;0.39181632;0.42638487;3.0
0;0.19052494;0.44444308;3.0
0;0.32639965;0.39786345;3.0
0;0.5321604;0.383578;3.0
0;0.64264804;0.44091558;3.0
0;0.2973391;0.41794437;3.0
0;0.42010856;0.3387401;3.0
0;0.36537796;0.5281492;3.0
0;0.3839808;0.48406535;3.0
0;0.24869657;0.45516196;3.0
0;0.6343302;0.3483623;3.0
0;0.42476046;0.38020125;3.0
0;0.28102848;0.35831237;3.0
0;0.5655848;0.4019627;3.0
0;0.33168912;0.46355537;3.0
0;0.6829083;0.34924456;3.0
0;0.8038736;0.34866703;3.0
0;0.60989624;0.40206125;3.0
0;0.46397933;0.4504311;3.0
0;0.62634486;0.47028106;3.0
0;0.17733625;0.45345187;3.0
0;0.4301918;0.44173676;3.0
0;0.43370456;0.38092092;3.0
0;0.42213547;0.39405364;3.0
0;0.40523666;0.4123798;3.0
0;0.38554242;0.48168907;3.0
0;0.4401633;0.45384026;3.0
0;0.46730456;0.36697486;3.0
0;0.75496256;0.42029068;3.0
0;0.4022476;0.40765157;3.0
0;0.48105955;0.45302472;3.0
0;0.4913227;0.44432998;3.0
0;0.52598804;0.37026733;3.0
0;0.17380054;0.39683577;3.0
0;0.25678065;0.46687183;3.0
0;0.7882515;0.40185356;3.0
0;0.7308498;0.48358867;3.0
0;0.6584493;0.4248548;3.0
0;0.37137187;0.34932482;3.0
0;0.57913196;0.46327153;3.0
0;0.77249604;0.48842302;3.0
0;0.48059773;0.45177853;3.0
0;0.33315277;0.38542682;3.0
0;0.6325309;0.4297745;3.0
0;0.7751972;0.48665798;3.0
0;0.58657706;0.42925197;3.0
0;0.42766374;0.34408382;3.0
0;0.34760484;0.4132571;3.0
0;0.43803057;0.46277997;3.0
0;0.677925;0.45520702;3.0
0;0.04227287;0.38605213;3.0
0;0.5282292;0.47867924;3.0
0;0.21675196;0.43163243;3.0
0;0.41220957;0.40477473;3.0
0;0.32254446;0.43366688;3.0
0;0.73674494;0.44735903;3.0
0;0.28181294;0.36341697;3.0
0;0.65905863;0.37395692;3.0
0;0.31003606;0.42492995;3.0
0;0.39533204;0.35964066;3.0
0;0.1932958;0.50801516;3.0
0;0.4433847;0.5465685;3.0
0;0.5575206;0.43349898;3.0
0;0.43905535;0.4446554;3.0
0;0.32083356;0.40063354;3.0
0;0.4597729;0.3859931;3.0
0;0.26973605;0.41529372;3.0
0;0.6974253;0.42816123;3.0
0;0.6605796;0.32664296;3.0
0;0.5291248;0.36614978;3.0
0;0.34973228;0.37582138;3.0
0;0.77125967;0.46258506;3.0
0;0.35415268;0.4095682;3.0
0;0.5031327;0.4752763;3.0
0;0.18789163;0.46630827;3.0
0;0.22310454;0.39540744;3.0
0;0.40543926;0.39463213;3.0
0;0.6337182;0.4049656;3.0
0;0.9016063;0.4150833;3.0
0;0.33463055;0.45933333;3.0
0;0.29515898;0.4431597;3.0
0;0.49410683;0.43951115;3.0
0;0.4424879;0.43110642;3.0
0;0.432095;0.33967745;3.0
0;0.41516078;0.41910037;3.0
0;0.34469283;0.39184266;3.0
0;0.47715586;0.41329044;3.0
0;0.60472715;0.40573817;3.0
0;0.4659462;0.5092168;3.0
0;0.2695865;0.37280282;3.0
0;0.2794414;0.44856763;3.0
0;0.5023235;0.40420732;3.0
0;0.5962423;0.36819184;3.0
0;0.39014244;0.51646;3.0
0;0.6287439;0.45702755;3.0
0;0.5314939;0.48147976;3.0
0;0.31009474;0.41037217;3.0
0;0.5965526;0.49445638;3.0
0;0.42454404;0.4786802;3.0
0;0.4579807;0.41051027;3.0
0;0.4487104;0.4287882;3.0
0;0.12441768;0.43371806;3.0
0;0.4869005;0.3997423;3.0
0;0.5277929;0.37260664;3.0
0;0.66431046;0.39735824;3.0
0;0.5991022;0.5123858;3.0
0;0.46338317;0.4422231;3.0
0;0.3977635;0.38125005;3.0
0;0.32910532;0.45400524;3.0
0;0.49490583;0.34410208;3.0
0;0.44862735;0.4166843;3.0
0;0.26169825;0.4186031;3.0
0;0.63621616;0.47221726;3.0
0;0.119040795;0.4457024;3.0
0;0.7353793;0.43555957;3.0
0;0.5811701;0.36900577;3.0
0;0.386922;0.4402047;3.0
0;0.28932142;0.41886717;3.0
0;0.74669904;0.42770627;3.0
0;0.62593555;0.44812095;3.0
0;0.61841744;0.39010125;3.0
0;0.20334777;0.40197167;3.0
0;0.3986602;0.44625098;3.0
0;0.4157452;0.40220264;3.0
0;0.18348539;0.36852458;3.0
0;0.338115;0.4243643;3.0
0;0.55338573;0.39162537;3.0
0;0.51130486;0.37591866;3.0
0;0.5344543;0.4358742;3.0
0;0.6351081;0.3973256;3.0
0;0.510507;0.405054;3.0
0;0.20877594;0.49674585;3.0
0;0.33925903;0.43861213;3.0
0;0.47296184;0.40966308;3.0
0;0.6055263;0.45690584;3.0
0;0.34869158;0.4084542;3.0
0;0.62840265;0.3368677;3.0
0;0.4535054;0.49403062;3.0
0;0.32640925;0.41891307;3.0
0;0.45207494;0.42403635;3.0
0;0.38195533;0.41044655;3.0
0;0.21157992;0.41063434;3.0
0;0.42485738;0.39130414;3.0
0;0.34344342;0.40586448;3.0
0;0.42030072;0.46421897;3.0
0;0.6380658;0.3798943;3.0
0;0.52600217;0.41177762;3.0
0;0.53144604;0.42217177;3.0
0;0.67056936;0.48845723;3.0
0;0.16951478;0.38004375;3.0
0;0.5481833;0.39531618;3.0
0;0.12027989;0.40742967;3.0
0;0.3571282;0.41490036;3.0
0;0.13904527;0.39967522;3.0
0;0.6823788;0.43257612;3.0
0;0.30160925;0.3818276;3.0
0;0.3549391;0.42298347;3.0
0;0.43038386;0.36534083;3.0
