DY
1001
2

0;0.62592775;0.37657654;1.0
0;0.635833;0.7139661;1.0
0;0.17157432;0.40342614;1.0
0;0.5462201;0.61055833;1.0
0;0.63626707;0.70862347;1.0
0;0.44961756;0.43602952;1.0
0;0.2839888;0.45249903;1.0
0;0.49663794;0.46829855;1.0
0;0.5543274;0.42163876;1.0
0;0.6529866;0.55502015;1.0
0;0.36935046;0.32483223;1.0
0;0.37740788;0.44927406;1.0
0;0.5996427;0.4550254;1.0
0;0.37187392;0.4332274;1.0
0;0.3027673;0.25850475;1.0
0;0.44348627;0.41143882;1.0
0;0.42625415;0.784619;1.0
0;0.4719503;0.3927002;1.0
0;0.47890705;0.64552414;1.0
0;0.57800883;0.400628;1.0
0;0.13531129;0.41046464;1.0
0;0.4103106;0.48863375;1.0
0;0.44020343;0.48511204;1.0
0;0.2744624;0.2157719;1.0
0;0.48862362;0.36964256;1.0
0;0.779145;0.5792552;1.0
0;0.21548901;0.6314624;1.0
0;0.25901562;0.6159704;1.0
0;0.48599398;0.3343883;1.0
0;0.36805257;0.04891674;1.0
0;0.35241377;0.34937325;1.0
0;0.5185854;0.74449277;1.0
0;0.27611998;0.6137004;1.0
0;0.21696773;0.47380352;1.0
0;0.08803658;0.6544003;1.0
0;0.45543772;0.45418647;1.0
0;0.16150035;0.37241828;1.0
0;0.4633097;0.41208833;1.0
0;0.50384355;0.3087294;1.0
0;0.60336524;0.37194726;1.0
0;0.29942837;0.6834359;1.0
0;0.25943524;0.055763256;1.0
0;0.49602407;0.683695;1.0
0;0.53717774;0.59992325;1.0
0;0.46414226;0.5932262;1.0
0;0.36085814;0.44651398;1.0
0;0.57435095;0.5521743;1.0
0;0.3983799;0.71400535;1.0
0;0.42888406;0.13965143;1.0
0;0.18849927;0.63087404;1.0
0;0.41517085;0.47903;1.0
0;0.4652482;0.5583378;1.0
0;0.45914727;0.51049304;1.0
0;0.5688246;0.20250921;1.0
0;0.1418049;0.7185277;1.0
0;0.4565733;0.22589819;1.0
0;0.47686788;0.63620573;1.0
0;0.48778298;0.4585082;1.0
0;0.52789354;0.6018953;1.0
0;0.69925606;0.43146232;1.0
0;0.3242488;0.3403956;1.0
0;0.24312665;0.2242882;1.0
0;0.19291274;0.5294676;1.0
0;0.60214037;0.41140413;1.0
0;0.44779974;0.60427606;1.0
0;0.535675;0.5116899;1.0
0;0.63524747;0.32722384;1.0
0;0.3040976;0.599736;1.0
0;0.2508724;0.68404114;1.0
0;0.43723115;0.6192259;1.0
0;0.32394382;0.5447762;1.0
0;0.52684623;0.45606261;1.0
0;0.40902278;0.3388277;1.0
0;0.45730335;0.596637;1.0
0;0.21659128;0.38710198;1.0
0;0.5408059;0.3634594;1.0
0;0.40056726;0.6441766;1.0
0;0.39696637;0.4664042;1.0
0;0.619189;0.54308534;1.0
0;0.45284247;0.4323745;1.0
0;0.34227547;0.6921602;1.0
0;0.7332527;0.42016223;1.0
0;0.38782418;0.47373194;1.0
0;0.16949646;0.23712645;1.0
0;0.6357224;0.3341093;1.0
0;0.47477514;0.5622653;1.0
0;0.4557821;0.84758383;1.0
0;0.18895641;0.29937407;1.0
0;0.288039;0.42633224;1.0
0;0.63779724;0.6704293;1.0
0;0.30970913;0.5534209;1.0
0;0.54556036;0.663679;1.0
0;0.092026494;0.42685977;1.0
0;0.40543455;0.44031283;1.0
0;0.38022146;0.50998926;1.0
0;0.3632795;0.17388695;1.0
0;0.66403365;0.64316815;1.0
0;0.35501406;0.4692372;1.0
0;0.38437653;0.48025465;1.0
0;0.5764125;0.6720588;1.0
0;0.41977456;0.38377637;1.0
0;0.62941134;0.24795704;1.0
0;0.44686624;0.5849228;1.0
0;0.50114506;0.596316;1.0
0;0.5203611;0.38233078;1.0
0;0.4577433;0.34208354;1.0
0;0.27402782;0.6206569;1.0
0;0.17389055;0.64598083;1.0
0;0.368249;0.37655666;1.0
0;0.68713146;0.39008617;1.0
0;0.5671652;0.71772563;1.0
0;0.23864572;0.59621775;1.0
0;0.43997875;0.41411138;1.0
0;0.2926101;0.4264127;1.0
0;0.35448265;0.5542326;1.0
0;0.5026061;0.6325074;1.0
0;0.5330156;0.70464814;1.0
0;0.4591091;0.39368862;1.0
0;0.7940767;0.43972722;1.0
0;0.36447746;0.34400696;1.0
0;0.09385666;0.3991317;1.0
0;0.4785514;0.3793194;1.0
0;0.382777;0.39146978;1.0
0;0.5187679;0.3090247;1.0
0;0.48626384;0.47017422;1.0
0;0.42735177;0.6667479;1.0
0;0.57263494;0.46979058;1.0
0;0.5970443;0.59342283;1.0
0;0.15145674;0.61959267;1.0
0;0.47556695;0.2579137;1.0
0;0.6734782;0.60431886;1.0
0;0.30825195;0.5257397;1.0
0;0.47459653;0.71620387;1.0
0;0.630621;0.37838885;1.0
0;0.47023535;0.54572797;1.0
0;0.5306722;0.43805766;1.0
0;0.3719656;0.50086486;1.0
0;1.0;0.21301;1.0
0;0.5429237;0.46524802;1.0
0;0.6318087;0.2894846;1.0
0;0.25044203;0.58929724;1.0
0;0.53424495;0.37980616;1.0
0;0.5524064;0.59542745;1.0
0;0.48533684;0.5734747;1.0
0;0.683351;0.307814;1.0
0;0.10806664;0.671721;1.0
0;0.113195315;0.5906703;1.0
0;0.4351031;0.67915803;1.0
0;0.2867983;0.40985027;1.0
0;0.43665165;0.296287;1.0
0;0.7356611;0.71617484;1.0
0;0.47908375;0.4680957;1.0
0;0.29263204;0.70086974;1.0
0;0.6001032;0.5990202;1.0
0;0.5818566;0.5128308;1.0
0;0.41136435;0.7771564;1.0
0;0.5227877;0.5706815;1.0
0;0.26708257;0.33709443;1.0
0;0.33594212;0.5736328;1.0
0;0.6495868;0.4317274;1.0
0;0.45926377;0.45950526;1.0
0;0.7913893;0.47138405;1.0
0;0.5781997;0.42171052;1.0
0;0.49849045;0.38192812;1.0
0;0.23608145;0.2109774;1.0
0;0.3598677;0.4311785;1.0
0;0.32044196;0.5205433;1.0
0;0.75664103;0.39117697;1.0
0;0.44977966;0.4085062;1.0
0;0.36193794;0.36512503;1.0
0;0.28163654;0.5001425;1.0
0;0.67847574;0.37702557;1.0
0;0.5348947;0.61690956;1.0
0;0.58823395;0.41382673;1.0
0;0.4400867;0.45728487;1.0
0;0.66564184;0.5238568;1.0
0;0.17459264;0.45643538;1.0
0;0.2885237;0.68957585;1.0
0;0.41848332;0.49031416;1.0
0;0.32739943;0.64465684;1.0
0;0.68461144;0.64215493;1.0
0;0.1756588;0.4585724;1.0
0;0.29968038;0.12512329;1.0
0;0.70321417;0.5738763;1.0
0;0.43554455;0.37953597;1.0
0;0.26479912;0.41948465;1.0
0;0.12946658;0.4538133;1.0
0;0.55439156;0.46481934;1.0
0;0.52681154;0.594196;1.0
0;0.49557367;0.6893143;1.0
0;0.5405109;0.7982311;1.0
0;0.5364313;0.32855558;1.0
0;0.37895453;0.5123569;1.0
0;0.48975796;0.32567945;1.0
0;0.54534334;0.48585945;1.0
0;0.4714685;0.5760213;1.0
0;0.55032855;0.58290386;1.0
0;0.4619874;0.32510996;1.0
0;0.61013013;0.46148962;1.0
0;0.5977926;0.58421266;1.0
0;0.41706783;0.52261704;1.0
0;0.51907396;0.1716814;1.0
0;0.38016444;0.5056039;1.0
0;0.31884462;0.52606034;1.0
0;0.33520573;0.5491077;1.0
0;0.4853359;0.6167072;1.0
0;0.5567237;0.51902866;1.0
0;0.25652874;0.5124497;1.0
0;0.55884624;0.20298207;1.0
0;0.4811668;0.28625593;1.0
0;0.5958399;0.56202686;1.0
0;0.28463697;0.46735469;1.0
0;0.3527397;0.52149147;1.0
0;0.40903986;0.37052864;1.0
0;0.40596095;0.6146535;1.0
0;0.17202516;0.38743362;1.0
0;0.6076568;0.32172757;1.0
0;0.6428659;0.3117889;1.0
0;0.42550823;0.47964913;1.0
0;0.086026564;0.35363713;1.0
0;0.8977294;0.4570475;1.0
0;0.46624026;0.26599753;1.0
0;0.45167604;0.45668468;1.0
0;0.6339907;0.49485272;1.0
0;0.48082715;0.4306101;1.0
0;0.34724736;0.36487138;1.0
0;0.44975787;0.5208816;1.0
0;0.4441062;0.56938624;1.0
0;0.57969683;0.51116365;1.0
0;0.5305087;0.34198073;1.0
0;0.24494927;0.6091045;1.0
0;0.39710388;0.4594323;1.0
0;0.5377101;0.406841;1.0
0;0.25671214;0.17049961;1.0
0;0.17951618;0.39436942;1.0
0;0.4873254;0.48161772;1.0
0;0.76177776;0.49918318;1.0
0;0.4119938;0.5693515;1.0
0;0.6386034;0.5346932;1.0
0;0.36581317;0.35639638;1.0
0;0.50607353;0.39659712;1.0
0;0.31700873;0.41769162;1.0
0;0.33345726;0.3804756;1.0
0;0.57670486;0.35818747;1.0
0;0.48993346;0.3969071;1.0
0;0.6685095;0.42755556;1.0
0;0.5205815;0.48218727;1.0
0;0.5128808;0.38643205;1.0
0;0.68682706;0.4470378;1.0
0;0.112086855;0.56768423;1.0
0;0.33379117;0.73380697;1.0
0;0.39112604;0.46727097;1.0
0;0.16896722;0.66932553;1.0
0;0.45636904;0.8159977;1.0
0;0.34310672;0.30402616;1.0
0;0.66112787;0.6985813;1.0
0;0.32207128;0.39370057;1.0
0;0.1716145;0.44963127;1.0
0;0.22599314;0.6184725;1.0
0;0.5923549;0.48664653;1.0
0;0.36284235;0.44273078;1.0
0;0.37835044;0.6458122;1.0
0;0.5378028;0.44462848;1.0
0;0.3345991;0.40563414;1.0
0;0.43659675;0.5645978;1.0
0;0.46318173;0.61045176;1.0
0;0.4905729;0.4101974;1.0
0;0.5237539;0.49588126;1.0
0;0.61861485;0.6779057;1.0
0;0.6444236;0.40669084;1.0
0;0.45414424;0.28634578;1.0
0;0.1940881;0.42507246;1.0
0;0.5181066;0.29792064;1.0
0;0.32436562;0.24593624;1.0
0;0.22553438;0.15113492;1.0
0;0.5417749;0.77777624;1.0
0;0.56121814;0.2702327;1.0
0;0.4633497;0.53132117;1.0
0;0.5849102;0.62653756;1.0
0;0.45912638;0.72915107;1.0
0;0.713053;0.4521103;1.0
0;0.2833788;0.4894301;1.0
0;0.5300902;0.5979686;1.0
0;0.34995016;0.56841826;1.0
0;0.42501846;0.40674636;1.0
0;0.1360903;0.55542415;1.0
0;0.38771203;0.17425895;1.0
0;0.6590925;0.48881003;1.0
0;0.3883918;0.6001813;1.0
0;0.47903496;0.4422658;1.0
0;0.19850308;0.5300019;1.0
0;0.3422183;0.6518883;1.0
0;0.73290485;0.21064839;1.0
0;0.3832323;0.47891298;1.0
0;0.07864986;0.5478724;1.0
0;0.4005643;0.7372854;1.0
0;0.37704644;0.5798792;1.0
0;0.50019944;0.35658196;1.0
0;0.41288146;0.55161095;1.0
0;0.462135;0.33109215;1.0
0;0.6507875;0.47258672;1.0
0;0.5636934;0.3901141;1.0
0;0.364146;0.77935505;1.0
0;0.40410966;0.6591267;1.0
0;0.110473424;0.36801305;1.0
0;0.35190624;0.5999129;1.0
0;0.8516546;0.40442938;1.0
0;0.50751215;0.72771853;1.0
0;0.48612598;0.43521538;1.0
0;0.31362012;0.39086804;1.0
0;0.5543419;0.64567965;1.0
0;0.54567677;0.28284773;1.0
0;0.7055;0.6068604;1.0
0;0.69747674;0.36269668;1.0
0;0.27769506;0.46229628;1.0
0;0.37259957;0.43508112;1.0
0;0.39499983;0.48781696;1.0
0;0.32914206;0.55383426;1.0
0;0.30159786;0.68827057;1.0
0;0.48703307;0.19095008;1.0
0;0.29680753;0.6831714;1.0
0;0.06797981;0.48505008;1.0
0;0.43677574;0.46139938;1.0
0;0.327624;0.35519892;1.0
0;0.41385686;0.50584555;1.0
0;0.43393403;0.3235735;1.0
0;0.15496728;0.38998392;1.0
0;0.38839784;0.4766721;1.0
0;0.5609981;0.43071198;1.0
0;0.29950315;0.5437551;1.0
0;0.36449727;0.13356082;1.0
0;0.43232632;0.6876094;1.0
0;0.49202815;0.5344111;1.0
0;0.5782296;0.69957733;1.0
0;0.47659832;0.5361729;1.0
0;0.4334677;0.46651027;1.0
0;0.52217853;0.22682738;1.0
0;0.5374911;0.2519162;1.0
0;0.53185827;0.3944883;1.0
0;0.3981449;0.24601303;1.0
0;0.49110687;0.4452187;1.0
0;0.54471576;0.69771695;1.0
0;0.36282828;0.58817774;1.0
0;0.1985474;0.2855464;1.0
0;0.46025816;0.39503106;1.0
0;0.1961669;0.16073099;1.0
0;0.5637849;0.6644814;1.0
0;0.45117348;0.620055;1.0
0;0.44841206;0.6157312;1.0
0;0.3790351;0.30022043;1.0
0;0.8152181;0.54779214;1.0
0;0.25045508;0.5979904;1.0
0;0.21456482;0.35243282;1.0
0;0.41035634;0.5843724;1.0
0;0.36170793;0.6689905;1.0
0;0.6378049;0.5078193;1.0
0;0.6329708;0.7112869;1.0
0;0.40541387;0.4039525;1.0
0;0.7025884;0.43884218;1.0
0;0.5062833;0.36789745;1.0
0;0.50678873;0.60637313;1.0
0;0.66357136;0.4269614;1.0
0;0.40917677;0.2942438;1.0
0;0.16225795;0.60352075;1.0
0;0.56809825;0.01697936;1.0
0;0.48837778;0.6342052;1.0
0;0.39884752;0.41024843;1.0
0;0.40411928;0.6816004;1.0
0;0.34678954;0.29473603;1.0
0;0.5338074;0.5263416;1.0
0;0.5886609;0.938312;1.0
0;0.9790343;0.57251394;1.0
0;0.36264035;0.49571058;1.0
0;0.31347454;0.47589037;1.0
0;0.38482222;0.6649238;1.0
0;0.4483087;0.72734696;1.0
0;0.3842322;0.54981214;1.0
0;0.61758345;0.65540403;1.0
0;0.8264081;0.4130575;1.0
0;0.4570878;0.5087719;1.0
0;0.015324464;0.45891127;1.0
0;0.17922089;0.4254058;1.0
0;0.6300141;0.556334;1.0
0;0.48504284;0.5028252;1.0
0;0.5442662;0.58488244;1.0
0;0.35213715;0.4019022;1.0
0;0.4889685;0.6640276;1.0
0;0.4780527;0.5192495;1.0
0;0.5372543;0.5087874;1.0
0;0.28217575;0.32571086;1.0
0;0.5060537;0.60582113;1.0
0;0.3489617;0.8930959;1.0
0;0.5417157;0.6072585;1.0
0;0.6376826;0.6185903;1.0
0;0.15113084;0.30630785;1.0
0;0.1614876;0.44960797;1.0
0;0.70173275;0.42925757;1.0
0;0.40612692;0.5038363;1.0
0;0.42178392;0.585048;1.0
0;0.03687628;0.37947467;1.0
0;0.42654172;0.5296488;1.0
0;0.57239753;0.4097841;1.0
0;0.16644754;0.5012861;1.0
0;0.3706394;0.5758733;1.0
0;0.31733462;0.59642094;1.0
0;0.5003755;0.5315552;1.0
0;0.21359287;0.67426074;1.0
0;0.43702754;0.70400065;1.0
0;0.16100933;0.45944014;1.0
0;0.36200672;0.5566463;1.0
0;0.49076024;0.48527262;1.0
0;0.07231828;0.42718792;1.0
0;0.5472298;0.5083838;1.0
0;0.54788655;0.59325933;1.0
0;0.5820004;0.7123095;1.0
0;0.5298608;0.32627425;1.0
0;0.40036318;0.47304532;1.0
0;0.3255255;0.612697;1.0
0;0.15572482;0.7772601;1.0
0;0.25173512;0.647928;1.0
0;0.7743665;0.5749476;1.0
0;0.31593463;0.20541616;1.0
0;0.13787085;0.257776;1.0
0;0.2697132;0.5362742;1.0
0;0.58286023;0.30710763;1.0
0;0.21810193;0.20125514;1.0
0;0.70153064;0.32761014;1.0
0;0.61155534;0.45069766;1.0
0;0.4272567;0.5148554;1.0
0;0.385385;0.57389617;1.0
0;0.25517946;0.35652682;1.0
0;0.4153068;0.2126065;1.0
0;0.20342135;0.6691235;1.0
0;0.23906097;0.4753327;1.0
0;0.47156456;0.6025645;1.0
0;0.42589092;0.60131794;1.0
0;0.7362282;0.26159263;1.0
0;0.22892685;0.61864674;1.0
0;0.41950238;0.5683007;1.0
0;0.37159035;0.54810584;1.0
0;0.7303797;0.54534787;1.0
0;0.5239953;0.5043642;1.0
0;0.6662326;0.41612777;1.0
0;0.54863125;0.47372723;1.0
0;0.38607943;0.44493014;1.0
0;0.4639135;0.7168432;1.0
0;0.28401485;0.21831588;1.0
0;0.57182705;0.3990921;1.0
0;0.44012398;0.17212974;1.0
0;0.54168195;0.54934436;1.0
0;0.64038974;0.62510157;1.0
0;0.55174834;0.38097125;1.0
0;0.65782017;0.5555215;1.0
0;0.61530477;0.2077308;1.0
0;0.38174093;0.37926805;1.0
0;0.26086912;0.32331836;1.0
0;0.5477489;0.75521237;1.0
0;0.2480006;0.35467058;1.0
0;0.44179046;0.6743336;1.0
0;0.3320278;0.34800723;1.0
0;0.47726992;0.35235083;1.0
0;0.50899583;0.6824883;1.0
0;0.21276547;0.43487042;1.0
0;0.64141667;0.48699254;1.0
0;0.7182933;0.47759426;1.0
0;0.6045996;0.30183342;1.0
0;0.63510543;0.6905846;1.0
0;0.6515498;0.9175744;1.0
0;0.36553577;0.33704385;1.0
0;0.30845082;0.6068478;1.0
0;0.30367213;0.44976953;1.0
0;0.06073644;0.7427196;1.0
0;0.72905725;0.34634802;1.0
0;0.64033216;0.4959915;1.0
0;0.29788747;0.6369188;1.0
0;0.5518872;0.5567591;1.0
0;0.35050935;0.5451422;1.0
0;0.41718462;0.35786176;1.0
0;0.4412023;0.56010175;1.0
0;0.58344454;0.604851;1.0
0;0.637595;0.6971209;1.0
0;0.67247593;0.5598732;1.0
0;0.55415964;0.5576516;1.0
0;0.3589466;0.2476287;1.0
0;0.36013633;0.33091918;1.0
0;0.15865095;0.60027486;1.0
0;0.19081625;0.49361363;1.0
0;0.47156417;0.20439132;1.0
0;0.35751495;0.57522655;1.0
0;0.43848768;0.5005378;1.0
0;0.61334854;0.3949765;1.0
0;0.65618247;0.28347167;1.0
0;0.68339556;0.43521512;1.0
0;0.43558544;0.6762837;1.0
0;0.3561145;0.50536656;1.0
0;0.3434092;0.62419444;1.0
0;0.2775458;0.717639;1.0
0;0.8172801;0.5396777;1.0
0;0.36301693;0.33736816;1.0
0;0.33813897;0.47438923;1.0
0;0.26390213;0.4729353;1.0
0;0.18751933;0.78576237;1.0
0;0.1514221;0.5536749;1.0
0;0.18791468;0.57939297;1.0
0;0.44984117;0.4452354;1.0
0;0.28369707;0.32576862;1.0
0;0.19319832;0.32275823;1.0
0;0.3661384;0.58911926;1.0
0;0.3106293;0.80058056;1.0
0;0.3767396;0.56891066;1.0
0;0.33134735;0.68551457;1.0
0;0.27379477;0.365177;1.0
0;0.3351213;0.32295325;1.0
0;0.20541596;0.62596095;1.0
0;0.36041567;0.3967015;1.0
0;0.1604432;0.29520336;1.0
0;0.38231388;0.518977;1.0
0;0.38817212;0.51531756;1.0
0;0.4472041;0.21742272;1.0
0;0.2564394;0.37415102;1.0
0;0.5205012;0.67964375;1.0
0;0.4511049;0.31568184;1.0
0;0.6947956;0.2262811;1.0
0;0.2685559;0.57343024;1.0
0;0.35552427;0.48730975;1.0
0;0.34369028;0.6454909;1.0
0;0.57022274;0.54402065;1.0
0;0.31412992;0.46266988;1.0
0;0.55603623;0.47306448;1.0
0;0.370476;0.2403447;1.0
0;0.60431844;0.32187283;1.0
0;0.2901878;0.28640714;1.0
0;0.48988822;0.14966099;1.0
0;0.7060348;0.5401921;1.0
0;0.15885884;0.6410944;1.0
0;0.47191784;0.5552322;1.0
0;0.25595322;1.0;1.0
0;0.5342411;0.5786037;1.0
0;0.3792662;0.6204398;1.0
0;0.26522267;0.79316986;1.0
0;0.4475316;0.47205856;1.0
0;0.5806945;0.48621178;1.0
0;0.46050292;0.5589219;1.0
0;0.386634;0.4516863;1.0
0;0.28817537;0.5433829;1.0
0;0.5889004;0.67632073;1.0
0;0.63982433;0.44121698;1.0
0;0.4057808;0.64734435;1.0
0;0.347451;0.5173691;1.0
0;0.2213588;0.7546712;1.0
0;0.56146044;0.6583022;1.0
0;0.29339334;0.43344504;1.0
0;0.26422092;0.3458848;1.0
0;0.4046979;0.4849105;1.0
0;0.529021;0.5751536;1.0
0;0.62841254;0.6597982;1.0
0;0.654;0.6584788;1.0
0;0.17803949;0.38748053;1.0
0;0.35097754;0.32934007;1.0
0;0.6354137;0.6102271;1.0
0;0.56916755;0.5831412;1.0
0;0.41928193;0.51384395;1.0
0;0.27537718;0.50209194;1.0
0;0.51338184;0.66427964;1.0
0;0.60273767;0.43506342;1.0
0;0.6768851;0.42244262;1.0
0;0.6026593;0.6119069;1.0
0;0.64754874;0.5216714;1.0
0;0.48935094;0.379849;1.0
0;0.4267438;0.5045755;1.0
0;0.10125714;0.32463017;1.0
0;0.63016605;0.53184164;1.0
0;0.5229279;0.47289103;1.0
0;0.63717175;0.60255986;1.0
0;0.53757405;0.37567317;1.0
0;0.5648127;0.3215255;1.0
0;0.38149345;0.43189222;1.0
0;0.59303653;0.5088802;1.0
0;0.7126637;0.0;1.0
0;0.51906663;0.5161535;1.0
0;0.42694923;0.11275156;1.0
0;0.439098;0.45470944;1.0
0;0.2115296;0.73313785;1.0
0;0.34356478;0.43888983;1.0
0;0.46954992;0.50033206;1.0
0;0.38408583;0.42945862;1.0
0;0.42801058;0.6523176;1.0
0;0.5133151;0.53263324;1.0
0;0.5026305;0.33796775;1.0
0;0.42159915;0.56995344;1.0
0;0.45511883;0.54386705;1.0
0;0.35216606;0.50209373;1.0
0;0.4116107;0.4539742;1.0
0;0.52267754;0.3956166;1.0
0;0.30283612;0.5674221;1.0
0;0.56343436;0.4998153;1.0
0;0.36113492;0.65166193;1.0
0;0.4489596;0.55707073;1.0
0;0.5124921;0.2840206;1.0
0;0.36811584;0.43658853;1.0
0;0.42522424;0.5734441;1.0
0;0.28794768;0.4369084;1.0
0;0.2739855;0.656168;1.0
0;0.6796638;0.24491711;1.0
0;0.59174013;0.4550169;1.0
0;0.42598936;0.28888375;1.0
0;0.1862027;0.5881512;1.0
0;0.30712926;0.518178;1.0
0;0.20681567;0.5971144;1.0
0;0.44126764;0.2523076;1.0
0;0.33297154;0.32797036;1.0
0;0.6018221;0.6996714;1.0
0;0.46677405;0.4491478;1.0
0;0.3210745;0.34185928;1.0
0;0.40494406;0.3878317;1.0
0;0.5308251;0.23705992;1.0
0;0.36652374;0.51712567;1.0
0;0.40435392;0.4418964;1.0
0;0.17598626;0.5427025;1.0
0;0.5532251;0.30844223;1.0
0;0.4751282;0.5104876;1.0
0;0.6444816;0.5012465;1.0
0;0.6249635;0.6485891;1.0
0;0.27801532;0.3850471;1.0
0;0.28319812;0.65826213;1.0
0;0.60680085;0.4132297;1.0
0;0.31749463;0.83961076;1.0
0;0.27118233;0.41314435;1.0
0;0.7279635;0.23853955;1.0
0;0.4351222;0.6332306;1.0
0;0.48403537;0.5096726;1.0
0;0.65573525;0.4109411;1.0
0;0.37968072;0.36012623;1.0
0;0.3825339;0.6957368;1.0
0;0.60940814;0.3453338;1.0
0;0.12417745;0.5284666;1.0
0;0.32414517;0.3549659;1.0
0;0.41403508;0.81102735;1.0
0;0.53206384;0.42979446;1.0
0;0.70270574;0.4081914;1.0
0;0.43706682;0.3328322;1.0
0;0.23793657;0.49106878;1.0
0;0.46524957;0.54078025;1.0
0;0.1178721;0.2817439;1.0
0;0.35089147;0.6178387;1.0
0;0.42504644;0.6835663;1.0
0;0.38679913;0.3894282;1.0
0;0.5397341;0.4165949;1.0
0;0.55990475;0.44652352;1.0
0;0.3299497;0.50987834;1.0
0;0.53560483;0.56944484;1.0
0;0.4332413;0.51846904;1.0
0;0.56374216;0.6286153;1.0
0;0.27248985;0.7284782;1.0
0;0.27664644;0.54566073;1.0
0;0.48747608;0.25409383;1.0
0;0.58383995;0.76132584;1.0
0;0.58971024;0.6806533;1.0
0;0.2976795;0.19789267;1.0
0;0.449766;0.39252332;1.0
0;0.22472583;0.8295887;1.0
0;0.52689254;0.29424512;1.0
0;0.4022036;0.55717164;1.0
0;0.39117944;0.08360186;1.0
0;0.49527752;0.61461234;1.0
0;0.47607723;0.65882564;1.0
0;0.57706964;0.29179165;1.0
0;0.57941157;0.0986809;1.0
0;0.27030513;0.46027032;1.0
0;0.45470956;0.42968133;1.0
0;0.65079457;0.64167744;1.0
0;0.2134556;0.4567142;1.0
0;0.4598011;0.38831857;1.0
0;0.20764978;0.42423585;1.0
0;0.4773189;0.2915795;1.0
0;0.45732507;0.35358292;1.0
0;0.38212344;0.44562954;1.0
0;0.4720231;0.3541178;1.0
0;0.45671704;0.51157224;1.0
0;0.5212646;0.30382195;1.0
0;0.5042517;0.5875212;1.0
0;0.4464351;0.6622881;1.0
0;0.49648815;0.738108;1.0
0;0.5090675;0.36817804;1.0
0;0.65238154;0.43126372;1.0
0;0.31217843;0.5618749;1.0
0;0.3759109;0.46265113;1.0
0;0.29857656;0.7075437;1.0
0;0.3613031;0.85466844;1.0
0;0.7738713;0.6071096;1.0
0;0.7868515;0.2010974;1.0
0;0.37107152;0.35604203;1.0
0;0.57108676;0.51692116;1.0
0;0.48279905;0.4778288;1.0
0;0.3395978;0.2984646;1.0
0;0.6125786;0.5269171;1.0
0;0.5522922;0.5733631;1.0
0;0.31999698;0.63116944;1.0
0;0.38849592;0.42192188;1.0
0;0.4593081;0.54646415;1.0
0;0.35585862;0.61307657;1.0
0;0.20656693;0.44093713;1.0
0;0.48409724;0.2898387;1.0
0;0.35034335;0.57621443;1.0
0;0.5257247;0.53050566;1.0
0;0.43808076;0.17906392;1.0
0;0.28328863;0.6588696;1.0
0;0.5200299;0.43438822;1.0
0;0.31307772;0.5476519;1.0
0;0.37111884;0.6551919;1.0
0;0.2746425;0.39126477;1.0
0;0.3362295;0.6050626;1.0
0;0.46167275;0.55151415;1.0
0;0.36033902;0.48695636;1.0
0;0.62482023;0.4793747;1.0
0;0.6825656;0.09993762;1.0
0;0.62442106;0.31583643;1.0
0;0.45007414;0.3962163;1.0
0;0.5813029;0.38424742;1.0
0;0.4253757;0.5984713;1.0
0;0.5479627;0.6048944;1.0
0;0.64946276;0.65997404;1.0
0;0.62562394;0.33129615;1.0
0;0.60176504;0.14954992;1.0
0;0.49875635;0.37464827;1.0
0;0.1996574;0.5912408;1.0
0;0.73065156;0.65294856;1.0
0;0.6552493;0.35370708;1.0
0;0.308065;0.42302895;1.0
0;0.5529118;0.70570177;1.0
0;0.24433917;0.39934817;1.0
0;0.6440401;0.5738841;1.0
0;0.39185634;0.5728037;1.0
0;0.44900268;0.4486413;1.0
0;0.45359334;0.6079308;1.0
0;0.45571718;0.08951099;1.0
0;0.45707965;0.6668126;1.0
0;0.4115884;0.5476988;1.0
0;0.27396208;0.34744963;1.0
0;0.5415337;0.38928643;1.0
0;0.36567613;0.46206284;1.0
0;0.58468074;0.5031486;1.0
0;0.6887652;0.6677126;1.0
0;0.4380949;0.63795483;1.0
0;0.5850322;0.658402;1.0
0;0.121238284;0.4675251;1.0
0;0.55662876;0.34525177;1.0
0;0.69428974;0.5025235;1.0
0;0.45513052;0.48805583;1.0
0;0.7212244;0.6388776;1.0
0;0.22487897;0.57036245;1.0
0;0.34678543;0.400243;1.0
0;0.25722077;0.755983;1.0
0;0.35810715;0.6636607;1.0
0;0.5027721;0.621709;1.0
0;0.51626384;0.50847834;1.0
0;0.5409431;0.42575297;1.0
0;0.54540837;0.41602325;1.0
0;0.4972545;0.5809247;1.0
0;0.61381716;0.5698592;1.0
0;0.62696266;0.27920142;1.0
0;0.63195235;0.42275885;1.0
0;0.27109405;0.5501192;1.0
0;0.38993466;0.3393264;1.0
0;0.30692208;0.50818324;1.0
0;0.4387515;0.49456117;1.0
0;0.45622328;0.5251794;1.0
0;0.5985747;0.5462873;1.0
0;0.54004353;0.44936448;1.0
0;0.4796823;0.513133;1.0
0;0.37782893;0.45736346;1.0
0;0.63306767;0.19528925;1.0
0;0.37847656;0.5063935;1.0
0;0.4790842;0.47035384;1.0
0;0.46144482;0.7591471;1.0
0;0.42821443;0.4768295;1.0
0;0.686363;0.5536127;1.0
0;0.21787839;0.2998835;1.0
0;0.40926635;0.34796783;1.0
0;0.357648;0.44001064;1.0
0;0.48370576;0.4315096;1.0
0;0.64047784;0.65826714;1.0
0;0.32378423;0.48011723;1.0
0;0.36043912;0.3213638;1.0
0;0.6177223;0.36248097;1.0
0;0.21550092;0.53214365;1.0
0;0.5223356;0.6166233;1.0
0;0.6933361;0.3663836;1.0
0;0.7545544;0.46879843;1.0
0;0.31566396;0.29493728;1.0
0;0.374355;0.4216769;1.0
0;0.615968;0.4623424;1.0
0;0.53781766;0.54881674;1.0
0;0.42459467;0.31599948;1.0
0;0.69174993;0.632628;1.0
0;0.3389407;0.66127354;1.0
0;0.6291892;0.71690965;1.0
0;0.61634547;0.43849653;1.0
0;0.56249934;0.4921739;1.0
0;0.35493344;0.42883372;1.0
0;0.3142198;0.49164394;1.0
0;0.57207704;0.26574162;1.0
0;0.36184236;0.49516696;1.0
0;0.29938442;0.5244401;1.0
0;0.6452042;0.5805337;1.0
0;0.42738515;0.5348132;1.0
0;0.2713729;0.64704376;1.0
0;0.48486072;0.44425452;1.0
0;0.51180905;0.3814446;1.0
0;0.50864685;0.46430022;1.0
0;0.4909058;0.50740194;1.0
0;0.13395728;0.61600214;1.0
0;0.44071284;0.32286647;1.0
0;0.52411443;0.5909618;1.0
0;0.35496837;0.6756096;1.0
0;0.37665945;0.73915297;1.0
0;0.56627774;0.6588385;1.0
0;0.39921802;0.46459752;1.0
0;0.19087005;0.3858346;1.0
0;0.57970107;0.3251138;1.0
0;0.3947861;0.21522789;1.0
0;0.56010157;0.47671902;1.0
0;0.39268553;0.5715626;1.0
0;0.45669442;0.6514651;1.0
0;0.28647864;0.60919154;1.0
0;0.6164033;0.6162305;1.0
0;0.60343766;0.6565685;1.0
0;0.582033;0.6919206;1.0
0;0.49103165;0.7166188;1.0
0;0.58789057;0.45212784;1.0
0;0.5635104;0.4081506;1.0
0;0.37273598;0.69723743;1.0
0;0.3148994;0.5595537;1.0
0;0.45693082;0.53401047;1.0
0;0.318664;0.5887989;1.0
0;0.5076805;0.7922665;1.0
0;0.19859028;0.64514333;1.0
0;0.29974526;0.52347106;1.0
0;0.17735183;0.44112545;1.0
0;0.2354641;0.21303381;1.0
0;0.634436;0.4750754;1.0
0;0.0;0.6152665;1.0
0;0.29313463;0.34144515;1.0
0;0.48851123;0.78673923;1.0
0;0.3550976;0.4806035;1.0
0;0.2505557;0.494811;1.0
0;0.39784056;0.49341354;1.0
0;0.45730615;0.309445;1.0
0;0.61778516;0.61339456;1.0
0;0.6423768;0.64978164;1.0
0;0.87605053;0.41661057;1.0
0;0.35277107;0.63077915;1.0
0;0.5438191;0.6138495;1.0
0;0.4906473;0.63821965;1.0
0;0.26966372;0.47884995;1.0
0;0.65512085;0.3924855;1.0
0;0.6008969;0.69303;1.0
0;0.2241719;0.5522497;1.0
0;0.3938928;0.42447096;1.0
0;0.5507823;0.42250735;1.0
0;0.75525385;0.56321466;1.0
0;0.2102139;0.5015243;1.0
0;0.5554036;0.20511678;1.0
0;0.042592965;0.30345532;1.0
0;0.59028655;0.51854336;1.0
0;0.2636939;0.346759;1.0
0;0.2728687;0.6596988;1.0
0;0.68218267;0.5790437;1.0
0;0.28912258;0.6374532;1.0
0;0.6803858;0.46243554;1.0
0;0.40741178;0.38182428;1.0
0;0.53713846;0.5175534;1.0
0;0.3768317;0.6914984;1.0
0;0.49461564;0.46087128;1.0
0;0.36916554;0.5469911;1.0
0;0.73786426;0.41923246;1.0
0;0.2597888;0.4373979;1.0
0;0.5242067;0.35415322;1.0
0;0.08148154;0.8364995;1.0
0;0.3022923;0.30220407;1.0
0;0.7367183;0.39531675;1.0
0;0.45742992;0.6357936;1.0
0;0.22825728;0.696017;1.0
0;0.3203873;0.27616894;1.0
0;0.67406034;0.5377403;1.0
0;0.09175337;0.5381038;1.0
0;0.59276277;0.1287361;1.0
0;0.51086956;0.1971395;1.0
0;0.61172247;0.39294907;1.0
0;0.66824377;0.74613154;1.0
0;0.33700278;0.5294525;1.0
0;0.45351064;0.5609081;1.0
0;0.5315451;0.51292586;1.0
0;0.48221463;0.3249632;1.0
0;0.56688356;0.44041;1.0
0;0.55702037;0.49964362;1.0
0;0.29851574;0.41813794;1.0
0;0.5809944;0.63445777;1.0
0;0.2971805;0.40125823;1.0
0;0.4485631;0.34940323;1.0
0;0.42052323;0.4568335;1.0
0;0.4071491;0.44736362;1.0
0;0.61086506;0.5010649;1.0
0;0.115903415;0.58065593;1.0
0;0.43038166;0.30925825;1.0
0;0.3563657;0.66824394;1.0
0;0.13735989;0.3321255;1.0
0;0.64474434;0.6938088;1.0
0;0.42224297;0.16885799;1.0
0;0.32739866;0.26548335;1.0
0;0.24412966;0.5189482;1.0
0;0.23148088;0.55306035;1.0
0;0.29166457;0.39473668;1.0
0;0.41335532;0.7416163;1.0
0;0.5546927;0.5384257;1.0
0;0.20911129;0.29971188;1.0
0;0.60928696;0.13862582;1.0
0;0.2918738;0.5200361;1.0
0;0.28399843;0.47800064;1.0
0;0.24289589;0.30380496;1.0
0;0.049852964;0.47546744;1.0
0;0.4066542;0.5058;1.0
0;0.62606764;0.5532083;1.0
0;0.43617713;0.33432108;1.0
0;0.6182221;0.73374265;1.0
0;0.52095044;0.589853;1.0
0;0.2494635;0.7196627;1.0
0;0.2848858;0.4772712;1.0
0;0.3758188;0.6519919;1.0
0;0.34948525;0.5030738;1.0
0;0.391095;0.6031274;1.0
0;0.43427458;0.4292914;1.0
0;0.27215877;0.37746125;1.0
0;0.6859721;0.35742626;1.0
0;0.7145021;0.6187061;1.0
0;0.34827068;0.51810277;1.0
0;0.43318126;0.65369684;1.0
0;0.46396688;0.44299087;1.0
0;0.3019047;0.2760723;1.0
0;0.5913082;0.88238084;1.0
0;0.31281325;0.56588864;1.0
0;0.3369463;0.6310055;1.0
0;0.45362458;0.43832812;1.0
0;0.74842244;0.4263252;1.0
0;0.2917753;0.6046979;1.0
0;0.41212577;0.47529534;1.0
0;0.499415;0.5099545;1.0
0;0.5047387;0.53694254;1.0
0;0.46224284;0.6736801;1.0
0;0.5764281;0.6148259;1.0
0;0.5063927;0.53809994;1.0
0;0.40620834;0.44856706;1.0
0;0.6061106;0.49651086;1.0
0;0.49886018;0.29146615;1.0
0;0.3549263;0.4584347;1.0
0;0.5222303;0.5154494;1.0
0;0.057831947;0.36674672;1.0
0;0.734148;0.55700046;1.0
0;0.49487287;0.44532877;1.0
0;0.36656067;0.36480096;1.0
0;0.18679307;0.6866227;1.0
0;0.48808405;0.36160645;1.0
0;0.6141452;0.45582142;1.0
0;0.37622577;0.2699914;1.0
0;0.56405085;0.4873285;1.0
0;0.5608728;0.59764546;1.0
0;0.47971156;0.20799561;1.0
0;0.2596449;0.6038022;1.0
0;0.3501887;0.4836117;1.0
0;0.61652815;0.33543652;1.0
0;0.23965134;0.63765585;1.0
0;0.4679477;0.6901383;1.0
0;0.21278444;0.50180376;1.0
0;0.17193891;0.7442687;1.0
0;0.3557259;0.334987;1.0
0;0.21753365;0.35250053;1.0
0;0.5319006;0.53218037;1.0
0;0.62900823;0.5086102;1.0
0;0.35159922;0.45758852;1.0
0;0.35909185;0.50949126;1.0
0;0.40578368;0.5037447;1.0
0;0.48880687;0.6125711;1.0
0;0.4813501;0.509938;1.0
0;0.23116036;0.5934824;1.0
0;0.5589165;0.40905085;1.0
0;0.44775984;0.7197409;1.0
0;0.5454339;0.47855464;1.0
0;0.26373336;0.5389126;1.0
0;0.61529446;0.41776484;1.0
0;0.47020978;0.37420914;1.0
0;0.1024691;0.54305476;1.0
0;0.43969947;0.399113;1.0
0;0.3677384;0.35214645;1.0
0;0.5213173;0.49919334;1.0
0;0.021641081;0.55371237;1.0
0;0.48211548;0.52818364;1.0
0;0.26211008;0.59039587;1.0
0;0.55014515;0.31936243;1.0
0;0.5345339;0.6925688;1.0
0;0.6969025;0.7643717;1.0
0;0.35524192;0.38978678;1.0
