DY
1005
2

0;0.5544959;0.011612406;1.0
0;0.56164044;0.020939594;1.0
0;0.5641001;0.03426284;1.0
0;0.55009484;0.015545766;1.0
0;0.5661421;0.018998267;1.0
0;0.5624168;0.00497613;1.0
0;0.57685155;0.0230006;1.0
0;0.5430166;0.018430823;1.0
0;0.570917;0.02365292;1.0
0;0.56096697;0.027549857;1.0
0;0.5570806;0.03415227;1.0
0;0.53867126;0.021888403;1.0
0;0.57078636;0.034333933;1.0
0;0.5635005;0.02527322;1.0
0;0.5755509;0.023188585;1.0
0;0.5637375;0.0425167;1.0
0;0.56449103;0.022888377;1.0
0;0.5602982;0.029962761;1.0
0;0.5782102;0.024670538;1.0
0;0.56531847;0.0;1.0
0;0.572674;0.023002755;1.0
0;0.5572052;0.030062592;1.0
0;0.5629808;0.021224491;1.0
0;0.56421614;0.04290746;1.0
0;0.5772176;0.040820803;1.0
0;0.5617451;0.033964552;1.0
0;0.5640862;0.020232668;1.0
0;0.56301075;0.038267136;1.0
0;0.56334066;0.004767283;1.0
0;0.5537023;0.022856874;1.0
0;0.57449234;0.03483789;1.0
0;0.5529316;0.026765695;1.0
0;0.5464642;0.009250443;1.0
0;0.5603711;0.019887557;1.0
0;0.5663629;0.013736545;1.0
0;0.56841403;0.025049351;1.0
0;0.5770955;0.033549495;1.0
0;0.5625035;0.013663343;1.0
0;0.56098616;0.031917304;1.0
0;0.5625248;0.037169687;1.0
0;0.5463979;0.025304858;1.0
0;0.56417596;0.011678231;1.0
0;0.5564445;0.025779175;1.0
0;0.5650462;0.037521444;1.0
0;0.56999993;0.014532957;1.0
0;0.5579713;0.025584618;1.0
0;0.5644252;0.025225732;1.0
0;0.56617874;0.030437015;1.0
0;0.5671528;0.022285143;1.0
0;0.55410665;0.018122941;1.0
0;0.57543004;0.01612813;1.0
0;0.5617248;0.021422213;1.0
0;0.55788183;0.032846205;1.0
0;0.55326355;0.031709302;1.0
0;0.5635933;0.028818393;1.0
0;0.56467247;0.015678102;1.0
0;0.56720144;0.017085172;1.0
0;0.55669415;0.016250953;1.0
0;0.5708752;0.03759688;1.0
0;0.56941766;0.019659426;1.0
0;0.5693811;0.032456204;1.0
0;0.55725914;0.02928432;1.0
0;0.5689412;0.021369433;1.0
0;0.5597974;0.028108995;1.0
0;0.5701883;0.016595524;1.0
0;0.54586893;0.019743923;1.0
0;0.56991416;0.021230102;1.0
0;0.5611389;0.028675389;1.0
0;0.57733047;0.039283596;1.0
0;0.5663078;0.031842522;1.0
0;0.54422444;0.015738439;1.0
0;0.5647102;0.026251517;1.0
0;0.58000654;0.01802394;1.0
0;0.5605241;0.026642269;1.0
0;0.5577594;0.0343387;1.0
0;0.5599252;0.04189458;1.0
0;0.5695119;0.02044126;1.0
0;0.56930476;0.029179998;1.0
0;0.5494619;0.010988725;1.0
0;0.5629664;0.025625652;1.0
0;0.5658358;0.032558095;1.0
0;0.56241417;0.026115488;1.0
0;0.56182957;0.03107472;1.0
0;0.550965;0.03841951;1.0
0;0.5561767;0.025977213;1.0
0;0.5633174;0.022665432;1.0
0;0.5538135;0.03254452;1.0
0;0.5595661;0.04501847;1.0
0;0.56751156;0.021037541;1.0
0;0.5610393;0.025874222;1.0
0;0.5708943;0.027537271;1.0
0;0.5611159;0.03817715;1.0
0;0.5697731;0.029899228;1.0
0;0.5594875;0.019069817;1.0
0;0.581781;0.026678775;1.0
0;0.580993;0.009513364;1.0
0;0.5519753;0.017539764;1.0
0;0.5627001;0.013761677;1.0
0;0.55431134;0.03745108;1.0
0;0.55067647;0.01610381;1.0
0;0.55469203;0.028439363;1.0
0;0.5619538;0.03486086;1.0
0;0.5639479;0.023945527;1.0
0;0.5512216;0.037748758;1.0
0;0.5724186;0.009562908;1.0
0;0.5608857;0.029181756;1.0
0;0.5627143;0.018291324;1.0
0;0.5718837;0.035263866;1.0
0;0.5661173;0.017450066;1.0
0;0.5684418;0.017437177;1.0
0;0.56506425;0.026176017;1.0
0;0.55521774;0.02423146;1.0
0;0.57299876;0.032578126;1.0
0;0.552611;0.018721992;1.0
0;0.562135;0.03427804;1.0
0;0.556374;0.027641727;1.0
0;0.56104815;0.013885327;1.0
0;0.5582169;0.022343872;1.0
0;0.5630883;0.023656491;1.0
0;0.56603026;0.03451245;1.0
0;0.559019;0.03214752;1.0
0;0.56528056;0.03365712;1.0
0;0.57225966;0.034545932;1.0
0;0.5822735;0.033076596;1.0
0;0.56823844;0.016693104;1.0
0;0.5554312;0.043261707;1.0
0;0.5627887;0.022108587;1.0
0;0.5727986;0.05006495;1.0
0;0.5859201;0.03435964;1.0
0;0.5573323;0.03718454;1.0
0;0.565478;0.02504494;1.0
0;0.57105994;0.014996661;1.0
0;0.5592311;0.030220468;1.0
0;0.56840247;0.023543933;1.0
0;0.57257336;0.039362494;1.0
0;0.5596366;0.03647774;1.0
0;0.5494191;0.022299688;1.0
0;0.570507;0.019637043;1.0
0;0.5725294;0.042452175;1.0
0;0.5646635;0.021270594;1.0
0;0.5624404;0.021463292;1.0
0;0.55765796;0.017241187;1.0
0;0.55474436;0.03503356;1.0
0;0.5698507;0.022789426;1.0
0;0.5570037;0.026383366;1.0
0;0.55678535;0.023783367;1.0
0;0.547201;0.019237457;1.0
0;0.5638453;0.024040071;1.0
0;0.5800806;0.02331348;1.0
0;0.55829537;0.027349722;1.0
0;0.548961;0.009685228;1.0
0;0.5544585;0.017058332;1.0
0;0.55535424;0.018526845;1.0
0;0.55905676;0.029401109;1.0
0;0.5721751;0.01853587;1.0
0;0.5541227;0.009410676;1.0
0;0.566344;0.022357535;1.0
0;0.5735047;0.025736813;1.0
0;0.5615366;0.03261979;1.0
0;0.5674097;0.027098196;1.0
0;0.55825675;0.051905483;1.0
0;0.5712461;0.020013247;1.0
0;0.568222;0.027642872;1.0
0;0.574104;0.03882527;1.0
0;0.57600754;0.017424282;1.0
0;0.5569293;0.024682509;1.0
0;0.5727024;0.03681495;1.0
0;0.558462;0.0274138;1.0
0;0.5744941;0.027800512;1.0
0;0.55006564;0.03734857;1.0
0;0.57629037;0.020571565;1.0
0;0.56960946;0.03292887;1.0
0;0.55188143;0.015725072;1.0
0;0.5580786;0.016987253;1.0
0;0.5709855;0.027023286;1.0
0;0.5682264;0.036362384;1.0
0;0.5653156;0.030841462;1.0
0;0.5598639;0.04173545;1.0
0;0.5558485;0.00852135;1.0
0;0.57141757;0.031584207;1.0
0;0.5496341;0.017163102;1.0
0;0.56998324;0.024262303;1.0
0;0.5768326;0.027945248;1.0
0;0.56840295;0.026447574;1.0
0;0.5644688;0.012206738;1.0
0;0.55405766;0.022625256;1.0
0;0.5661443;0.02871645;1.0
0;0.56531954;0.017010894;1.0
0;0.5569168;0.02382307;1.0
0;0.55950356;0.016465321;1.0
0;0.5740341;0.014976347;1.0
0;0.5611423;0.020278068;1.0
0;0.562272;0.025029922;1.0
0;0.5688646;0.015079188;1.0
0;0.5745512;0.020455817;1.0
0;0.5661688;0.028673815;1.0
0;0.5543606;0.017452627;1.0
0;0.5603276;0.03032811;1.0
0;0.57248247;0.025808955;1.0
0;0.5605914;0.034271482;1.0
0;0.565617;0.025867436;1.0
0;0.21986394;0.5252027;2.0
0;0.17856736;0.27648678;2.0
0;0.19613087;0.24993634;2.0
0;0.23578657;0.5081852;2.0
0;0.23322122;0.494905;2.0
0;0.2638428;0.390214;2.0
0;0.27096587;0.7212697;2.0
0;0.22303624;0.5187244;2.0
0;0.10053547;0.5832088;2.0
0;0.19325697;0.4092733;2.0
0;0.1739791;0.31881905;2.0
0;0.34298328;0.5237802;2.0
0;0.23754565;0.42235065;2.0
0;0.09488471;0.51699704;2.0
0;0.20979585;0.51939464;2.0
0;0.18955545;0.4929825;2.0
0;0.116340026;0.41939968;2.0
0;0.17966917;0.36516833;2.0
0;0.24128583;0.3384503;2.0
0;0.24036236;0.42131966;2.0
0;0.007893662;0.47073117;2.0
0;0.20008814;0.5330846;2.0
0;0.14245732;0.48815244;2.0
0;0.2095465;0.3391787;2.0
0;0.052969463;0.2623157;2.0
0;0.135035;0.31496933;2.0
0;0.0045561637;0.52729434;2.0
0;0.14570554;0.44793627;2.0
0;0.12480447;0.42431143;2.0
0;0.010515;0.27401596;2.0
0;0.28635558;0.46559837;2.0
0;0.027897337;0.43682894;2.0
0;0.18777117;0.40845174;2.0
0;0.21058998;0.35436976;2.0
0;0.12882519;0.31975704;2.0
0;0.21964855;0.4224847;2.0
0;0.20655824;0.30015248;2.0
0;0.12908477;0.46348765;2.0
0;0.18809426;0.50829285;2.0
0;0.2338271;0.5166089;2.0
0;0.18654451;0.4249938;2.0
0;0.083951235;0.4942504;2.0
0;0.03818195;0.3819071;2.0
0;0.17621405;0.45440888;2.0
0;0.2425056;0.4725571;2.0
0;0.23274468;0.518113;2.0
0;0.10820958;0.3380039;2.0
0;0.20466058;0.42710993;2.0
0;0.23610057;0.51702195;2.0
0;0.16247866;0.65498966;2.0
0;0.24814989;0.43808463;2.0
0;0.2867406;0.5919205;2.0
0;0.09839006;0.48886684;2.0
0;0.04793435;0.36841905;2.0
0;0.083814666;0.39712328;2.0
0;0.1999762;0.5817551;2.0
0;0.17244883;0.33696893;2.0
0;0.22607064;0.3595868;2.0
0;0.041340392;0.29383224;2.0
0;0.18660022;0.4418141;2.0
0;0.12423309;0.36429146;2.0
0;0.0;0.38391793;2.0
0;0.1530395;0.52007914;2.0
0;0.08518992;0.51772076;2.0
0;0.087316185;0.53174543;2.0
0;0.2014484;0.5025185;2.0
0;0.113097616;0.41693264;2.0
0;0.26241434;0.60742587;2.0
0;0.12506421;0.35041755;2.0
0;0.34737357;0.44019395;2.0
0;0.14744961;0.4775364;2.0
0;0.017316332;0.3499961;2.0
0;0.23144832;0.32757437;2.0
0;0.25317857;0.5159735;2.0
0;0.22737002;0.4662345;2.0
0;0.12697162;0.49009147;2.0
0;0.11058181;0.39187205;2.0
0;0.18876864;0.42759773;2.0
0;0.20519207;0.5540042;2.0
0;0.11393869;0.42358962;2.0
0;0.13112515;0.29628664;2.0
0;0.14567292;0.3630491;2.0
0;0.25652105;0.7076281;2.0
0;0.12187194;0.4628538;2.0
0;0.3046319;0.4028765;2.0
0;0.18641944;0.41413072;2.0
0;0.11092971;0.5781268;2.0
0;0.06024217;0.3602555;2.0
0;0.23742886;0.4167037;2.0
0;0.07817426;0.38149247;2.0
0;0.25294617;0.4412224;2.0
0;0.092482165;0.6080642;2.0
0;0.13453986;0.49454287;2.0
0;0.2539456;0.406215;2.0
0;0.17480439;0.32998648;2.0
0;0.14200373;0.3456085;2.0
0;0.18408221;0.5808382;2.0
0;0.1712269;0.46096072;2.0
0;0.09159736;0.45774803;2.0
0;0.26175293;0.38043478;2.0
0;0.06979975;0.38173756;2.0
0;0.16995591;0.3725122;2.0
0;0.24971576;0.4733091;2.0
0;0.19757974;0.40715018;2.0
0;0.1824705;0.410572;2.0
0;0.26118535;0.54361117;2.0
0;0.12694821;0.35615703;2.0
0;0.23126456;0.5299293;2.0
0;0.37902382;0.40199643;2.0
0;0.17287666;0.4049678;2.0
0;0.3444544;0.27834785;2.0
0;0.22392526;0.4971284;2.0
0;0.18702705;0.5462592;2.0
0;0.2142636;0.46645153;2.0
0;0.14911659;0.45662603;2.0
0;0.30937836;0.46865177;2.0
0;0.09165479;0.4751147;2.0
0;0.0947998;0.56304157;2.0
0;0.1923874;0.399997;2.0
0;0.006556634;0.4468299;2.0
0;0.19327295;0.42297125;2.0
0;0.29251945;0.42767704;2.0
0;0.037565734;0.63907003;2.0
0;0.14211473;0.3014359;2.0
0;0.077024624;0.5912357;2.0
0;0.10419798;0.4193817;2.0
0;0.17241418;0.5372182;2.0
0;0.12035698;0.5130053;2.0
0;0.18157917;0.21991415;2.0
0;0.21871886;0.5727058;2.0
0;0.15559152;0.48456892;2.0
0;0.29556543;0.42886025;2.0
0;0.23887345;0.5330693;2.0
0;0.20486249;0.55939364;2.0
0;0.38545886;0.4421384;2.0
0;0.29143703;0.52438444;2.0
0;0.25795275;0.67556024;2.0
0;0.053488813;0.47849536;2.0
0;0.23663414;0.4531403;2.0
0;0.2535144;0.47252005;2.0
0;0.088652425;0.44279054;2.0
0;0.117712624;0.51810217;2.0
0;0.15445682;0.33860895;2.0
0;0.11716972;0.4749794;2.0
0;0.2319276;0.5071405;2.0
0;0.24648184;0.33367473;2.0
0;0.041807026;0.42911938;2.0
0;0.114407286;0.45036072;2.0
0;0.13187502;0.4147219;2.0
0;0.17452034;0.53910697;2.0
0;0.14512965;0.44273487;2.0
0;0.20644186;0.5095932;2.0
0;0.090452224;0.545061;2.0
0;0.24527657;0.6223423;2.0
0;0.28410023;0.3339275;2.0
0;0.15686075;0.37208003;2.0
0;0.19286554;0.36272198;2.0
0;0.21369159;0.50740916;2.0
0;0.19640002;0.49472517;2.0
0;0.031224148;0.3719657;2.0
0;0.016712857;0.36449787;2.0
0;0.22596793;0.39903608;2.0
0;0.41551957;0.5395825;2.0
0;0.17382942;0.49789715;2.0
0;0.2279173;0.37493128;2.0
0;0.07716983;0.4539997;2.0
0;0.0967371;0.3864243;2.0
0;0.034512065;0.38295814;2.0
0;0.10511461;0.42167693;2.0
0;0.18228316;0.46360514;2.0
0;0.18801029;0.5055603;2.0
0;0.058060497;0.38166177;2.0
0;0.19846179;0.3307331;2.0
0;0.20292507;0.2910855;2.0
0;0.2841179;0.43742022;2.0
0;0.2801107;0.5586972;2.0
0;0.12985353;0.5161436;2.0
0;0.24557336;0.33086112;2.0
0;0.092512086;0.5476056;2.0
0;0.19968586;0.4876654;2.0
0;0.24210902;0.5793616;2.0
0;0.13071272;0.40623128;2.0
0;0.28079665;0.45666066;2.0
0;0.20761195;0.37719882;2.0
0;0.1688304;0.3834696;2.0
0;0.06749181;0.43078822;2.0
0;0.11736345;0.44422674;2.0
0;0.12506936;0.4404442;2.0
0;0.29808414;0.52165973;2.0
0;0.19689971;0.44674802;2.0
0;0.01787379;0.40056628;2.0
0;0.22150147;0.29705647;2.0
0;0.26027203;0.3053968;2.0
0;0.20895103;0.43365723;2.0
0;0.24571246;0.71853125;2.0
0;0.19739972;0.4180032;2.0
0;0.17055053;0.34666172;2.0
0;0.29726052;0.4799931;2.0
0;0.21817291;0.25616258;2.0
0;0.118048936;0.48703155;2.0
0;0.21512446;0.30395988;2.0
0;0.7227262;0.3269449;3.0
0;0.79019463;0.3128805;3.0
0;0.7949722;0.32022282;3.0
0;0.73468983;0.26711097;3.0
0;0.71906614;0.3234697;3.0
0;0.7149104;0.35285395;3.0
0;0.70510995;0.30247563;3.0
0;0.7396259;0.318757;3.0
0;0.7148365;0.2745902;3.0
0;0.68889487;0.3125235;3.0
0;0.69268024;0.26830196;3.0
0;0.77812505;0.3099459;3.0
0;0.76894844;0.28245762;3.0
0;0.7557966;0.36956805;3.0
0;0.77354956;0.35951775;3.0
0;0.74009115;0.30116308;3.0
0;0.8324873;0.3544415;3.0
0;0.72920275;0.38255262;3.0
0;0.7361099;0.33456147;3.0
0;0.74690175;0.36296913;3.0
0;0.7567805;0.33399582;3.0
0;0.7562955;0.36721367;3.0
0;0.75204253;0.24583533;3.0
0;0.7141529;0.34428474;3.0
0;0.7291962;0.34254304;3.0
0;0.7920597;0.30569187;3.0
0;0.7128528;0.32743266;3.0
0;0.7191053;0.3327077;3.0
0;0.73912483;0.35446575;3.0
0;0.76103413;0.24512443;3.0
0;0.7324736;0.29431596;3.0
0;0.71566504;0.30850524;3.0
0;0.7789632;0.29529846;3.0
0;0.7247104;0.27870384;3.0
0;0.66986203;0.34227872;3.0
0;0.7359044;0.34803045;3.0
0;0.688794;0.33328748;3.0
0;0.7388988;0.41681;3.0
0;0.73510075;0.37436366;3.0
0;0.7196781;0.29237574;3.0
0;0.751773;0.27451608;3.0
0;0.7623125;0.32260078;3.0
0;0.68028474;0.319913;3.0
0;0.7020713;0.33774737;3.0
0;0.6951276;0.34822696;3.0
0;0.71863455;0.24396184;3.0
0;0.7597852;0.3755992;3.0
0;0.7169341;0.2852339;3.0
0;0.7305158;0.3981327;3.0
0;0.74391574;0.28613886;3.0
0;0.70823914;0.26289365;3.0
0;0.7717875;0.37780842;3.0
0;0.7716264;0.28473246;3.0
0;0.7531554;0.33548987;3.0
0;0.7676947;0.31198546;3.0
0;0.7756521;0.3212078;3.0
0;0.8056593;0.28992847;3.0
0;0.7307354;0.35692358;3.0
0;0.6810479;0.3033982;3.0
0;0.72093844;0.27169788;3.0
0;0.75591564;0.35830125;3.0
0;0.7311462;0.34143895;3.0
0;0.7306196;0.33853254;3.0
0;0.7471817;0.35840687;3.0
0;0.67589116;0.31444582;3.0
0;0.7370517;0.34003678;3.0
0;0.7437827;0.34057215;3.0
0;0.7618283;0.34284654;3.0
0;0.7494429;0.34427077;3.0
0;0.76563764;0.32601643;3.0
0;0.7240968;0.33225632;3.0
0;0.6429027;0.3752477;3.0
0;0.7613541;0.35506368;3.0
0;0.72637486;0.3580004;3.0
0;0.69964737;0.29318148;3.0
0;0.73901874;0.40865332;3.0
0;0.7321558;0.2764695;3.0
0;0.7000508;0.30009198;3.0
0;0.72385347;0.3901409;3.0
0;0.78697336;0.38200316;3.0
0;0.7616422;0.3356766;3.0
0;0.67076355;0.37201104;3.0
0;0.71162057;0.30679625;3.0
0;0.69586074;0.28734195;3.0
0;0.7415045;0.31836608;3.0
0;0.721855;0.32355982;3.0
0;0.73510987;0.31528473;3.0
0;0.7072347;0.30413938;3.0
0;0.74006885;0.36500746;3.0
0;0.76928484;0.3592746;3.0
0;0.7402359;0.29200834;3.0
0;0.7339493;0.27796075;3.0
0;0.68224555;0.37360376;3.0
0;0.7456144;0.40051526;3.0
0;0.8123113;0.26300275;3.0
0;0.75422835;0.3322774;3.0
0;0.7164659;0.4743531;3.0
0;0.7657297;0.29004288;3.0
0;0.680562;0.32062644;3.0
0;0.73304844;0.2712021;3.0
0;0.7380034;0.3008437;3.0
0;0.7775817;0.386591;3.0
0;0.7340722;0.3807947;3.0
0;0.75329304;0.34364742;3.0
0;0.7401957;0.34697542;3.0
0;0.75918293;0.37024096;3.0
0;0.7597121;0.3298292;3.0
0;0.7052367;0.27881053;3.0
0;0.6877227;0.3214641;3.0
0;0.70508415;0.30634394;3.0
0;0.7106994;0.39981276;3.0
0;0.66506356;0.28179383;3.0
0;0.76257205;0.35898593;3.0
0;0.7626161;0.3227672;3.0
0;0.79380953;0.26386145;3.0
0;0.6575419;0.29282665;3.0
0;0.72134894;0.33076787;3.0
0;0.82535005;0.3414199;3.0
0;0.67760646;0.31411433;3.0
0;0.70953923;0.34022987;3.0
0;0.67886555;0.23866436;3.0
0;0.7637598;0.34036255;3.0
0;0.70228934;0.3660866;3.0
0;0.72126186;0.32694307;3.0
0;0.7029915;0.2789513;3.0
0;0.8032212;0.29120824;3.0
0;0.7560974;0.45805016;3.0
0;0.7006407;0.34814522;3.0
0;0.71277064;0.37695876;3.0
0;0.75509137;0.32283178;3.0
0;0.7702264;0.36514205;3.0
0;0.6801515;0.3853147;3.0
0;0.67868334;0.38364848;3.0
0;0.7557372;0.29762727;3.0
0;0.7043921;0.32390013;3.0
0;0.74951327;0.3234268;3.0
0;0.7239545;0.3153497;3.0
0;0.7415163;0.3697234;3.0
0;0.7805845;0.40892157;3.0
0;0.7267774;0.3455478;3.0
0;0.7534988;0.35148108;3.0
0;0.72822905;0.38233873;3.0
0;0.6777091;0.39846337;3.0
0;0.77577555;0.26232365;3.0
0;0.755341;0.3198734;3.0
0;0.6995533;0.2581347;3.0
0;0.753668;0.29200593;3.0
0;0.70686185;0.3964794;3.0
0;0.7322261;0.33017743;3.0
0;0.7811949;0.20838073;3.0
0;0.6964439;0.29242116;3.0
0;0.69597495;0.28978562;3.0
0;0.6607098;0.26305288;3.0
0;0.745833;0.2940014;3.0
0;0.73979574;0.24753717;3.0
0;0.73062336;0.34118077;3.0
0;0.72568345;0.3069273;3.0
0;0.64592385;0.3550401;3.0
0;0.7724241;0.24000812;3.0
0;0.69935983;0.2871487;3.0
0;0.7333365;0.32142946;3.0
0;0.72240746;0.2508533;3.0
0;0.78262854;0.28763;3.0
0;0.69359744;0.29178542;3.0
0;0.72657824;0.33280495;3.0
0;0.7073785;0.34770626;3.0
0;0.69011617;0.34146282;3.0
0;0.708479;0.30288994;3.0
0;0.65365976;0.33004332;3.0
0;0.6886152;0.37614813;3.0
0;0.74566776;0.28387126;3.0
0;0.7198351;0.36047143;3.0
0;0.73808473;0.38578117;3.0
0;0.72034556;0.3604088;3.0
0;0.8175456;0.3504561;3.0
0;0.66889715;0.33087915;3.0
0;0.8038995;0.2947738;3.0
0;0.6506501;0.40833503;3.0
0;0.72767365;0.3380881;3.0
0;0.81139386;0.29621613;3.0
0;0.71614563;0.28505793;3.0
0;0.7367646;0.33899653;3.0
0;0.7314746;0.3040791;3.0
0;0.75539076;0.39452273;3.0
0;0.70221287;0.33797386;3.0
0;0.7797124;0.35760638;3.0
0;0.75787264;0.3424568;3.0
0;0.72480977;0.38421062;3.0
0;0.7275325;0.37239966;3.0
0;0.77845234;0.379223;3.0
0;0.7480381;0.37657955;3.0
0;0.67985374;0.3189512;3.0
0;0.75186366;0.34982556;3.0
0;0.689756;0.3580265;3.0
0;0.69673973;0.31048465;3.0
0;0.6895263;0.39475542;3.0
0;0.6918502;0.31086278;3.0
0;0.7268271;0.35527632;3.0
0;0.6646963;0.2984667;3.0
0;0.7769423;0.30669695;3.0
0;0.7172542;0.28326344;3.0
0;0.43956122;0.9189406;4.0
0;0.46134093;0.78107834;4.0
0;0.3976441;0.69343424;4.0
0;0.36868337;0.8038176;4.0
0;0.41674054;0.8772179;4.0
0;0.4486226;0.82071596;4.0
0;0.35446784;0.8365535;4.0
0;0.35248873;0.9093193;4.0
0;0.43931517;0.7973398;4.0
0;0.55069095;0.81572574;4.0
0;0.45031443;0.7834028;4.0
0;0.42372417;0.7042415;4.0
0;0.58195555;0.82972866;4.0
0;0.32636344;0.8492976;4.0
0;0.36931115;0.81119734;4.0
0;0.38541073;0.8297125;4.0
0;0.2963337;0.7483337;4.0
0;0.35702223;0.9055849;4.0
0;0.35518098;0.708364;4.0
0;0.42676812;0.7369862;4.0
0;0.40257812;0.8587885;4.0
0;0.40527028;0.79166263;4.0
0;0.51500016;0.76236856;4.0
0;0.6043713;0.6687711;4.0
0;0.45829257;0.7188125;4.0
0;0.3751364;0.75023264;4.0
0;0.38548407;0.73275477;4.0
0;0.3676485;0.7532853;4.0
0;0.37634555;0.705392;4.0
0;0.27831838;0.8522673;4.0
0;0.36729515;0.8162605;4.0
0;0.32627463;0.8177771;4.0
0;0.3225333;0.7995629;4.0
0;0.37527898;0.8535677;4.0
0;0.4350702;0.83190495;4.0
0;0.4073672;0.8511333;4.0
0;0.43589243;0.8940114;4.0
0;0.38308632;0.8273215;4.0
0;0.35029703;0.92284805;4.0
0;0.3858874;0.78007233;4.0
0;0.4360983;0.79520273;4.0
0;0.31200537;0.78741693;4.0
0;0.3098345;0.7987722;4.0
0;0.56955534;0.7927834;4.0
0;0.3909358;0.9418354;4.0
0;0.5182062;0.76196927;4.0
0;0.40302414;0.83502036;4.0
0;0.30071035;0.72572106;4.0
0;0.44050175;0.7613189;4.0
0;0.41519323;0.70266294;4.0
0;0.44701257;0.7452407;4.0
0;0.26895684;0.8720496;4.0
0;0.34769195;0.8118879;4.0
0;0.5186078;0.79314846;4.0
0;0.44332382;0.81753165;4.0
0;0.5144982;0.6964367;4.0
0;0.41363418;0.731072;4.0
0;0.46351063;0.8144555;4.0
0;0.41218677;0.973092;4.0
0;0.39838225;0.6559095;4.0
0;0.36050174;0.8398338;4.0
0;0.43783018;0.8244243;4.0
0;0.33092785;0.76955336;4.0
0;0.37308648;0.7952959;4.0
0;0.4784257;0.7743172;4.0
0;0.5462256;0.8357201;4.0
0;0.40362218;0.76495767;4.0
0;0.45870045;1.0;4.0
0;0.3700234;0.8228492;4.0
0;0.502601;0.8294753;4.0
0;0.4759296;0.7428561;4.0
0;0.37423593;0.8888268;4.0
0;0.30225202;0.8418201;4.0
0;0.29000825;0.68053293;4.0
0;0.39317942;0.8013013;4.0
0;0.42350087;0.7884183;4.0
0;0.38263074;0.8397257;4.0
0;0.552034;0.80546373;4.0
0;0.41199198;0.92175007;4.0
0;0.35977036;0.89127;4.0
0;0.4242207;0.7508869;4.0
0;0.47405806;0.8818547;4.0
0;0.42796123;0.82376003;4.0
0;0.36688706;0.8360625;4.0
0;0.38887435;0.92575;4.0
0;0.4576798;0.81999373;4.0
0;0.47449914;0.7211769;4.0
0;0.36202472;0.81136465;4.0
0;0.35972172;0.74538916;4.0
0;0.4396703;0.85590804;4.0
0;0.4324911;0.7675119;4.0
0;0.3783957;0.67457354;4.0
0;0.4585442;0.80164903;4.0
0;0.33227628;0.83206105;4.0
0;0.43643343;0.79168284;4.0
0;0.42513737;0.8328798;4.0
0;0.3996485;0.6505687;4.0
0;0.47640967;0.79985934;4.0
0;0.3502902;0.7357809;4.0
0;0.49201185;0.7272603;4.0
0;0.38652936;0.8071808;4.0
0;0.45748067;0.8481331;4.0
0;0.34807688;0.85729474;4.0
0;0.44663826;0.84593534;4.0
0;0.48976707;0.83623326;4.0
0;0.3960996;0.75600225;4.0
0;0.4012943;0.8041376;4.0
0;0.569844;0.912698;4.0
0;0.40573254;0.80275184;4.0
0;0.33456734;0.8083621;4.0
0;0.38761118;0.7574666;4.0
0;0.48600549;0.70854366;4.0
0;0.4196933;0.85396767;4.0
0;0.40251884;0.73372644;4.0
0;0.34326857;0.76784706;4.0
0;0.47164744;0.802595;4.0
0;0.40498838;0.7298087;4.0
0;0.45844907;0.7526733;4.0
0;0.4310852;0.66814244;4.0
0;0.46682668;0.72549146;4.0
0;0.39250216;0.7860592;4.0
0;0.50283515;0.73173356;4.0
0;0.47853243;0.67708385;4.0
0;0.37990013;0.69451255;4.0
0;0.34143084;0.799938;4.0
0;0.44929177;0.6838536;4.0
0;0.493823;0.8284123;4.0
0;0.2695392;0.91366726;4.0
0;0.33230722;0.8490949;4.0
0;0.42131162;0.85778457;4.0
0;0.45481342;0.807962;4.0
0;0.43209288;0.7993985;4.0
0;0.4089059;0.8672621;4.0
0;0.38061523;0.7715658;4.0
0;0.46540204;0.77761316;4.0
0;0.46762264;0.7306529;4.0
0;0.43271217;0.83785576;4.0
0;0.41763896;0.8218979;4.0
0;0.5567106;0.79051054;4.0
0;0.47456032;0.6930314;4.0
0;0.4072409;0.8512546;4.0
0;0.4101415;0.73812145;4.0
0;0.30806002;0.7277322;4.0
0;0.43701452;0.7021608;4.0
0;0.36458606;0.7822057;4.0
0;0.46008575;0.78365606;4.0
0;0.441604;0.762114;4.0
0;0.3512748;0.7640315;4.0
0;0.4254561;0.72717357;4.0
0;0.47449377;0.8607652;4.0
0;0.35091975;0.89274096;4.0
0;0.34690815;0.69410694;4.0
0;0.35674933;0.74845344;4.0
0;0.42325637;0.8390621;4.0
0;0.4372836;0.9322274;4.0
0;0.35122967;0.8215257;4.0
0;0.34384426;0.72716576;4.0
0;0.40852392;0.80943435;4.0
0;0.39303792;0.81082815;4.0
0;0.32951042;0.7063422;4.0
0;0.46955267;0.6908321;4.0
0;0.46124455;0.76801443;4.0
0;0.45175278;0.8172586;4.0
0;0.39595172;0.7874268;4.0
0;0.3510669;0.8244877;4.0
0;0.4893779;0.80532587;4.0
0;0.44283873;0.7799263;4.0
0;0.42040572;0.81689525;4.0
0;0.4128879;0.70904845;4.0
0;0.4167215;0.8742157;4.0
0;0.43288067;0.8358223;4.0
0;0.44410992;0.8154677;4.0
0;0.48254493;0.78456163;4.0
0;0.4463881;0.7874746;4.0
0;0.4625745;0.7826867;4.0
0;0.37404704;0.8045362;4.0
0;0.520841;0.7394439;4.0
0;0.46205217;0.71576375;4.0
0;0.4027327;0.77523094;4.0
0;0.26065263;0.83397233;4.0
0;0.360373;0.8411734;4.0
0;0.32057464;0.96825975;4.0
0;0.36602798;0.87562054;4.0
0;0.43663532;0.79264826;4.0
0;0.435899;0.7263241;4.0
0;0.4350295;0.82450336;4.0
0;0.46084216;0.7630172;4.0
0;0.39843723;0.87510926;4.0
0;0.39827752;0.8647157;4.0
0;0.43212625;0.8308371;4.0
0;0.4916393;0.8620346;4.0
0;0.47971886;0.8238623;4.0
0;0.3576455;0.7513588;4.0
0;0.50244325;0.83192146;4.0
0;0.44608054;0.79681635;4.0
0;0.3917288;0.7602569;4.0
0;0.31053486;0.7468985;4.0
0;0.45953536;0.79536676;4.0
0;0.26142666;0.8611999;4.0
0;0.3921366;0.8744797;4.0
0;0.38208452;0.8238774;4.0
0;0.82039595;0.75147873;5.0
0;0.7987867;0.6164704;5.0
0;0.7527275;0.56022626;5.0
0;0.7278197;0.76365733;5.0
0;0.7643112;0.597003;5.0
0;0.77089643;0.5170627;5.0
0;0.71978277;0.60039943;5.0
0;0.7305928;0.6858815;5.0
0;0.737739;0.4807744;5.0
0;0.7629817;0.67652977;5.0
0;0.7078804;0.65627086;5.0
0;0.78306395;0.5946237;5.0
0;0.70295835;0.57383525;5.0
0;0.76670736;0.5658394;5.0
0;0.74128324;0.6331005;5.0
0;0.556349;0.55241793;5.0
0;0.861141;0.5625601;5.0
0;0.8338171;0.6163438;5.0
0;0.82835585;0.49183193;5.0
0;0.71197325;0.6447574;5.0
0;0.70773226;0.5864142;5.0
0;0.7646564;0.63317305;5.0
0;0.6694534;0.51572686;5.0
0;0.82059366;0.5882055;5.0
0;0.80131215;0.64173025;5.0
0;0.7106225;0.58905;5.0
0;0.7804171;0.55815345;5.0
0;0.75723827;0.61902964;5.0
0;0.76135045;0.6326446;5.0
0;0.8614656;0.6384581;5.0
0;0.68441063;0.5935821;5.0
0;0.72680587;0.5653034;5.0
0;0.94325644;0.5245338;5.0
0;0.841582;0.57777077;5.0
0;0.7073013;0.6374399;5.0
0;0.7481776;0.5829439;5.0
0;0.83606297;0.5393944;5.0
0;0.68095493;0.731145;5.0
0;0.8190649;0.5873658;5.0
0;0.76904446;0.6579724;5.0
0;0.74923396;0.6235714;5.0
0;0.7105135;0.6169941;5.0
0;0.667295;0.58264005;5.0
0;0.8196088;0.6611764;5.0
0;0.79947865;0.650642;5.0
0;0.7300664;0.80395055;5.0
0;0.7746075;0.68767965;5.0
0;0.80890316;0.7036198;5.0
0;0.7114624;0.7456334;5.0
0;0.8479393;0.50857437;5.0
0;0.8516992;0.6469284;5.0
0;0.688463;0.5685508;5.0
0;0.66461027;0.59929854;5.0
0;0.836575;0.70808035;5.0
0;0.77796793;0.62543315;5.0
0;0.77255285;0.57977086;5.0
0;0.66903526;0.5515701;5.0
0;0.56161445;0.5163013;5.0
0;0.7556538;0.6800296;5.0
0;0.71005523;0.7677983;5.0
0;0.71252984;0.6313485;5.0
0;0.7168479;0.7049591;5.0
0;0.72800046;0.46793374;5.0
0;0.92491657;0.59066904;5.0
0;0.8869186;0.5950001;5.0
0;0.75741357;0.68400747;5.0
0;0.71371853;0.63058305;5.0
0;0.74677056;0.74511343;5.0
0;0.6171367;0.6027777;5.0
0;0.93715554;0.5002662;5.0
0;0.5551421;0.5536667;5.0
0;0.8502991;0.655325;5.0
0;0.7607333;0.50839126;5.0
0;0.79428667;0.68035674;5.0
0;0.8389434;0.5646328;5.0
0;0.6396959;0.59446627;5.0
0;0.80734855;0.62946004;5.0
0;0.83030117;0.7307767;5.0
0;0.7452217;0.48786595;5.0
0;0.76289743;0.49110305;5.0
0;0.6901187;0.48953283;5.0
0;0.7772992;0.5967742;5.0
0;0.7223347;0.6814206;5.0
0;0.8894333;0.6934615;5.0
0;0.8071923;0.6171604;5.0
0;0.76685286;0.6897296;5.0
0;0.8164824;0.5366566;5.0
0;0.78648144;0.8477272;5.0
0;0.6007473;0.57861364;5.0
0;0.7993226;0.7334412;5.0
0;0.84192824;0.6053396;5.0
0;0.7835043;0.7712055;5.0
0;0.77061725;0.6902041;5.0
0;0.63165814;0.5010202;5.0
0;0.6762204;0.46710625;5.0
0;0.7493278;0.4491973;5.0
0;0.62432474;0.5988097;5.0
0;0.85064906;0.4972172;5.0
0;0.70661634;0.652514;5.0
0;1.0;0.5259819;5.0
0;0.8878067;0.6080306;5.0
0;0.80581534;0.4633915;5.0
0;0.712864;0.57369965;5.0
0;0.7407453;0.6934344;5.0
0;0.86212754;0.59137475;5.0
0;0.7490653;0.62110907;5.0
0;0.7402314;0.4662482;5.0
0;0.74009866;0.6813658;5.0
0;0.7270987;0.5606251;5.0
0;0.6831501;0.58760726;5.0
0;0.8302333;0.50029606;5.0
0;0.7888853;0.6724954;5.0
0;0.69038606;0.42935035;5.0
0;0.81178063;0.57410145;5.0
0;0.8185436;0.7105204;5.0
0;0.71286803;0.6869726;5.0
0;0.87553364;0.703304;5.0
0;0.6667239;0.65518665;5.0
0;0.6956055;0.67448443;5.0
0;0.68496114;0.6198909;5.0
0;0.7797064;0.45329994;5.0
0;0.6871998;0.49551135;5.0
0;0.8443924;0.7564888;5.0
0;0.81627226;0.5293024;5.0
0;0.729243;0.5788689;5.0
0;0.7840393;0.5813176;5.0
0;0.754093;0.53181434;5.0
0;0.7701363;0.54505664;5.0
0;0.8035267;0.58336264;5.0
0;0.7884587;0.51375604;5.0
0;0.73867846;0.6971515;5.0
0;0.7206175;0.4778705;5.0
0;0.7028167;0.59561974;5.0
0;0.72181773;0.41738063;5.0
0;0.6818295;0.6936966;5.0
0;0.81621397;0.5479095;5.0
0;0.6767429;0.7083725;5.0
0;0.7059529;0.74858254;5.0
0;0.66026103;0.7062344;5.0
0;0.65691674;0.5515132;5.0
0;0.77830595;0.6591052;5.0
0;0.72145617;0.6029518;5.0
0;0.80474377;0.6489609;5.0
0;0.7769883;0.5338321;5.0
0;0.7338346;0.8125426;5.0
0;0.8767531;0.7107168;5.0
0;0.7146529;0.7098975;5.0
0;0.7411715;0.7002431;5.0
0;0.7819909;0.6472734;5.0
0;0.7008069;0.5273562;5.0
0;0.8212036;0.5877409;5.0
0;0.7110292;0.6189568;5.0
0;0.7458521;0.5558353;5.0
0;0.78135777;0.5439558;5.0
0;0.6520307;0.5839165;5.0
0;0.82865125;0.58526653;5.0
0;0.59981775;0.6598402;5.0
0;0.5510744;0.5449096;5.0
0;0.5947428;0.5794355;5.0
0;0.6964149;0.621239;5.0
0;0.8516565;0.57094926;5.0
0;0.73592424;0.5049262;5.0
0;0.7567351;0.70534;5.0
0;0.7809787;0.70859957;5.0
0;0.7102792;0.63605624;5.0
0;0.72719574;0.67489356;5.0
0;0.76138324;0.5743714;5.0
0;0.5947775;0.6561481;5.0
0;0.93262297;0.61164933;5.0
0;0.60747135;0.67986596;5.0
0;0.66762507;0.6082406;5.0
0;0.7722618;0.7381688;5.0
0;0.7496793;0.5957324;5.0
0;0.6648077;0.63903964;5.0
0;0.8066242;0.48454916;5.0
0;0.6574268;0.630416;5.0
0;0.82456017;0.71568376;5.0
0;0.66333425;0.50573486;5.0
0;0.80041116;0.6271627;5.0
0;0.78878444;0.6085264;5.0
0;0.86240655;0.63599056;5.0
0;0.8020268;0.4433473;5.0
0;0.6470791;0.5717832;5.0
0;0.86010075;0.4748558;5.0
0;0.6128929;0.60561585;5.0
0;0.7623878;0.60905033;5.0
0;0.714325;0.6949831;5.0
0;0.8815206;0.6334697;5.0
0;0.6404797;0.5415987;5.0
0;0.802012;0.73703325;5.0
0;0.80201465;0.5729805;5.0
0;0.842875;0.49175945;5.0
0;0.71843195;0.5379764;5.0
0;0.8014483;0.6464654;5.0
0;0.6230943;0.54129976;5.0
0;0.669736;0.53759533;5.0
0;0.75006014;0.5947849;5.0
0;0.7307282;0.5759469;5.0
0;0.6269676;0.66230243;5.0
0;0.766644;0.6463737;5.0
0;0.94691974;0.63415116;5.0
