DY
501
2

0;2.391255;0.2932322;1.0
0;2.167067;0.47187936;1.0
0;2.079218;0.3415987;1.0
0;2.6287916;0.35122752;1.0
0;2.3624187;0.37830976;1.0
0;2.1455262;0.31950757;1.0
0;2.4799585;0.4017443;1.0
0;2.3833585;0.3253604;1.0
0;2.51191;0.35398594;1.0
0;2.4319625;0.368903;1.0
0;1.7691071;0.3964683;1.0
0;2.5291066;0.4137718;1.0
0;2.430646;0.38065708;1.0
0;2.263123;0.36383763;1.0
0;2.0040312;0.3206698;1.0
0;2.5029316;0.3735385;1.0
0;2.3534422;0.3857968;1.0
0;2.432464;0.34344286;1.0
0;2.4674087;0.32397926;1.0
0;2.4887788;0.33009532;1.0
0;2.615778;0.36678448;1.0
0;2.606288;0.29550192;1.0
0;2.4032574;0.3845797;1.0
0;2.0004392;0.36285755;1.0
0;2.2586179;0.38257343;1.0
0;2.1497087;0.40108725;1.0
0;2.491859;0.38284388;1.0
0;2.3262916;0.43875074;1.0
0;2.127675;0.40684417;1.0
0;2.2809844;0.39309254;1.0
0;2.104936;0.37637496;1.0
0;2.7304912;0.30336028;1.0
0;2.2334442;0.29390958;1.0
0;2.2530189;0.39061216;1.0
0;2.172219;0.4448378;1.0
0;2.2341297;0.35657454;1.0
0;2.2539475;0.37547094;1.0
0;2.3830433;0.35643163;1.0
0;2.2524614;0.42935973;1.0
0;2.3499079;0.30961406;1.0
0;2.3398507;0.3107169;1.0
0;2.4340763;0.35255605;1.0
0;2.380261;0.3409246;1.0
0;2.2147171;0.379303;1.0
0;2.1961694;0.35887623;1.0
0;2.4484243;0.26068944;1.0
0;2.5468872;0.35346505;1.0
0;2.1700344;0.3381183;1.0
0;2.2083542;0.39001063;1.0
0;2.3193529;0.37035832;1.0
0;2.408617;0.33945996;1.0
0;2.5828896;0.38365847;1.0
0;2.5504663;0.37428063;1.0
0;2.49105;0.33919153;1.0
0;2.692868;0.28575513;1.0
0;2.7494054;0.32920605;1.0
0;2.2350569;0.25553507;1.0
0;2.2249446;0.36432698;1.0
0;1.8801684;0.40503317;1.0
0;2.1601915;0.34874007;1.0
0;2.4695988;0.41374156;1.0
0;2.0101786;0.32600832;1.0
0;2.2288861;0.36265057;1.0
0;2.290375;0.41236824;1.0
0;2.3790631;0.31152058;1.0
0;2.2639523;0.38701904;1.0
0;2.4272285;0.32328516;1.0
0;2.1992722;0.38432366;1.0
0;1.8290344;0.40930444;1.0
0;2.4592054;0.3911057;1.0
0;2.2668014;0.30964506;1.0
0;2.3645446;0.32946473;1.0
0;2.497287;0.34759048;1.0
0;2.331628;0.3910171;1.0
0;1.9917326;0.39462128;1.0
0;2.4131367;0.3017569;1.0
0;2.4101038;0.3882126;1.0
0;2.3769689;0.33752206;1.0
0;2.5491967;0.36587694;1.0
0;2.4878356;0.37265024;1.0
0;2.384582;0.35153678;1.0
0;2.4280095;0.3435931;1.0
0;2.5590634;0.3834398;1.0
0;2.4029264;0.35460016;1.0
0;2.248583;0.31314933;1.0
0;2.0925226;0.34599602;1.0
0;2.6450348;0.38286594;1.0
0;2.350081;0.36442867;1.0
0;2.2944033;0.3705972;1.0
0;2.288291;0.297821;1.0
0;2.2502048;0.2971004;1.0
0;2.143175;0.44307622;1.0
0;2.254724;0.34396246;1.0
0;2.4016852;0.35067052;1.0
0;2.2845461;0.35049376;1.0
0;2.2196546;0.32954714;1.0
0;2.1552663;0.3206359;1.0
0;2.6587043;0.41687778;1.0
0;2.1333785;0.3260013;1.0
0;2.3069553;0.3081787;1.0
0;2.3369462;0.35630295;1.0
0;2.340997;0.34426078;1.0
0;1.8577012;0.3411042;1.0
0;2.233491;0.35185558;1.0
0;2.4811745;0.3613985;1.0
0;2.593821;0.40499264;1.0
0;2.8517878;0.33026928;1.0
0;2.3147283;0.36906087;1.0
0;2.5159554;0.36886826;1.0
0;2.2731314;0.3578138;1.0
0;2.111948;0.39300278;1.0
0;2.4778337;0.38161516;1.0
0;2.4192786;0.33851823;1.0
0;2.280144;0.36069763;1.0
0;2.0259407;0.41454715;1.0
0;2.4396973;0.29907998;1.0
0;2.3220477;0.39012563;1.0
0;2.7284138;0.35705882;1.0
0;2.376878;0.32140422;1.0
0;2.3013887;0.3735276;1.0
0;1.9608128;0.34801984;1.0
0;2.1865604;0.36558956;1.0
0;2.062087;0.42908296;1.0
0;2.2426095;0.32078552;1.0
0;2.7585423;0.3383649;1.0
0;2.4606466;0.39499238;1.0
0;2.2234764;0.3524994;1.0
0;2.2428782;0.35851866;1.0
0;2.3784647;0.3568784;1.0
0;2.6125252;0.36726576;1.0
0;2.2705104;0.39768484;1.0
0;1.9650403;0.36635718;1.0
0;2.452213;0.2892152;1.0
0;2.5170984;0.3653569;1.0
0;2.6970096;0.41048086;1.0
0;2.3343391;0.41322872;1.0
0;2.6385021;0.4072428;1.0
0;2.0710344;0.3425668;1.0
0;2.425354;0.2580625;1.0
0;2.06708;0.3674293;1.0
0;2.4395642;0.3482578;1.0
0;1.9142357;0.3761854;1.0
0;2.5766537;0.33821356;1.0
0;2.4997163;0.31523106;1.0
0;2.4280221;0.38475275;1.0
0;2.0841525;0.35724002;1.0
0;2.2390168;0.40487352;1.0
0;2.3364623;0.34678474;1.0
0;2.392658;0.38653612;1.0
0;2.1555276;0.34685;1.0
0;2.0870156;0.35892063;1.0
0;2.5052195;0.31622288;1.0
0;2.3051424;0.4009713;1.0
0;2.6107507;0.40080866;1.0
0;3.0;0.37528703;1.0
0;2.9332938;0.31816557;1.0
0;2.351377;0.39654645;1.0
0;2.8105662;0.40574506;1.0
0;2.4844434;0.37354156;1.0
0;2.4285429;0.35483626;1.0
0;2.2065935;0.36081252;1.0
0;2.2749534;0.27821666;1.0
0;2.5202253;0.3628951;1.0
0;1.9746969;0.3649803;1.0
0;2.712801;0.31911206;1.0
0;2.0577848;0.3296707;1.0
0;2.2999015;0.22592361;1.0
0;0.5017289;0.14504865;2.0
0;0.75874496;0.17744836;2.0
0;1.166825;0.2620663;2.0
0;0.3275217;0.12841393;2.0
0;0.42575002;0.2258862;2.0
0;0.6394592;0.18835486;2.0
0;0.4726473;0.16503821;2.0
0;1.0453696;0.10964712;2.0
0;0.408691;0.14855245;2.0
0;0.9370812;0.22373998;2.0
0;0.40217042;0.09024442;2.0
0;0.6303418;0.09029659;2.0
0;0.5315188;0.2115384;2.0
0;0.8485721;0.2108759;2.0
0;0.47892863;0.20463902;2.0
0;0.94680536;0.13474502;2.0
0;0.29538336;0.08415136;2.0
0;0.9328464;0.15434887;2.0
0;0.8074699;0.22164586;2.0
0;0.8143791;0.17953536;2.0
0;0.42453367;0.15887086;2.0
0;0.49320066;0.13460933;2.0
0;0.36330062;0.1608802;2.0
0;1.076493;0.10796077;2.0
0;0.66553026;0.18904914;2.0
0;0.69528943;0.09393542;2.0
0;0.71135217;0.0835284;2.0
0;0.5297041;0.150855;2.0
0;0.65670854;0.2040891;2.0
0;0.46890888;0.12221316;2.0
0;1.0746214;0.12487125;2.0
0;0.7791774;0.15288168;2.0
0;0.5484736;0.15039518;2.0
0;0.30022648;0.1792263;2.0
0;0.80342925;0.18209988;2.0
0;0.5940939;0.19447799;2.0
0;0.933038;0.1435386;2.0
0;0.94379926;0.14279811;2.0
0;0.78760725;0.06300109;2.0
0;0.7682925;0.15056615;2.0
0;0.39297125;0.102419615;2.0
0;0.86275667;0.18442845;2.0
0;0.6923506;0.13011664;2.0
0;0.6769886;0.15845516;2.0
0;0.7251724;0.24431354;2.0
0;0.42364967;0.121556655;2.0
0;0.7725642;0.13644992;2.0
0;0.40423703;0.08076532;2.0
0;0.790116;0.1879482;2.0
0;0.4131259;0.20787778;2.0
0;0.51430297;0.1704229;2.0
0;1.0435405;0.15503459;2.0
0;0.4003029;0.17690979;2.0
0;0.43917775;0.19798462;2.0
0;0.63321024;0.08243538;2.0
0;0.69926536;0.1929871;2.0
0;0.4042489;0.16322388;2.0
0;0.92357564;0.11072165;2.0
0;0.47869715;0.13092531;2.0
0;0.9734578;0.13689944;2.0
0;0.63620573;0.17821963;2.0
0;0.8020303;0.29434374;2.0
0;0.70865035;0.13836604;2.0
0;1.0958107;0.13328028;2.0
0;0.80903697;0.15026489;2.0
0;0.5925844;0.13029304;2.0
0;0.71121496;0.13095386;2.0
0;0.836627;0.0917207;2.0
0;0.66760373;0.2104217;2.0
0;0.7106153;0.16316052;2.0
0;0.9341682;0.14886253;2.0
0;0.018400438;0.099213526;2.0
0;0.94591427;0.2458237;2.0
0;0.6498312;0.1563705;2.0
0;0.9018125;0.081085466;2.0
0;0.2781734;0.16038163;2.0
0;0.52787566;0.19743335;2.0
0;0.74178165;0.0474926;2.0
0;0.31139314;0.18719168;2.0
0;0.52645123;0.09740077;2.0
0;0.6423667;0.1775377;2.0
0;0.60581833;0.08239301;2.0
0;0.64456224;0.17590337;2.0
0;0.55922437;0.12379352;2.0
0;0.60856795;0.16683497;2.0
0;0.45610595;0.15697315;2.0
0;0.0;0.15856418;2.0
0;0.2796967;0.19281298;2.0
0;0.6670526;0.14994726;2.0
0;0.67506266;0.09658169;2.0
0;0.47156537;0.16594534;2.0
0;0.41329765;0.14929792;2.0
0;0.4601885;0.11918995;2.0
0;0.91088676;0.12759182;2.0
0;0.70123374;0.17706555;2.0
0;0.82559514;0.23288605;2.0
0;1.0680661;0.22671829;2.0
0;0.930349;0.12282475;2.0
0;0.36401495;0.1763099;2.0
0;0.7084793;0.19990663;2.0
0;0.9150508;0.13041578;2.0
0;0.7060695;0.15628658;2.0
0;0.7826337;0.14822046;2.0
0;0.8574152;0.1004448;2.0
0;0.48612434;0.14746125;2.0
0;0.6013592;0.23136596;2.0
0;0.4462186;0.17804687;2.0
0;0.5127464;0.12361111;2.0
0;0.22195175;0.13975365;2.0
0;0.3505423;0.0;2.0
0;0.74959505;0.11579129;2.0
0;0.46645898;0.14587627;2.0
0;0.61660206;0.092180066;2.0
0;0.4556529;0.21728978;2.0
0;0.20463577;0.042295795;2.0
0;0.6041513;0.090268224;2.0
0;1.0002829;0.044216897;2.0
0;0.58871186;0.1823248;2.0
0;0.9710307;0.17385618;2.0
0;1.0048759;0.09766694;2.0
0;1.0969797;0.18845224;2.0
0;0.72786963;0.13458449;2.0
0;0.79174036;0.11556944;2.0
0;0.54239047;0.17320403;2.0
0;0.70538324;0.2028202;2.0
0;0.67395365;0.14726995;2.0
0;0.3008762;0.120446794;2.0
0;0.549829;0.24299507;2.0
0;0.3661061;0.13719656;2.0
0;0.06112215;0.14831889;2.0
0;0.59490037;0.14737907;2.0
0;0.57096136;0.11929251;2.0
0;0.8026042;0.09174166;2.0
0;0.41886407;0.15335001;2.0
0;0.5485302;0.18356884;2.0
0;0.63966846;0.2188622;2.0
0;1.2967633;0.1769592;2.0
0;0.27955922;0.10488308;2.0
0;1.2153978;0.12563643;2.0
0;0.8318386;0.14699359;2.0
0;0.73416466;0.20432182;2.0
0;0.12211143;0.026696535;2.0
0;0.69841766;0.20247783;2.0
0;0.83668184;0.21345752;2.0
0;0.62461114;0.13422112;2.0
0;0.5586163;0.095349915;2.0
0;0.48819423;0.06487734;2.0
0;0.9447651;0.19057871;2.0
0;0.47325027;0.12570617;2.0
0;0.28826421;0.17804469;2.0
0;0.52942824;0.1958293;2.0
0;1.0095072;0.16783565;2.0
0;0.2597806;0.21748216;2.0
0;0.74939364;0.12861022;2.0
0;0.7055421;0.062144026;2.0
0;0.57446426;0.080650605;2.0
0;0.81875646;0.07920128;2.0
0;0.55253917;0.12018382;2.0
0;0.85087717;0.111665174;2.0
0;0.6066614;0.16628113;2.0
0;0.66208124;0.16381551;2.0
0;0.7256371;0.15870449;2.0
0;0.3881749;0.15096323;2.0
0;0.70789516;0.10324712;2.0
0;0.70955;0.16124798;2.0
0;0.59968245;0.14446723;2.0
0;0.9798118;0.11746763;2.0
0;1.7999607;0.88708293;3.0
0;1.9656647;0.8363987;3.0
0;2.1491992;0.85739845;3.0
0;1.7357156;0.9296635;3.0
0;2.1021643;0.9832449;3.0
0;1.6066164;0.87007815;3.0
0;2.2998676;0.9062442;3.0
0;1.6658696;0.98224926;3.0
0;1.5678039;0.90857124;3.0
0;1.6990103;0.8300668;3.0
0;1.9794955;0.91519463;3.0
0;1.6762803;0.8829021;3.0
0;1.818322;0.8380202;3.0
0;1.8814602;0.8480894;3.0
0;1.7802798;0.9513486;3.0
0;2.0631187;0.91521424;3.0
0;2.2864661;0.84348375;3.0
0;2.090746;0.971266;3.0
0;1.8536146;0.9229551;3.0
0;1.9146886;0.8678686;3.0
0;1.9647076;0.8950755;3.0
0;1.7834741;0.9495256;3.0
0;1.5578208;0.940387;3.0
0;1.7171657;0.78612435;3.0
0;1.8513699;0.8826564;3.0
0;2.1095023;0.86451375;3.0
0;1.9142115;0.8538301;3.0
0;2.3056831;0.8944596;3.0
0;1.8925846;0.809672;3.0
0;2.1067004;0.93298924;3.0
0;2.2803137;0.87788016;3.0
0;1.7318954;0.85342634;3.0
0;1.9154253;0.78884614;3.0
0;2.0701237;0.904743;3.0
0;1.9196738;0.8769018;3.0
0;1.9751;0.90309125;3.0
0;1.7521057;0.9746878;3.0
0;2.2722802;0.80693465;3.0
0;1.845142;0.86168784;3.0
0;2.0029712;0.971225;3.0
0;1.9404006;0.8586862;3.0
0;2.0094032;0.8726173;3.0
0;1.7589351;0.9098517;3.0
0;1.7428367;0.89532954;3.0
0;2.028837;0.9302469;3.0
0;1.8570726;0.9494008;3.0
0;1.9576056;0.89985585;3.0
0;1.8511789;0.96048254;3.0
0;2.2038667;0.94190305;3.0
0;1.9188628;0.89034057;3.0
0;1.6799186;0.81447196;3.0
0;1.7050698;0.9352734;3.0
0;1.9873159;0.8332765;3.0
0;1.6060756;0.8947038;3.0
0;1.9373558;0.7710003;3.0
0;2.210645;0.86483705;3.0
0;1.8927517;0.8548171;3.0
0;1.9520497;0.8341244;3.0
0;1.7439849;0.85270363;3.0
0;2.1071143;0.8549219;3.0
0;1.6547501;0.88060254;3.0
0;1.886913;0.8524581;3.0
0;1.870333;0.88111293;3.0
0;1.6711423;0.870465;3.0
0;2.3357542;0.93247545;3.0
0;1.9853187;0.79433215;3.0
0;1.8078072;0.91258186;3.0
0;1.8952103;0.8693972;3.0
0;1.8142841;0.89696276;3.0
0;2.0790772;0.9864927;3.0
0;2.0814352;0.90731394;3.0
0;1.5589712;0.90546596;3.0
0;1.5629901;0.830634;3.0
0;2.0420809;0.8964361;3.0
0;1.9700823;0.838148;3.0
0;1.7636473;0.87427044;3.0
0;1.7208402;0.8745955;3.0
0;1.7083662;0.79759175;3.0
0;1.8119677;0.7947758;3.0
0;1.6620902;0.9076723;3.0
0;1.8157654;0.92191046;3.0
0;1.6258618;1.0;3.0
0;1.9339569;0.7885974;3.0
0;2.1736233;0.9292863;3.0
0;2.161272;0.8828199;3.0
0;1.8258345;0.9795954;3.0
0;1.5132687;0.9069667;3.0
0;2.277605;0.831881;3.0
0;1.4975432;0.9600925;3.0
0;1.6968727;0.8187139;3.0
0;2.1660552;0.8144843;3.0
0;2.0563369;0.8288368;3.0
0;1.9158053;0.9933731;3.0
0;1.9771628;0.91763955;3.0
0;1.803806;0.8935667;3.0
0;2.1684196;0.98657435;3.0
0;1.5383409;0.7659373;3.0
0;1.7758279;0.8957592;3.0
0;1.8269968;0.8683704;3.0
0;1.9581671;0.86038774;3.0
0;1.7621257;0.87042934;3.0
0;1.5353236;0.88696045;3.0
0;2.0266943;0.8845516;3.0
0;1.5017941;0.8880683;3.0
0;1.9075806;0.82216966;3.0
0;1.5181886;0.831664;3.0
0;2.0270889;0.8830397;3.0
0;1.7074282;0.89892036;3.0
0;1.9890685;0.8909775;3.0
0;2.1656268;0.83303165;3.0
0;1.9054916;0.9185779;3.0
0;1.9035776;0.80599266;3.0
0;2.2374399;0.94646907;3.0
0;2.0574193;0.9907505;3.0
0;1.7293475;0.91202295;3.0
0;2.7238743;0.92201;3.0
0;2.3752663;0.95102775;3.0
0;1.7453123;0.9208285;3.0
0;1.7952039;0.9732122;3.0
0;1.8049257;0.9200573;3.0
0;1.4946775;0.8881744;3.0
0;2.0132723;0.8080129;3.0
0;1.8595414;0.84221095;3.0
0;2.1293771;0.9329367;3.0
0;2.1021216;0.8779929;3.0
0;1.7716087;0.9568228;3.0
0;1.8803604;0.8448273;3.0
0;1.8510156;0.873154;3.0
0;2.3188264;0.9310366;3.0
0;2.0242097;0.8917797;3.0
0;2.1594143;0.8380102;3.0
0;1.9440403;0.88927853;3.0
0;1.7925844;0.9079839;3.0
0;1.6988869;0.8591968;3.0
0;2.2202835;0.8664036;3.0
0;2.1758745;0.8824982;3.0
0;1.7070447;0.95820075;3.0
0;1.9713832;0.9275136;3.0
0;1.6951969;0.8969398;3.0
0;1.7403634;0.91196537;3.0
0;2.0339355;0.8698343;3.0
0;2.140515;0.8752927;3.0
0;2.1854548;0.8904497;3.0
0;1.7555549;0.8583452;3.0
0;1.9062577;0.8723338;3.0
0;2.1511786;0.8945723;3.0
0;1.8775489;0.9212583;3.0
0;2.066536;0.93014675;3.0
0;1.88325;0.9174749;3.0
0;2.01042;0.8687859;3.0
0;1.3754741;0.8787814;3.0
0;2.059547;0.90812707;3.0
0;1.9947608;0.92174715;3.0
0;1.4331621;0.86816925;3.0
0;1.8905184;0.89104724;3.0
0;1.7140807;0.93397987;3.0
0;2.0575848;0.8475664;3.0
0;2.001399;0.82298386;3.0
0;1.4848129;0.8947119;3.0
0;1.8738395;0.79040587;3.0
0;1.8117843;0.8024282;3.0
0;2.2229187;0.8616287;3.0
0;1.9974437;0.90921205;3.0
0;1.8718588;0.94691616;3.0
0;1.5335889;0.88573074;3.0
0;1.5675116;0.88249516;3.0
0;1.6780205;0.9034616;3.0
