DY
630
2

0;2.949858;0.95402104;1.0
0;2.946599;0.962706;1.0
0;2.9521637;0.9448334;1.0
0;2.9891932;0.9683655;1.0
0;2.9486804;0.9448219;1.0
0;2.9556084;0.94982433;1.0
0;2.9733236;0.9553319;1.0
0;2.9807873;0.9616888;1.0
0;2.9862936;0.95081407;1.0
0;2.928422;0.96409285;1.0
0;2.984934;0.9491015;1.0
0;2.9463272;0.9450244;1.0
0;3.002703;0.9522294;1.0
0;2.9442098;0.96532226;1.0
0;2.9076457;0.96036667;1.0
0;2.9672768;0.9454492;1.0
0;2.931693;0.9583836;1.0
0;3.00377;0.9557318;1.0
0;3.008662;0.9508247;1.0
0;3.006978;0.9513483;1.0
0;2.9323447;0.96153295;1.0
0;2.9530365;0.9476645;1.0
0;2.9724321;0.98280555;1.0
0;3.0060403;0.9607904;1.0
0;2.9611914;0.9514473;1.0
0;2.9737916;0.9596347;1.0
0;2.9534626;0.95420283;1.0
0;2.9983685;0.9538677;1.0
0;2.9866376;0.95754;1.0
0;2.9900007;0.95525265;1.0
0;2.9914274;0.9578543;1.0
0;2.972971;0.949516;1.0
0;2.9332101;0.9508387;1.0
0;2.9692864;0.9455298;1.0
0;2.9547777;0.9514925;1.0
0;2.97454;0.95985764;1.0
0;2.9696307;0.962273;1.0
0;2.943935;0.9586317;1.0
0;2.9718783;0.94112766;1.0
0;2.933372;0.94907105;1.0
0;2.9657907;0.94315416;1.0
0;2.912154;0.9562182;1.0
0;2.9959028;0.9522101;1.0
0;2.9846463;0.9543506;1.0
0;3.0130851;0.9519525;1.0
0;2.9988148;0.95316684;1.0
0;3.0068412;0.9644762;1.0
0;2.986385;0.9564062;1.0
0;2.9572544;0.9591531;1.0
0;3.0272539;0.95302343;1.0
0;3.0081005;0.95396584;1.0
0;2.933784;0.95452726;1.0
0;2.9166179;0.9572206;1.0
0;2.9781232;0.97337055;1.0
0;2.9752655;0.9584764;1.0
0;2.9723651;0.956174;1.0
0;2.971932;0.9534461;1.0
0;2.966604;0.96146566;1.0
0;2.964026;0.9431952;1.0
0;2.9597294;0.95113957;1.0
0;2.989485;0.96644574;1.0
0;2.9756494;0.9590806;1.0
0;2.971599;0.9604239;1.0
0;2.9984272;0.9474377;1.0
0;2.964911;0.96082777;1.0
0;2.9629002;0.95801336;1.0
0;3.0102398;0.96374935;1.0
0;2.9201326;0.9432053;1.0
0;2.9624815;0.97396106;1.0
0;2.9863622;0.94461775;1.0
0;2.9427733;0.9494658;1.0
0;2.9812307;0.9667588;1.0
0;2.966858;0.96188396;1.0
0;2.9827602;0.94854254;1.0
0;2.9873245;0.9451553;1.0
0;2.989084;0.95593566;1.0
0;2.9739559;0.9526069;1.0
0;2.9815626;0.94505554;1.0
0;2.9802969;0.957888;1.0
0;2.9789221;0.95547456;1.0
0;2.9597375;0.95545644;1.0
0;2.9677765;0.9576541;1.0
0;2.9909968;0.96153444;1.0
0;2.9570646;0.96214265;1.0
0;2.8857064;0.9504175;1.0
0;2.9578638;0.9574541;1.0
0;2.9620197;0.96876884;1.0
0;2.955356;0.9592945;1.0
0;2.9679956;0.9492194;1.0
0;3.0323524;0.9508093;1.0
0;2.947617;0.9645504;1.0
0;2.9399066;0.96388084;1.0
0;2.9734554;0.9540516;1.0
0;2.966346;0.9545789;1.0
0;3.023214;0.9524539;1.0
0;2.9761808;0.96904373;1.0
0;2.9813433;0.9534437;1.0
0;2.971249;0.9561653;1.0
0;2.9770205;0.95077133;1.0
0;2.9187145;0.96984845;1.0
0;2.9957616;0.9499062;1.0
0;3.052252;0.951083;1.0
0;2.979427;0.9612714;1.0
0;2.948623;0.95507956;1.0
0;2.9222584;0.9578535;1.0
0;2.990458;0.95988744;1.0
0;2.9861069;0.95862615;1.0
0;2.9867508;0.95080394;1.0
0;3.0008597;0.95722634;1.0
0;2.995285;0.958754;1.0
0;2.9401145;0.95733505;1.0
0;3.0349174;0.9414216;1.0
0;2.9503956;0.9660035;1.0
0;2.9367926;0.95982534;1.0
0;2.9473069;0.948201;1.0
0;2.9145503;0.96445656;1.0
0;2.9553194;0.94905365;1.0
0;3.034411;0.9601486;1.0
0;2.9776826;0.9590303;1.0
0;2.9243255;0.9632365;1.0
0;3.059782;0.94170374;1.0
0;2.9697425;0.94627976;1.0
0;2.9630623;0.9650721;1.0
0;2.9576638;0.9510906;1.0
0;3.011803;0.9584805;1.0
0;2.9850085;0.9496783;1.0
0;1.443179;0.46054047;2.0
0;1.5021151;0.4637094;2.0
0;1.4410372;0.46013248;2.0
0;1.4411029;0.4668961;2.0
0;1.4713995;0.45990872;2.0
0;1.4658415;0.46090478;2.0
0;1.4553688;0.45979592;2.0
0;1.4628694;0.4577623;2.0
0;1.4166901;0.4668687;2.0
0;1.4411606;0.46365792;2.0
0;1.4423829;0.45969948;2.0
0;1.487616;0.46633214;2.0
0;1.4383314;0.45826504;2.0
0;1.4552302;0.4601908;2.0
0;1.4700077;0.46109334;2.0
0;1.4424533;0.46531993;2.0
0;1.4873457;0.462476;2.0
0;1.468975;0.45924297;2.0
0;1.4347289;0.46719393;2.0
0;1.4632471;0.46572927;2.0
0;1.4637485;0.46636376;2.0
0;1.4725338;0.46029207;2.0
0;1.4720995;0.453131;2.0
0;1.4696274;0.4614197;2.0
0;1.4580489;0.4640086;2.0
0;1.4634587;0.4615897;2.0
0;1.4568074;0.46314582;2.0
0;1.4635602;0.4614923;2.0
0;1.4568716;0.46353012;2.0
0;1.4523154;0.4669577;2.0
0;1.4573127;0.4648865;2.0
0;1.4676712;0.4631175;2.0
0;1.4427642;0.46235666;2.0
0;1.4773225;0.46050796;2.0
0;1.4736185;0.4649416;2.0
0;1.4786826;0.46254474;2.0
0;1.4581664;0.46373388;2.0
0;1.452926;0.45649937;2.0
0;1.4674801;0.46601784;2.0
0;1.474958;0.46653104;2.0
0;1.4898945;0.46533754;2.0
0;1.5059831;0.46355316;2.0
0;1.4599732;0.46363875;2.0
0;1.4734493;0.4584024;2.0
0;1.4643054;0.46174094;2.0
0;1.4708381;0.4639825;2.0
0;1.467367;0.46671468;2.0
0;1.4405926;0.45897892;2.0
0;1.4558719;0.45933074;2.0
0;1.4815217;0.4565339;2.0
0;1.4137427;0.46075472;2.0
0;1.467717;0.4665129;2.0
0;1.4714807;0.46538442;2.0
0;1.452965;0.46062627;2.0
0;1.4735243;0.46731195;2.0
0;1.4663714;0.4689814;2.0
0;1.4688388;0.46294132;2.0
0;1.4398637;0.46309903;2.0
0;1.4521091;0.46904886;2.0
0;1.4421909;0.45943075;2.0
0;1.453488;0.4704187;2.0
0;1.4629663;0.46207622;2.0
0;1.4716326;0.46249914;2.0
0;1.4598757;0.46542045;2.0
0;1.4505134;0.46167302;2.0
0;1.4802593;0.45996106;2.0
0;1.468384;0.46280065;2.0
0;1.4690788;0.46007788;2.0
0;1.4754606;0.4644864;2.0
0;1.4747523;0.46167368;2.0
0;1.4728365;0.46004906;2.0
0;1.4419644;0.45919034;2.0
0;1.4393063;0.4598992;2.0
0;1.4707941;0.46253848;2.0
0;1.4621778;0.45159525;2.0
0;1.463679;0.46070796;2.0
0;1.451777;0.46421745;2.0
0;1.4370499;0.4666792;2.0
0;1.4337407;0.46347806;2.0
0;1.4436486;0.45553982;2.0
0;1.4278377;0.4670386;2.0
0;1.4681379;0.4566543;2.0
0;1.4785566;0.4643084;2.0
0;1.4629372;0.4668464;2.0
0;1.4417186;0.4612573;2.0
0;1.4581054;0.46964952;2.0
0;1.4666255;0.4632832;2.0
0;1.4597425;0.4559398;2.0
0;1.4945006;0.45777088;2.0
0;1.466493;0.45864493;2.0
0;1.4517993;0.4673473;2.0
0;1.4760166;0.46207938;2.0
0;1.4796475;0.4587951;2.0
0;1.4356365;0.455247;2.0
0;1.483399;0.46153176;2.0
0;1.4935377;0.46562046;2.0
0;1.4629672;0.4644705;2.0
0;1.4784623;0.46432042;2.0
0;1.4636424;0.46202984;2.0
0;1.4111071;0.46339202;2.0
0;1.4626217;0.46193397;2.0
0;1.4527395;0.46410403;2.0
0;1.4435045;0.46777877;2.0
0;1.4748919;0.4664212;2.0
0;1.4861789;0.46266827;2.0
0;1.4656692;0.46372408;2.0
0;1.4483325;0.45910054;2.0
0;1.4712169;0.46276176;2.0
0;1.4524091;0.4710461;2.0
0;1.4519409;0.46447542;2.0
0;1.4624946;0.46831897;2.0
0;1.4520866;0.4607788;2.0
0;1.4746431;0.46379694;2.0
0;1.4438947;0.46211705;2.0
0;1.4859265;0.46699676;2.0
0;1.4715488;0.46302438;2.0
0;1.4648881;0.4623521;2.0
0;1.4690672;0.4644847;2.0
0;1.4615914;0.46892104;2.0
0;1.4542613;0.46353954;2.0
0;1.4739898;0.46177757;2.0
0;1.4524575;0.46338242;2.0
0;1.4365392;0.45949727;2.0
0;1.4333527;0.4633576;2.0
0;1.4815233;0.46060446;2.0
0;1.4575546;0.4622458;2.0
0;0.111209944;0.9892145;3.0
0;0.1271452;0.9868352;3.0
0;0.100669354;0.9977174;3.0
0;0.1367385;0.9905441;3.0
0;0.08778491;0.9802186;3.0
0;0.09855573;0.9828156;3.0
0;0.08535093;0.99338466;3.0
0;0.07493669;0.99332285;3.0
0;0.11760275;0.9766788;3.0
0;0.10739009;0.98692644;3.0
0;0.11025982;0.97763026;3.0
0;0.13107146;0.9926991;3.0
0;0.09429395;0.97149706;3.0
0;0.12676196;0.9943744;3.0
0;0.08613259;0.9835102;3.0
0;0.10777615;0.99175453;3.0
0;0.11351982;0.98908925;3.0
0;0.06884599;0.99426836;3.0
0;0.100046046;0.9896347;3.0
0;0.08603769;0.9840505;3.0
0;0.078980304;0.9919527;3.0
0;0.09782685;0.9845802;3.0
0;0.11610766;0.98765916;3.0
0;0.066692494;0.9796292;3.0
0;0.09416059;0.9974274;3.0
0;0.06994351;0.98361117;3.0
0;0.09045698;0.981029;3.0
0;0.06707182;0.99339426;3.0
0;0.08876451;0.9822631;3.0
0;0.07392536;0.9847884;3.0
0;0.09437453;0.9967355;3.0
0;0.09078155;0.9835171;3.0
0;0.12113059;0.984967;3.0
0;0.13008934;0.9796313;3.0
0;0.122589186;0.98549426;3.0
0;0.09274271;0.984327;3.0
0;0.08062504;0.98646176;3.0
0;0.10584728;0.9785987;3.0
0;0.058669835;0.9865052;3.0
0;0.111639515;0.99404705;3.0
0;0.08111527;1.0;3.0
0;0.08928196;0.98192364;3.0
0;0.10879478;0.9842046;3.0
0;0.116635785;0.98438066;3.0
0;0.062216215;0.99817854;3.0
0;0.09039437;0.97698814;3.0
0;0.07984564;0.99346185;3.0
0;0.11562754;0.98114526;3.0
0;0.09355806;0.9918613;3.0
0;0.091447525;0.98483676;3.0
0;0.06633171;0.9965378;3.0
0;0.0979167;0.99215466;3.0
0;0.13347259;0.9803145;3.0
0;0.040251736;0.98913664;3.0
0;0.12727408;0.9909604;3.0
0;0.0981284;0.9899548;3.0
0;0.07043457;0.98922044;3.0
0;0.051779788;0.99380726;3.0
0;0.1514687;0.97886676;3.0
0;0.041028902;0.9850133;3.0
0;0.07740941;0.9873293;3.0
0;0.10488508;0.9940723;3.0
0;0.09471286;0.99580127;3.0
0;0.09597014;0.9855634;3.0
0;0.08260109;0.9856358;3.0
0;0.06553265;0.99592406;3.0
0;0.10874845;0.9868965;3.0
0;0.08474588;0.9901838;3.0
0;0.07465311;0.98475987;3.0
0;0.09021243;0.98949397;3.0
0;0.07121679;0.983505;3.0
0;0.08220577;0.9842091;3.0
0;0.077673614;0.98243654;3.0
0;0.10641836;0.98956424;3.0
0;0.08602449;0.99054426;3.0
0;0.066874154;0.99383986;3.0
0;0.06395445;0.9834002;3.0
0;0.08263675;0.9861195;3.0
0;0.051947407;0.99254084;3.0
0;0.11662455;0.9850954;3.0
0;0.081649564;0.99445707;3.0
0;0.050941695;0.9883669;3.0
0;0.057123363;0.9845403;3.0
0;0.122298874;0.99123025;3.0
0;0.08460409;0.9863273;3.0
0;0.07482831;0.9919823;3.0
0;0.041530635;0.99218106;3.0
0;0.057667773;0.98967475;3.0
0;0.0995693;0.97554153;3.0
0;0.07862429;0.98987836;3.0
0;0.1262316;0.9865605;3.0
0;0.0;0.9934035;3.0
0;0.107981674;0.98917264;3.0
0;0.027375156;0.98966306;3.0
0;0.10894246;0.9901471;3.0
0;0.05656632;0.9919827;3.0
0;0.088402316;0.9886873;3.0
0;0.07165507;0.98272663;3.0
0;0.05975809;0.98265946;3.0
0;0.077561304;0.98696804;3.0
0;0.07370131;0.99042976;3.0
0;0.08462936;0.98687005;3.0
0;0.08843769;0.9983486;3.0
0;0.114487626;0.99227494;3.0
0;0.074416704;0.9947711;3.0
0;0.0613259;0.98939955;3.0
0;0.04084584;0.98152405;3.0
0;0.06380732;0.98956674;3.0
0;0.1363659;0.9865198;3.0
0;0.113403864;0.9868169;3.0
0;0.055497997;0.98641396;3.0
0;0.11293666;0.98538166;3.0
0;0.10855696;0.9878757;3.0
0;0.075407535;0.9800178;3.0
0;0.07884414;0.99588215;3.0
0;0.07841232;0.9881616;3.0
0;0.09704155;0.9848773;3.0
0;0.058981486;0.9873649;3.0
0;0.12170982;0.98097265;3.0
0;0.071531534;0.9806152;3.0
0;0.07879865;0.9795749;3.0
0;0.06529596;0.9907764;3.0
0;0.08783489;0.9808781;3.0
0;0.086349346;0.98596925;3.0
0;0.13209037;0.98756653;3.0
0;0.045870185;0.98171914;3.0
0;3.9190767;0.029298773;4.0
0;3.8885515;0.02962563;4.0
0;3.9332228;0.010258693;4.0
0;3.948473;0.021228071;4.0
0;3.8746455;0.03164413;4.0
0;3.8507094;0.031895302;4.0
0;3.9398925;0.02083418;4.0
0;3.9394448;0.014731779;4.0
0;3.834681;0.030594844;4.0
0;3.9636874;0.02573232;4.0
0;3.9293423;0.027117364;4.0
0;3.9157588;0.01700358;4.0
0;4.0;0.016059464;4.0
0;3.9809077;0.0332246;4.0
0;3.950433;0.026110793;4.0
0;3.9870055;0.026342094;4.0
0;3.890513;0.017974602;4.0
0;3.8909903;0.03653943;4.0
0;3.9137797;0.035180517;4.0
0;3.961289;0.025921814;4.0
0;3.8825817;0.020225823;4.0
0;3.9134562;0.033707853;4.0
0;3.9077516;0.008912233;4.0
0;3.8681486;0.018867297;4.0
0;3.8978417;0.011463405;4.0
0;3.951255;0.041042257;4.0
0;3.9822237;0.04401023;4.0
0;3.927966;0.02745422;4.0
0;3.9582453;0.020431511;4.0
0;3.9732223;0.019844059;4.0
0;3.868691;0.0152469035;4.0
0;3.8607857;0.031644966;4.0
0;3.9335136;0.021035029;4.0
0;3.8575704;0.023704981;4.0
0;3.9184144;0.041654162;4.0
0;3.9562552;0.030720852;4.0
0;3.8587914;0.03314563;4.0
0;3.9332;0.034662746;4.0
0;3.9221027;0.021512732;4.0
0;3.9203434;0.028173808;4.0
0;3.9532073;0.030439803;4.0
0;3.8815703;0.013923411;4.0
0;3.9181547;0.024970729;4.0
0;3.943213;0.030489871;4.0
0;3.8840306;0.010021584;4.0
0;3.922747;0.031061387;4.0
0;3.9676056;0.03518116;4.0
0;3.917766;0.0068919277;4.0
0;3.9721246;0.013558101;4.0
0;3.9201117;0.036712408;4.0
0;3.876849;0.037181012;4.0
0;3.932341;0.034776043;4.0
0;3.8483455;0.03554176;4.0
0;3.9670393;0.0077613303;4.0
0;3.887742;0.019517332;4.0
0;3.9865122;0.013692495;4.0
0;3.900978;0.036032304;4.0
0;3.9193764;0.013180467;4.0
0;3.9441218;0.017182881;4.0
0;3.876064;0.020745141;4.0
0;3.9717057;0.015368071;4.0
0;3.9480298;0.011280492;4.0
0;3.8885107;0.023406772;4.0
0;3.8702989;0.027542999;4.0
0;3.9381537;0.023388512;4.0
0;3.9563687;0.01398006;4.0
0;3.881064;0.017116297;4.0
0;3.880491;0.027977733;4.0
0;3.898218;0.012379327;4.0
0;3.893673;0.034870565;4.0
0;3.9640417;0.020846888;4.0
0;3.9836762;0.034805916;4.0
0;3.942958;0.020933604;4.0
0;3.9585245;0.032837808;4.0
0;3.9080935;0.019489653;4.0
0;3.911745;0.020189563;4.0
0;3.9686205;0.022910744;4.0
0;3.9111595;0.0213264;4.0
0;3.905636;0.01891317;4.0
0;3.9050813;0.039014794;4.0
0;3.9045384;0.018560119;4.0
0;3.9628496;0.01327015;4.0
0;3.8922448;0.028721;4.0
0;3.8676696;0.021452794;4.0
0;3.8895905;0.014021094;4.0
0;3.92371;0.042194128;4.0
0;3.926285;0.025669413;4.0
0;3.9286513;0.04286533;4.0
0;3.9594083;0.027373893;4.0
0;3.8966038;0.051389668;4.0
0;3.9201214;0.007182718;4.0
0;3.9807518;0.044024747;4.0
0;3.946746;0.012811673;4.0
0;3.9221358;0.036868997;4.0
0;3.8847232;0.017426055;4.0
0;3.8927076;0.005810578;4.0
0;3.939321;0.027108459;4.0
0;3.9203908;0.022492334;4.0
0;3.8990333;0.011375078;4.0
0;3.9585912;0.036602467;4.0
0;3.8724802;0.014863269;4.0
0;3.9005966;0.01837101;4.0
0;3.9553523;0.039726317;4.0
0;3.9834397;0.036925837;4.0
0;3.9794345;0.031031126;4.0
0;3.8817363;0.025079574;4.0
0;3.9229724;0.028592993;4.0
0;3.9385154;0.02535946;4.0
0;3.910363;0.043527428;4.0
0;3.9590018;0.031995244;4.0
0;3.937812;0.026665596;4.0
0;3.8803513;0.022018632;4.0
0;3.8603444;0.02332451;4.0
0;3.8041396;0.043929256;4.0
0;3.8769605;0.025044862;4.0
0;3.9869044;0.0339078;4.0
0;3.930885;0.011371722;4.0
0;3.9348233;0.016463486;4.0
0;3.9272785;0.017602453;4.0
0;3.9691057;0.03336577;4.0
0;3.8911235;0.020116914;4.0
0;3.8722675;0.026362676;4.0
0;3.9124992;0.021239491;4.0
0;3.9414222;0.0;4.0
0;3.9400754;0.024918469;4.0
0;3.9653537;0.024069518;4.0
0;2.9764736;0.2479692;5.0
0;2.7238948;0.23688053;5.0
0;2.867733;0.17790282;5.0
0;2.6240249;0.24634407;5.0
0;2.7601886;0.25441355;5.0
0;2.7392414;0.36672857;5.0
0;2.7774882;0.2997603;5.0
0;2.8189108;0.19195715;5.0
0;2.8078113;0.14545988;5.0
0;2.6528702;0.2850064;5.0
0;3.0470498;0.27221265;5.0
0;2.5845907;0.2684713;5.0
0;3.12244;0.22035252;5.0
0;3.141068;0.2430179;5.0
0;2.717977;0.30424383;5.0
0;2.533596;0.16858025;5.0
0;3.0030298;0.20956005;5.0
0;2.6232238;0.38649803;5.0
0;2.628402;0.23711924;5.0
0;2.869805;0.19550785;5.0
0;3.1825407;0.21812794;5.0
0;2.3084166;0.35511142;5.0
0;2.8486643;0.23723376;5.0
0;3.0072029;0.17975254;5.0
0;3.0807045;0.28069854;5.0
0;2.9897487;0.2382902;5.0
0;2.871156;0.2073187;5.0
0;2.8364022;0.15606524;5.0
0;2.973144;0.22647776;5.0
0;2.663848;0.22586262;5.0
0;2.5042136;0.17749454;5.0
0;3.1879666;0.16888452;5.0
0;2.719786;0.17005685;5.0
0;2.9897413;0.28674662;5.0
0;2.7594144;0.22103797;5.0
0;2.75197;0.28599998;5.0
0;2.6171105;0.2005924;5.0
0;2.613112;0.2419426;5.0
0;3.1336813;0.22212777;5.0
0;2.9252448;0.3499228;5.0
0;2.241355;0.27277508;5.0
0;2.3664055;0.19721073;5.0
0;2.55251;0.27637708;5.0
0;2.6679006;0.3995872;5.0
0;3.207402;0.1226803;5.0
0;3.1205623;0.27661064;5.0
0;3.1449823;0.25322354;5.0
0;2.537637;0.15644222;5.0
0;2.5979176;0.26664376;5.0
0;2.8425038;0.18767633;5.0
0;3.1783152;0.23522082;5.0
0;2.6321626;0.20291562;5.0
0;2.2371426;0.15178493;5.0
0;2.073238;0.25533184;5.0
0;3.0048726;0.24985117;5.0
0;2.868232;0.22669595;5.0
0;3.270803;0.27915937;5.0
0;2.9615502;0.27531424;5.0
0;2.862517;0.30832472;5.0
0;3.390521;0.20407845;5.0
0;3.0967853;0.33253276;5.0
0;3.0402372;0.15474749;5.0
0;2.7126503;0.2097356;5.0
0;2.6033895;0.15862131;5.0
0;2.9242153;0.25205097;5.0
0;2.9945621;0.24021232;5.0
0;2.648984;0.3070115;5.0
0;2.8066254;0.23056823;5.0
0;2.8075445;0.18292846;5.0
0;3.0814233;0.20655484;5.0
0;2.3178127;0.2923708;5.0
0;2.8295403;0.07575191;5.0
0;2.4884336;0.2580389;5.0
0;2.8206794;0.21479943;5.0
0;2.5940247;0.35864523;5.0
0;2.8589864;0.20293297;5.0
0;2.8171513;0.25996804;5.0
0;2.6792629;0.078179464;5.0
0;2.8678672;0.2820992;5.0
0;2.9942555;0.19181816;5.0
0;2.8459492;0.20050949;5.0
0;3.095958;0.20535763;5.0
0;3.1774266;0.3633129;5.0
0;2.643383;0.2998316;5.0
0;2.2846482;0.20772943;5.0
0;2.695411;0.24133025;5.0
0;3.1449113;0.09373271;5.0
0;3.2685683;0.2603702;5.0
0;2.909836;0.20790996;5.0
0;2.4989321;0.08999224;5.0
0;2.656905;0.19986919;5.0
0;2.578532;0.24374478;5.0
0;2.643035;0.03659453;5.0
0;2.9315202;0.24565029;5.0
0;3.2818468;0.060609914;5.0
0;2.6905048;0.22691926;5.0
0;3.0812144;0.230099;5.0
0;3.3445945;0.26088405;5.0
0;2.793024;0.19527869;5.0
0;3.1933653;0.18700436;5.0
0;2.733672;0.21666327;5.0
0;3.200102;0.24846852;5.0
0;2.7252371;0.2988284;5.0
0;3.3874884;0.36665225;5.0
0;3.0635052;0.23079528;5.0
0;2.9273224;0.21284397;5.0
0;3.2223513;0.24180324;5.0
0;2.7475653;0.35649955;5.0
0;3.3755822;0.16391419;5.0
0;3.10924;0.3060609;5.0
0;3.3068254;0.14995264;5.0
0;2.6612246;0.163072;5.0
0;2.641745;0.36925682;5.0
0;2.8100543;0.08970235;5.0
0;3.0268826;0.2890019;5.0
0;2.7846098;0.1730483;5.0
0;2.776057;0.28232515;5.0
0;2.654298;0.326685;5.0
0;2.968564;0.33284238;5.0
0;2.6208541;0.1778565;5.0
0;2.656663;0.23770902;5.0
0;2.5658178;0.20499715;5.0
0;3.5787537;0.23444775;5.0
0;2.8145242;0.18453752;5.0
0;2.4684484;0.17183185;5.0
0;2.904687;0.09377793;5.0
