DY
876
2

0;2.7889514;0.947379;1.0
0;2.7189913;0.9462317;1.0
0;2.8412666;0.93994427;1.0
0;2.8959966;0.9521477;1.0
0;2.8499053;0.9494313;1.0
0;2.8896298;0.97619385;1.0
0;2.827056;0.955823;1.0
0;2.8373597;0.9569672;1.0
0;2.8591433;0.95217603;1.0
0;2.851506;0.97328943;1.0
0;2.8320963;0.95887905;1.0
0;2.8577921;0.95520246;1.0
0;2.8350952;0.9555785;1.0
0;2.8039129;0.97452444;1.0
0;2.8468385;0.9560589;1.0
0;2.8847888;0.96247613;1.0
0;2.8694377;0.9672692;1.0
0;2.868933;0.95014775;1.0
0;2.8408427;0.95566916;1.0
0;2.9150944;0.9582041;1.0
0;2.872655;0.9592536;1.0
0;2.8908322;0.95126015;1.0
0;2.967397;0.93780816;1.0
0;2.9496977;0.9757594;1.0
0;2.8238192;0.94231087;1.0
0;2.8289468;0.9550489;1.0
0;2.8990178;0.96925855;1.0
0;2.9458299;0.97495633;1.0
0;2.845235;0.9587942;1.0
0;2.8470125;0.96086663;1.0
0;2.8655272;0.9650951;1.0
0;2.8477247;0.9500922;1.0
0;2.904041;0.96889853;1.0
0;2.8656423;0.9808815;1.0
0;2.816201;0.9850037;1.0
0;2.811594;0.96922326;1.0
0;2.7780259;0.9508553;1.0
0;2.8934078;0.95989245;1.0
0;2.78839;0.94069594;1.0
0;2.8070097;0.95063853;1.0
0;2.8239894;0.9460327;1.0
0;2.8044362;0.96373916;1.0
0;2.8751874;0.97174627;1.0
0;2.8465402;0.943474;1.0
0;2.8892372;0.9597291;1.0
0;2.8531637;0.97625834;1.0
0;2.8800232;0.9696793;1.0
0;2.838542;0.9581711;1.0
0;2.904652;0.9742813;1.0
0;2.9121552;0.98017895;1.0
0;2.875051;0.9770798;1.0
0;2.8765578;0.94305205;1.0
0;2.9052267;0.9575674;1.0
0;2.8383539;0.96266717;1.0
0;2.8934479;0.96670264;1.0
0;2.818798;0.9603544;1.0
0;2.8749156;0.94883937;1.0
0;2.8233643;0.94672835;1.0
0;2.9478261;0.9294219;1.0
0;2.8697243;0.94109577;1.0
0;2.8766124;0.9445415;1.0
0;2.8496656;0.9621036;1.0
0;2.8550236;0.9510598;1.0
0;2.8186953;0.96080005;1.0
0;2.894802;0.94745994;1.0
0;2.89019;0.96030307;1.0
0;2.8535938;0.97502303;1.0
0;2.8889995;0.9517055;1.0
0;2.791748;0.93684036;1.0
0;2.9529614;0.98373854;1.0
0;2.8217018;0.957271;1.0
0;2.8555417;0.97510207;1.0
0;2.8159828;0.9496476;1.0
0;2.8972173;0.95172614;1.0
0;2.7799983;0.96308976;1.0
0;2.8921695;0.9701344;1.0
0;2.9684663;0.9616366;1.0
0;2.8097932;0.96229327;1.0
0;2.8441193;0.97188216;1.0
0;2.8827348;0.93613905;1.0
0;2.9039521;0.94969755;1.0
0;2.8657506;0.9539407;1.0
0;2.8115077;0.9491894;1.0
0;2.8773432;0.9425008;1.0
0;2.9328766;0.9464979;1.0
0;2.79817;0.9314943;1.0
0;2.828471;0.9408422;1.0
0;2.8550918;0.98176014;1.0
0;2.784134;0.9654555;1.0
0;2.961845;0.93656164;1.0
0;2.864521;0.95611507;1.0
0;2.8358948;0.96133745;1.0
0;2.8364973;0.9665791;1.0
0;2.8870196;0.9687478;1.0
0;2.8614783;0.96779597;1.0
0;2.895975;0.941955;1.0
0;2.891241;0.9739042;1.0
0;2.8292603;0.96904355;1.0
0;2.9878173;0.9533358;1.0
0;2.894141;0.96493435;1.0
0;2.78793;0.96178234;1.0
0;2.8881764;0.9593215;1.0
0;2.8369799;0.98925537;1.0
0;2.8607333;0.9611657;1.0
0;2.8748515;0.94612586;1.0
0;2.8720884;0.95605665;1.0
0;2.8404284;0.9529377;1.0
0;2.8104305;0.9791682;1.0
0;2.8275592;0.9857441;1.0
0;2.8402314;0.9628313;1.0
0;2.8437505;0.96304834;1.0
0;2.883962;0.9612647;1.0
0;2.8343308;0.96352553;1.0
0;2.837924;0.95691246;1.0
0;2.865884;0.956411;1.0
0;2.9062805;0.98102576;1.0
0;2.8051805;0.984897;1.0
0;2.890159;0.9508815;1.0
0;2.8612523;0.97411007;1.0
0;2.8167963;0.9816498;1.0
0;2.8175108;0.94869995;1.0
0;2.891428;0.95603967;1.0
0;2.872419;0.9800127;1.0
0;2.8827674;0.9674072;1.0
0;2.9106998;0.9788178;1.0
0;2.8236592;0.9616287;1.0
0;2.7875872;0.9632658;1.0
0;2.8531942;0.9657185;1.0
0;2.7822127;0.96543866;1.0
0;2.995214;0.9761201;1.0
0;2.9067378;0.95701945;1.0
0;2.9926524;0.939074;1.0
0;2.7927597;0.9667968;1.0
0;2.7994313;0.9457943;1.0
0;2.9194474;0.9579144;1.0
0;2.836935;0.9707009;1.0
0;2.859154;0.9739792;1.0
0;2.9296703;0.9649442;1.0
0;2.8170319;0.99303657;1.0
0;2.811956;0.970468;1.0
0;2.8488922;0.95873386;1.0
0;2.769053;0.9414879;1.0
0;2.863377;0.97229725;1.0
0;2.8393774;0.95852304;1.0
0;2.965124;0.9726806;1.0
0;2.908652;0.9415542;1.0
0;2.8552418;0.94143784;1.0
0;2.847805;0.9743364;1.0
0;2.9467258;0.9612326;1.0
0;2.7999778;0.967877;1.0
0;2.9481354;0.956455;1.0
0;2.783939;0.95060396;1.0
0;2.9213798;0.98494595;1.0
0;2.8182335;0.9660831;1.0
0;2.8903303;0.96472496;1.0
0;2.9016461;0.95068663;1.0
0;2.835445;0.9681856;1.0
0;2.8897858;0.95804167;1.0
0;2.8900673;0.9709107;1.0
0;2.8104906;0.94207746;1.0
0;2.835422;0.96544963;1.0
0;2.87746;0.9845373;1.0
0;2.7712402;0.9585095;1.0
0;2.8088653;0.95737237;1.0
0;2.7360938;0.966223;1.0
0;2.8325934;0.96829593;1.0
0;2.6715996;0.95756984;1.0
0;2.910843;0.9404298;1.0
0;2.934261;0.95162815;1.0
0;2.9016032;0.9809634;1.0
0;2.8208828;0.9620579;1.0
0;2.8792648;0.9607443;1.0
0;2.9492729;0.9745579;1.0
0;2.8412795;0.9725337;1.0
0;2.8883805;0.97011185;1.0
0;2.8348002;0.9695234;1.0
0;2.8482502;0.98147035;1.0
0;2.8165696;0.97388273;1.0
0;2.901335;0.9689867;1.0
0;2.9363267;0.95547;1.0
0;2.9105525;0.9638943;1.0
0;2.8877985;0.9725317;1.0
0;2.895287;0.9676119;1.0
0;2.849261;0.9635621;1.0
0;2.8981876;0.9757045;1.0
0;2.8340607;0.97536546;1.0
0;2.9004302;0.94985706;1.0
0;2.895509;0.9508636;1.0
0;2.9363384;0.9449933;1.0
0;2.8351188;0.95021874;1.0
0;2.87995;0.9862583;1.0
0;2.8192542;0.96069056;1.0
0;2.8183212;0.9688155;1.0
0;2.929866;0.97156036;1.0
0;2.774028;0.9604547;1.0
0;2.919106;0.95056695;1.0
0;2.8314395;0.97735065;1.0
0;2.9484675;0.9782887;1.0
0;2.7553678;0.95541936;1.0
0;2.911289;0.9420184;1.0
0;2.8328502;0.9437359;1.0
0;2.8946664;0.9705317;1.0
0;2.881943;0.94793177;1.0
0;2.9080691;0.9562143;1.0
0;2.994536;0.98042744;1.0
0;2.8419604;0.9585731;1.0
0;2.8244102;0.95635414;1.0
0;2.8666058;0.96784365;1.0
0;2.8236356;0.97044444;1.0
0;2.840663;0.9733684;1.0
0;2.812642;0.9852677;1.0
0;2.8315184;0.9743392;1.0
0;2.8265142;0.9463839;1.0
0;2.9257617;0.9722494;1.0
0;2.9328427;0.9700547;1.0
0;2.9209058;0.96288294;1.0
0;2.8831825;0.94825786;1.0
0;2.9251375;0.9685872;1.0
0;2.8417873;0.9864053;1.0
0;2.8056684;0.94258356;1.0
0;2.859085;0.9841091;1.0
0;2.817088;0.975895;1.0
0;2.839075;0.9525744;1.0
0;2.7873251;0.9535198;1.0
0;2.881809;0.9778846;1.0
0;2.8695254;0.9631206;1.0
0;2.858283;0.9478768;1.0
0;2.7845407;0.96026844;1.0
0;2.930562;0.9514367;1.0
0;2.8252118;0.9653861;1.0
0;2.8923652;0.9709082;1.0
0;3.0;0.97952574;1.0
0;2.862778;0.9796766;1.0
0;2.8780077;0.9836488;1.0
0;2.9030652;0.946932;1.0
0;2.8178952;0.95081306;1.0
0;2.8455763;0.9405168;1.0
0;2.8729544;0.94754195;1.0
0;2.7615755;0.9382743;1.0
0;2.9224787;0.9465729;1.0
0;2.8807654;0.94644743;1.0
0;2.888201;0.9604435;1.0
0;2.8857656;0.9378245;1.0
0;2.8149679;0.94030195;1.0
0;2.8540344;0.97600585;1.0
0;2.802771;0.9586866;1.0
0;2.7761197;0.9873455;1.0
0;2.8363757;0.98164284;1.0
0;2.8586445;0.9539882;1.0
0;2.9760756;0.95223665;1.0
0;2.784387;0.97575045;1.0
0;2.909048;0.980321;1.0
0;2.8421092;0.93035215;1.0
0;2.8875244;0.94786954;1.0
0;2.8813686;0.94291645;1.0
0;2.923951;0.94260263;1.0
0;2.8996665;0.9577873;1.0
0;2.870881;0.96745706;1.0
0;2.8983443;0.9652685;1.0
0;2.8850367;0.9572991;1.0
0;2.8915682;0.9448097;1.0
0;2.7874012;0.94839406;1.0
0;2.8925087;0.97995645;1.0
0;2.7855785;0.95988464;1.0
0;2.8106253;0.9675392;1.0
0;2.850062;0.96224135;1.0
0;2.8974848;0.9620614;1.0
0;2.8947601;0.96849686;1.0
0;2.795107;1.0;1.0
0;2.8098598;0.98864007;1.0
0;2.8822093;0.9253691;1.0
0;2.8577738;0.9489879;1.0
0;2.8698516;0.9749247;1.0
0;2.7928717;0.958318;1.0
0;2.8466163;0.9567897;1.0
0;2.849515;0.9910502;1.0
0;2.9320168;0.96727353;1.0
0;2.7838929;0.9544024;1.0
0;2.873631;0.9793773;1.0
0;2.9201684;0.97865236;1.0
0;2.7982745;0.9697153;1.0
0;2.8418002;0.9548302;1.0
0;2.8424294;0.9567959;1.0
0;2.8945835;0.9539227;1.0
0;2.804424;0.9501256;1.0
0;2.8759158;0.9597702;1.0
0;2.8324347;0.98360497;1.0
0;2.823708;0.97909164;1.0
0;2.8963048;0.96120024;1.0
0;2.8103445;0.97215354;1.0
0;2.8727925;0.9712556;1.0
0;2.9581547;0.9596609;1.0
0;2.9261317;0.9759113;1.0
0;2.8744206;0.97287196;1.0
0;2.8620372;0.9760716;1.0
0;2.8624508;0.9529364;1.0
0;2.8919246;0.9478452;1.0
0;2.886927;0.97123367;1.0
0;2.7908177;0.99409777;1.0
0;2.9074507;0.9689273;1.0
0;2.8539166;0.9633375;1.0
0;2.9498744;0.93844306;1.0
0;2.90153;0.95514023;1.0
0;2.8846476;0.96457565;1.0
0;2.9596786;0.97060174;1.0
0;2.930647;0.94172513;1.0
0;2.7934158;0.9645519;1.0
0;2.8155916;0.97388947;1.0
0;2.8969374;0.94910324;1.0
0;2.834454;0.9670567;1.0
0;2.9140294;0.97380084;1.0
0;2.7717767;0.97208625;1.0
0;2.8691962;0.98034644;1.0
0;2.8404655;0.94900143;1.0
0;2.814928;0.979921;1.0
0;2.833496;0.9540557;1.0
0;2.9264336;0.9487996;1.0
0;2.8127239;0.941818;1.0
0;2.901177;0.96010226;1.0
0;2.8867648;0.9437769;1.0
0;2.862831;0.9471506;1.0
0;2.945457;0.9479259;1.0
0;2.8345108;0.95320207;1.0
0;2.8424563;0.9751809;1.0
0;2.8082547;0.96946156;1.0
0;2.814721;0.95171666;1.0
0;2.8649502;0.983375;1.0
0;2.8641725;0.9664734;1.0
0;2.8342502;0.96746165;1.0
0;2.8827126;0.9797031;1.0
0;2.7623606;0.9830509;1.0
0;2.8427;0.9688367;1.0
0;2.8293297;0.9556755;1.0
0;2.897426;0.96547556;1.0
0;2.894529;0.96222126;1.0
0;2.8186529;0.9494288;1.0
0;2.817781;0.9532915;1.0
0;2.73929;0.9443115;1.0
0;2.8512266;0.9542355;1.0
0;2.879719;0.9513443;1.0
0;2.8397322;0.9514546;1.0
0;2.7851837;0.9695041;1.0
0;2.8224704;0.9771232;1.0
0;2.866239;0.9755265;1.0
0;2.8522992;0.97496593;1.0
0;2.891784;0.9690793;1.0
0;2.884154;0.94835055;1.0
0;2.9930353;0.9595018;1.0
0;2.8384414;0.9606165;1.0
0;2.996663;0.9562961;1.0
0;2.8879292;0.9762651;1.0
0;2.896882;0.9588513;1.0
0;2.8635986;0.9433923;1.0
0;2.947471;0.9719256;1.0
0;2.8475919;0.9615421;1.0
0;2.8327754;0.94566166;1.0
0;2.856068;0.963418;1.0
0;2.87363;0.9650943;1.0
0;2.825031;0.97926116;1.0
0;2.773744;0.9681109;1.0
0;2.8321319;0.96683073;1.0
0;2.8151314;0.94886214;1.0
0;2.796587;0.96682614;1.0
0;2.8507264;0.95878726;1.0
0;2.766981;0.98231375;1.0
0;2.919317;0.9532498;1.0
0;2.9004312;0.9522597;1.0
0;2.8828819;0.95431995;1.0
0;2.958898;0.9684105;1.0
0;2.909052;0.9658901;1.0
0;2.9389691;0.9686137;1.0
0;2.8474634;0.9563483;1.0
0;2.9187145;0.9595992;1.0
0;2.8711596;0.9762166;1.0
0;2.962304;0.9450692;1.0
0;2.8211372;0.95859987;1.0
0;2.8379393;0.970656;1.0
0;2.8913147;0.9559463;1.0
0;2.8783069;0.9573211;1.0
0;2.8602207;0.9492263;1.0
0;2.857592;0.9590898;1.0
0;2.8852317;0.96335226;1.0
0;2.817595;0.9469222;1.0
0;2.8339887;0.964785;1.0
0;2.8403583;0.9596833;1.0
0;2.8463306;0.96538496;1.0
0;2.9084568;0.9630269;1.0
0;2.7701004;0.9610536;1.0
0;2.8948717;0.9594178;1.0
0;2.8419895;0.9815632;1.0
0;2.8518307;0.95857877;1.0
0;2.8035624;0.9686697;1.0
0;2.7847266;0.94742227;1.0
0;2.813136;0.96124345;1.0
0;2.8365316;0.9569554;1.0
0;2.9172513;0.96008646;1.0
0;2.8555694;0.98406667;1.0
0;2.8589864;0.95952773;1.0
0;2.7993884;0.98181903;1.0
0;2.9163992;0.9772092;1.0
0;2.8448734;0.95970464;1.0
0;2.8544316;0.9536656;1.0
0;2.8114285;0.96355;1.0
0;2.9822955;0.9750987;1.0
0;2.9186244;0.9851137;1.0
0;2.8723366;0.97319293;1.0
0;2.8021934;0.93477225;1.0
0;2.978774;0.98914015;1.0
0;2.8324099;0.9501873;1.0
0;2.9055915;0.96003574;1.0
0;2.8204033;0.9567253;1.0
0;2.8006198;0.96153545;1.0
0;2.73984;0.9620904;1.0
0;2.8892097;0.9543896;1.0
0;2.896986;0.9478081;1.0
0;2.9570765;0.9532572;1.0
0;2.8935888;0.97278774;1.0
0;2.934147;0.95817447;1.0
0;2.8939419;0.97520024;1.0
0;2.8673077;0.9561092;1.0
0;2.8199174;0.9653974;1.0
0;2.9119759;0.9720143;1.0
0;2.836495;0.97540975;1.0
0;2.8969986;0.94721645;1.0
0;2.8780127;0.96046436;1.0
0;2.8111677;0.9644026;1.0
0;2.845124;0.9702403;1.0
0;2.9262602;0.95411986;1.0
0;2.9368024;0.9773781;1.0
0;2.8402233;0.9413493;1.0
0;2.8144317;0.96324944;1.0
0;2.856792;0.96027416;1.0
0;2.7813902;0.96077675;1.0
0;2.887229;0.97368634;1.0
0;2.7884247;0.99003536;1.0
0;2.8399253;0.9711739;1.0
0;2.7776382;0.95870817;1.0
0;2.8335245;0.9369468;1.0
0;1.6233119;0.18694308;2.0
0;0.80190164;0.13234092;2.0
0;1.3773377;0.20064266;2.0
0;0.8863119;0.28854734;2.0
0;1.9000486;0.27127114;2.0
0;0.7864339;0.28405413;2.0
0;0.60059553;0.11520538;2.0
0;1.2957263;0.40626723;2.0
0;1.5550865;0.10910774;2.0
0;0.8388424;0.3572746;2.0
0;1.0960561;0.22925442;2.0
0;1.6233716;0.074608535;2.0
0;1.2412385;0.15631574;2.0
0;1.9106455;0.119147584;2.0
0;0.0;0.24564193;2.0
0;0.76019084;0.29529774;2.0
0;0.39676028;0.31710705;2.0
0;0.9583059;0.30148396;2.0
0;1.2286142;0.15509076;2.0
0;0.93843436;0.17333017;2.0
0;1.0081568;0.1578681;2.0
0;0.5854373;0.37997407;2.0
0;0.9043223;0.14153104;2.0
0;1.2971011;0.26998138;2.0
0;0.41868263;0.23565581;2.0
0;1.3178706;0.32579565;2.0
0;1.0026264;0.18213177;2.0
0;0.8166692;0.18102726;2.0
0;0.73735386;0.39490533;2.0
0;1.0694859;0.16345668;2.0
0;0.43235576;0.12463817;2.0
0;0.8128426;0.3374023;2.0
0;0.82243574;0.25488237;2.0
0;0.8311825;0.009211188;2.0
0;1.0676309;0.120492645;2.0
0;0.8467921;0.21961859;2.0
0;1.255228;0.36488128;2.0
0;0.54709184;0.30097443;2.0
0;0.88231957;0.35335463;2.0
0;1.0518134;0.29261792;2.0
0;1.0053455;0.3285513;2.0
0;0.7199771;0.30295303;2.0
0;1.1669629;0.22405966;2.0
0;1.2556752;0.12461467;2.0
0;1.3152597;0.19328634;2.0
0;1.4518821;0.34242302;2.0
0;1.5553164;0.32625535;2.0
0;1.516123;0.31169477;2.0
0;1.6342754;0.32908267;2.0
0;1.1215436;0.20743687;2.0
0;1.0417808;0.19401869;2.0
0;1.0422487;0.17712471;2.0
0;0.35120147;0.40392837;2.0
0;1.4802257;0.22363539;2.0
0;0.73632747;0.21315274;2.0
0;0.82170594;0.33156607;2.0
0;0.9750881;0.21254063;2.0
0;0.8131069;0.13327147;2.0
0;0.8525446;0.3558097;2.0
0;1.1105856;0.17886859;2.0
0;0.63035107;0.33203283;2.0
0;0.47357413;0.23257048;2.0
0;1.2896513;0.24452753;2.0
0;1.4558716;0.22415225;2.0
0;0.90835595;0.26652938;2.0
0;0.60205495;0.3776327;2.0
0;1.1671798;0.2166099;2.0
0;0.71928346;0.3600895;2.0
0;1.0072281;0.2581818;2.0
0;1.1748033;0.17369807;2.0
0;0.63969123;0.27928016;2.0
0;0.41778865;0.1685555;2.0
0;0.52449036;0.39130047;2.0
0;0.51281536;0.19566138;2.0
0;1.3871171;0.26550856;2.0
0;0.83413315;0.26363847;2.0
0;1.3538508;0.2702807;2.0
0;1.3238915;0.26608402;2.0
0;1.3525146;0.1827483;2.0
0;0.95640194;0.18747807;2.0
0;1.6724443;0.19580506;2.0
0;0.50238097;0.2944618;2.0
0;0.70484656;0.3088093;2.0
0;1.0228482;0.1556277;2.0
0;1.3056275;0.31706998;2.0
0;1.9432979;0.26235473;2.0
0;0.9972757;0.26002502;2.0
0;0.685171;0.41195494;2.0
0;1.2002884;0.3009576;2.0
0;0.61917055;0.39888558;2.0
0;1.4008296;0.19738273;2.0
0;0.3905635;0.18817665;2.0
0;1.1631209;0.07395839;2.0
0;1.3776667;0.17072578;2.0
0;1.666105;0.29200232;2.0
0;0.84672815;0.3443957;2.0
0;1.3298571;0.31541523;2.0
0;1.3048062;0.18332382;2.0
0;0.70737284;0.16320488;2.0
0;1.1505759;0.2302967;2.0
0;1.0107003;0.21770163;2.0
0;1.4127979;0.17086835;2.0
0;0.533322;0.23712365;2.0
0;0.74316204;0.22537379;2.0
0;1.6125286;0.09023453;2.0
0;1.2794204;0.33077043;2.0
0;1.0484209;0.1913352;2.0
0;1.1181585;0.2882272;2.0
0;0.93298304;0.23054157;2.0
0;0.878598;0.28272277;2.0
0;1.3659244;0.29221725;2.0
0;0.7028443;0.49048817;2.0
0;1.2136416;0.22445104;2.0
0;0.9347776;0.3846467;2.0
0;1.073318;0.24890943;2.0
0;1.2414367;0.22406174;2.0
0;1.6877506;0.24081184;2.0
0;1.3316957;0.27198792;2.0
0;1.5841866;0.08691386;2.0
0;0.33458677;0.19243209;2.0
0;1.0466058;0.2968162;2.0
0;0.83658814;0.06406538;2.0
0;0.96822363;0.26866293;2.0
0;1.4684862;0.22478674;2.0
0;0.29932532;0.2968549;2.0
0;1.3550124;0.17115924;2.0
0;1.6093351;0.07794926;2.0
0;0.46267545;0.1391436;2.0
0;0.6287759;0.22639062;2.0
0;0.7868018;0.22624266;2.0
0;1.9537256;0.27897862;2.0
0;1.8819327;0.21179156;2.0
0;0.52856386;6.5144716E-4;2.0
0;0.9426836;0.26802057;2.0
0;1.2434223;0.23682338;2.0
0;0.6502273;0.23133972;2.0
0;1.8387053;0.19471096;2.0
0;1.3984227;0.49179685;2.0
0;0.8936886;0.3125771;2.0
0;0.68457747;0.35150042;2.0
0;0.75617874;0.26206428;2.0
0;0.48900723;0.23128915;2.0
0;1.2569873;0.14316076;2.0
0;0.82779783;0.20959124;2.0
0;0.70538723;0.36803594;2.0
0;0.46867412;0.15662047;2.0
0;0.8360411;0.17022823;2.0
0;1.4630548;0.36803898;2.0
0;1.0055097;0.19114782;2.0
0;0.93676054;0.23095357;2.0
0;1.284572;0.19951205;2.0
0;0.85713494;0.21970966;2.0
0;0.5811756;0.24844894;2.0
0;0.4399489;0.24524552;2.0
0;1.1685756;0.38108572;2.0
0;0.6835026;0.29685473;2.0
0;1.7167085;0.24945049;2.0
0;0.8956373;0.08655303;2.0
0;1.401209;0.12900771;2.0
0;0.9486317;0.22068107;2.0
0;1.408568;0.23922025;2.0
0;1.634819;0.07854331;2.0
0;0.784678;0.34963202;2.0
0;1.7844168;0.21809678;2.0
0;0.573951;0.14299385;2.0
0;0.35054502;0.093881674;2.0
0;2.0316179;0.41015315;2.0
0;0.3775875;0.33677965;2.0
0;1.327661;0.29680783;2.0
0;0.41822577;0.35455436;2.0
0;1.4284474;0.2523723;2.0
0;0.9862317;0.2166628;2.0
0;1.2103958;0.17871061;2.0
0;1.0140553;0.111515045;2.0
0;1.1522626;0.24917264;2.0
0;1.0394553;0.28390148;2.0
0;1.0784067;0.39264435;2.0
0;1.6964697;0.10189817;2.0
0;0.8796129;0.27343878;2.0
0;1.4515541;0.28775105;2.0
0;1.4699101;0.17506152;2.0
0;1.8489687;0.3214234;2.0
0;0.9545762;0.262172;2.0
0;0.58484894;0.40390113;2.0
0;0.7637204;0.23032507;2.0
0;1.2618016;0.3514804;2.0
0;0.94156027;0.27258646;2.0
0;1.6003387;0.19006607;2.0
0;1.3225801;0.16592537;2.0
0;0.9439248;0.19263016;2.0
0;0.96797687;0.18422878;2.0
0;0.7331255;0.124463096;2.0
0;1.7740769;0.26397234;2.0
0;1.5955191;0.23600173;2.0
0;0.417076;0.39433682;2.0
0;0.60489994;0.24571772;2.0
0;1.6426588;0.27860606;2.0
0;0.99085;0.1158441;2.0
0;1.142249;0.40874836;2.0
0;0.88563913;0.322132;2.0
0;1.19772;0.2932013;2.0
0;0.8630195;0.40683454;2.0
0;1.2004235;0.16922663;2.0
0;0.9690031;0.15902092;2.0
0;1.4157526;0.14120094;2.0
0;1.2710117;0.25568688;2.0
0;0.7299289;0.28685477;2.0
0;1.2414918;0.28039297;2.0
0;0.7242132;0.19943738;2.0
0;0.2559917;0.12430279;2.0
0;0.9482852;0.27538565;2.0
0;0.93550104;0.3230672;2.0
0;0.45246893;0.37263373;2.0
0;0.8110255;0.20339367;2.0
0;0.6916789;0.21544288;2.0
0;1.3326758;0.2625596;2.0
0;0.77451956;0.30487764;2.0
0;1.5613449;0.24198978;2.0
0;1.4994537;0.3858645;2.0
0;0.9930315;0.12763795;2.0
0;0.79913485;0.29354414;2.0
0;0.49468297;0.33648285;2.0
0;1.274551;0.14865394;2.0
0;1.1109773;0.2615824;2.0
0;0.9140519;0.15328103;2.0
0;0.8267579;0.37126163;2.0
0;0.8931581;0.057311933;2.0
0;1.9308195;0.13853905;2.0
0;0.6841006;0.18696028;2.0
0;1.3016802;0.1860301;2.0
0;1.6414922;0.13726458;2.0
0;1.0731676;0.20123616;2.0
0;0.79010904;0.43521142;2.0
0;1.4349523;0.09368003;2.0
0;0.5578953;0.09427789;2.0
0;1.0872533;0.35674664;2.0
0;1.169306;0.16888875;2.0
0;1.4030529;0.19891183;2.0
0;0.98639524;0.29336447;2.0
0;2.1762314;0.42387885;2.0
0;1.2792602;0.08269608;2.0
0;0.92204726;0.27914813;2.0
0;0.7150509;0.33477122;2.0
0;0.49523807;0.37620446;2.0
0;1.1994901;0.3045487;2.0
0;1.2618529;0.2214989;2.0
0;1.2701385;0.03415166;2.0
0;1.2078855;0.26401126;2.0
0;0.840811;0.18843997;2.0
0;0.8268554;0.20318915;2.0
0;0.9986819;0.3058349;2.0
0;1.2618948;0.10477925;2.0
0;1.7608368;0.13901998;2.0
0;0.73717314;0.15249547;2.0
0;1.5606489;0.23461942;2.0
0;1.2373092;0.25808206;2.0
0;0.959458;0.22006477;2.0
0;1.2930984;0.23150383;2.0
0;0.118959256;0.24516778;2.0
0;1.3741788;0.2535085;2.0
0;1.8007969;0.15781952;2.0
0;1.1829317;0.16743214;2.0
0;0.70243883;0.17752159;2.0
0;0.89850676;0.17503579;2.0
0;1.0268493;0.18758242;2.0
0;1.129276;0.25140628;2.0
0;1.3689944;0.25483313;2.0
0;0.57099354;0.36478153;2.0
0;2.0311742;0.13279445;2.0
0;0.99691725;0.258576;2.0
0;1.660305;0.4059049;2.0
0;0.52624065;0.25928038;2.0
0;1.1939414;0.4041768;2.0
0;1.8680887;0.41933405;2.0
0;0.8360257;0.14435397;2.0
0;0.65331775;0.10152935;2.0
0;1.1016055;0.2865393;2.0
0;1.2956674;0.23516653;2.0
0;1.1362894;0.05632371;2.0
0;0.9550955;0.39151967;2.0
0;1.4591813;0.1584733;2.0
0;0.4816474;0.12724265;2.0
0;0.805318;0.31546885;2.0
0;0.54147846;0.17543219;2.0
0;1.5139241;0.41277236;2.0
0;0.69008505;0.326014;2.0
0;0.5466596;0.26391783;2.0
0;0.16129887;0.29134062;2.0
0;0.9954679;0.21777588;2.0
0;0.7371001;0.2520882;2.0
0;0.45707095;0.28830466;2.0
0;0.58812594;0.20851162;2.0
0;1.314126;0.19406596;2.0
0;0.90870863;0.0;2.0
0;1.3609288;0.2819438;2.0
0;1.5644765;0.2142769;2.0
0;0.53079903;0.09439371;2.0
0;0.12713112;0.31997815;2.0
0;1.387003;0.3691467;2.0
0;0.95175314;0.3820178;2.0
0;1.1685821;0.13839166;2.0
0;1.2908802;0.076983705;2.0
0;0.84705937;0.2693287;2.0
0;0.58156294;0.1930397;2.0
0;1.1046798;0.13076255;2.0
0;0.86911774;0.08988568;2.0
0;1.0915456;0.31320634;2.0
0;0.97124803;0.2605847;2.0
0;1.0317744;0.21518454;2.0
0;0.8346075;0.21643761;2.0
0;1.5236789;0.30306542;2.0
0;1.0307325;0.19560598;2.0
0;0.77911997;0.06310753;2.0
0;1.2413616;0.3018236;2.0
0;1.4791799;0.14286281;2.0
0;0.9011988;0.29973987;2.0
0;1.4519453;0.20132829;2.0
0;0.5065372;0.21629722;2.0
0;1.2695985;0.32330823;2.0
0;1.1637642;0.15071751;2.0
0;1.3288159;0.074544445;2.0
0;0.8374155;0.252026;2.0
0;0.8912618;0.3252088;2.0
0;0.8814504;0.21604821;2.0
0;0.85817003;0.35324606;2.0
0;1.2741208;0.36464345;2.0
0;1.4857349;0.26190752;2.0
0;1.4196866;0.14305404;2.0
0;1.024603;0.13184941;2.0
0;0.8330635;0.24991572;2.0
0;0.5270471;0.21740405;2.0
0;1.6454998;0.13668995;2.0
0;0.74137026;0.21081871;2.0
0;1.6725245;0.42166102;2.0
0;1.6789193;0.25012043;2.0
0;0.6886125;0.34625587;2.0
0;0.49761248;0.30571893;2.0
0;1.8095663;0.1786926;2.0
0;0.91131824;0.18353163;2.0
0;0.7610781;0.33067024;2.0
0;0.737923;0.23464075;2.0
0;1.1920146;0.15619166;2.0
0;1.200613;0.0737221;2.0
0;0.8389926;0.33514532;2.0
0;1.1215317;0.28034782;2.0
0;1.4285623;0.10577862;2.0
0;0.9183574;0.28314954;2.0
0;0.7116345;0.16072792;2.0
0;1.4566799;3.222871E-5;2.0
0;0.56587034;0.3211167;2.0
0;1.7749289;0.25162783;2.0
0;0.7403028;0.16233787;2.0
0;1.116999;0.2582114;2.0
0;1.2785827;0.17498267;2.0
0;0.3578827;0.27001542;2.0
0;1.8361833;0.18615395;2.0
0;1.1234765;0.13531534;2.0
0;0.6591975;0.38084024;2.0
0;0.9267527;0.36384118;2.0
0;1.3526814;0.24244575;2.0
0;1.5889819;0.124046534;2.0
0;1.0334111;0.24229947;2.0
0;1.3300748;0.018246837;2.0
0;0.38532245;0.38806596;2.0
0;1.4339135;0.24027808;2.0
0;1.0854623;0.14048699;2.0
0;0.82156456;0.41094363;2.0
0;1.0900621;0.21163683;2.0
0;1.0107589;0.29867867;2.0
0;1.3607758;0.169411;2.0
0;1.1390915;0.12128824;2.0
0;1.030862;0.27690178;2.0
0;0.5152286;0.09284209;2.0
0;1.5090559;0.37885743;2.0
0;1.1489336;0.027631428;2.0
0;0.8293426;0.16894048;2.0
0;1.426757;0.33150533;2.0
0;0.6346719;0.14920406;2.0
0;1.1873597;0.0097378995;2.0
0;1.170201;0.37423745;2.0
0;0.63962615;0.23162244;2.0
0;0.6866526;0.31357518;2.0
0;1.4049251;0.39255056;2.0
0;1.0938238;0.40693548;2.0
0;1.197536;0.159055;2.0
0;1.1019127;0.121739164;2.0
0;1.423345;0.21821594;2.0
0;0.39908218;0.209156;2.0
0;0.9100654;0.20511177;2.0
0;1.2378085;0.2642644;2.0
0;0.8045764;0.16652156;2.0
0;0.6009116;0.13980804;2.0
0;0.7557376;0.23311308;2.0
0;1.5899639;0.1881226;2.0
0;0.6089563;0.27844825;2.0
0;0.77769625;0.2911172;2.0
0;1.6565964;0.055190876;2.0
0;0.93600726;0.21182594;2.0
0;1.4167624;0.3057353;2.0
0;1.2338201;0.19125816;2.0
0;1.1980441;0.028125167;2.0
0;1.5285525;0.2088262;2.0
0;0.6869654;0.2144227;2.0
0;1.0565209;0.3192085;2.0
0;1.975576;0.3524383;2.0
0;1.0969048;0.133918;2.0
0;0.59573275;0.15719186;2.0
0;0.3122673;0.38886538;2.0
0;0.62325907;0.295975;2.0
0;0.91156423;0.4595484;2.0
0;1.676255;0.29929322;2.0
0;0.8994876;0.38701612;2.0
0;0.7665497;0.3425432;2.0
0;0.7873554;0.29793593;2.0
0;1.1112003;0.23873003;2.0
0;1.0276715;0.3286189;2.0
0;0.45159483;0.17798123;2.0
0;0.73541224;0.30550712;2.0
0;0.3059475;0.30086353;2.0
0;1.0458603;0.24907349;2.0
0;0.9476676;0.2960725;2.0
0;1.5530837;0.36232707;2.0
0;1.0916145;0.16666812;2.0
0;1.5055969;0.085124284;2.0
0;1.3464473;0.30757886;2.0
0;1.8720057;0.292163;2.0
0;1.101563;0.2821981;2.0
0;0.88487005;0.18397985;2.0
0;1.3761232;0.23908947;2.0
0;1.5277848;0.124447584;2.0
0;1.7220249;0.19474183;2.0
0;1.0888977;0.29018533;2.0
0;1.218394;0.18970859;2.0
0;0.88869596;0.117170766;2.0
0;0.8406839;0.24421676;2.0
0;1.4638915;0.019028964;2.0
0;0.93793005;0.354326;2.0
0;1.4967989;0.27348715;2.0
