DY
505
2

0;0.0699243;0.9804096;1.0
0;0.030248517;0.9901982;1.0
0;0.0054533104;0.96499556;1.0
0;0.078858934;0.97698057;1.0
0;0.03362949;0.98495144;1.0
0;0.022684501;0.97212315;1.0
0;0.123298734;0.96766686;1.0
0;0.07532688;0.9746585;1.0
0;0.084825866;0.97362626;1.0
0;0.013786901;0.9678427;1.0
0;0.0566613;0.9826911;1.0
0;0.030137034;0.9728326;1.0
0;0.062205307;0.9766191;1.0
0;0.06430102;0.9742529;1.0
0;0.056026436;0.9779192;1.0
0;0.04589568;0.9752742;1.0
0;0.049604785;0.9820182;1.0
0;0.04245207;0.99084187;1.0
0;0.0690818;0.974596;1.0
0;0.08506602;0.98358613;1.0
0;0.07211153;0.97829324;1.0
0;0.081157796;0.98223424;1.0
0;0.03117942;0.96215636;1.0
0;0.0653824;0.98242444;1.0
0;0.10113821;0.9828414;1.0
0;0.0637235;0.972979;1.0
0;0.040204573;0.9857841;1.0
0;0.03446082;0.963629;1.0
0;0.05445509;0.9821542;1.0
0;0.052443;0.97261935;1.0
0;0.09074721;0.9802913;1.0
0;0.030217413;0.9620541;1.0
0;0.098523445;0.9813859;1.0
0;0.064375296;0.9794762;1.0
0;0.04177327;0.97292614;1.0
0;0.017163849;0.9957431;1.0
0;0.063294806;0.97088695;1.0
0;0.014102637;0.9613353;1.0
0;0.055401906;0.98160416;1.0
0;0.01587054;0.98583764;1.0
0;0.010169386;0.9818456;1.0
0;0.08809274;0.9718302;1.0
0;0.0113405455;0.9771058;1.0
0;0.06548105;0.9761899;1.0
0;0.106253594;0.98250085;1.0
0;0.07395037;0.980988;1.0
0;0.035804346;0.9816372;1.0
0;0.078117795;0.96947587;1.0
0;0.047034763;0.9730934;1.0
0;0.04345798;0.97072715;1.0
0;0.008414656;0.9871595;1.0
0;0.03250895;0.9752084;1.0
0;0.014520501;0.96366143;1.0
0;0.09563229;0.9937509;1.0
0;0.06404865;0.958905;1.0
0;0.050208144;0.98351544;1.0
0;0.009845853;0.97103196;1.0
0;0.088762835;0.9866051;1.0
0;0.06097941;0.97618204;1.0
0;0.052926734;0.9749632;1.0
0;0.04951555;0.97201;1.0
0;0.034780055;0.96996874;1.0
0;0.04325107;0.98276883;1.0
0;0.052207332;0.95828;1.0
0;0.037817493;0.9693272;1.0
0;0.0957345;0.97616273;1.0
0;0.033225928;0.97150195;1.0
0;0.07812309;0.96768486;1.0
0;0.029106349;0.9669274;1.0
0;0.048413534;0.96091634;1.0
0;0.04811239;0.9722692;1.0
0;0.08194944;0.98098207;1.0
0;0.07154416;0.9812928;1.0
0;0.041343436;0.98842585;1.0
0;0.048609637;0.9776034;1.0
0;0.05875909;0.9834657;1.0
0;0.059508268;0.9806529;1.0
0;0.017964605;0.98100406;1.0
0;0.09434316;0.96735144;1.0
0;0.104882225;1.0;1.0
0;0.101681106;0.97076976;1.0
0;0.06997113;0.9774932;1.0
0;0.0;0.9828913;1.0
0;0.09161629;0.9723895;1.0
0;0.044588868;0.9755694;1.0
0;0.052488927;0.9574545;1.0
0;0.040439222;0.9597237;1.0
0;0.08153989;0.9918507;1.0
0;0.06088587;0.9812173;1.0
0;0.039903782;0.9645368;1.0
0;0.09215109;0.969911;1.0
0;0.08617569;0.9797383;1.0
0;0.07126963;0.9618547;1.0
0;0.043357074;0.98504573;1.0
0;0.07777666;0.9852223;1.0
0;0.08254783;0.9673473;1.0
0;0.035000287;0.97859544;1.0
0;0.064376526;0.9869736;1.0
0;0.0953298;0.98511475;1.0
0;0.059323855;0.98713106;1.0
0;0.048947684;0.9870801;1.0
0;0.7153716;0.67475647;2.0
0;0.7128068;0.67966825;2.0
0;0.6643979;0.67892903;2.0
0;0.6807158;0.6859315;2.0
0;0.69296914;0.68117744;2.0
0;0.71567166;0.6793759;2.0
0;0.7036419;0.6742709;2.0
0;0.70824724;0.679631;2.0
0;0.6857053;0.682979;2.0
0;0.69118726;0.6834042;2.0
0;0.69933736;0.6862448;2.0
0;0.6856494;0.6776;2.0
0;0.67898315;0.6887919;2.0
0;0.69546777;0.6706241;2.0
0;0.6812693;0.6791765;2.0
0;0.6671733;0.68936145;2.0
0;0.71602494;0.67686045;2.0
0;0.65679365;0.6824619;2.0
0;0.67230636;0.67533165;2.0
0;0.68193954;0.68097705;2.0
0;0.69300735;0.68438154;2.0
0;0.68019855;0.69485617;2.0
0;0.6687329;0.68950546;2.0
0;0.6927543;0.6784169;2.0
0;0.69562066;0.6925324;2.0
0;0.6997836;0.67867094;2.0
0;0.6873775;0.6921568;2.0
0;0.68561447;0.67890835;2.0
0;0.693966;0.68477386;2.0
0;0.68813187;0.6771065;2.0
0;0.65822583;0.68088067;2.0
0;0.69008154;0.6858402;2.0
0;0.66767746;0.6840382;2.0
0;0.72867566;0.6867265;2.0
0;0.6727754;0.6728032;2.0
0;0.7135031;0.6831153;2.0
0;0.675089;0.67791057;2.0
0;0.68893296;0.68482935;2.0
0;0.71281207;0.67975366;2.0
0;0.68276936;0.6830501;2.0
0;0.67235315;0.6885952;2.0
0;0.6674628;0.69072366;2.0
0;0.70609546;0.6808361;2.0
0;0.7113114;0.68540984;2.0
0;0.6959867;0.68989915;2.0
0;0.69977456;0.67900646;2.0
0;0.7105969;0.6834784;2.0
0;0.67961794;0.67346686;2.0
0;0.70150155;0.6745381;2.0
0;0.6973886;0.6884409;2.0
0;0.67706275;0.6825246;2.0
0;0.6899159;0.67934996;2.0
0;0.6874169;0.6887119;2.0
0;0.6823247;0.6928703;2.0
0;0.6736721;0.67700315;2.0
0;0.6945613;0.6931731;2.0
0;0.68324214;0.68604684;2.0
0;0.6767019;0.681741;2.0
0;0.6898145;0.68415403;2.0
0;0.685977;0.6828024;2.0
0;0.6665912;0.6801514;2.0
0;0.6814407;0.67812157;2.0
0;0.6854812;0.6793609;2.0
0;0.6660169;0.68539387;2.0
0;0.6837427;0.6903837;2.0
0;0.6740709;0.68641746;2.0
0;0.7008909;0.6832329;2.0
0;0.6795429;0.6909624;2.0
0;0.6963143;0.68669593;2.0
0;0.68739563;0.68695414;2.0
0;0.68329555;0.6873186;2.0
0;0.68004674;0.67930764;2.0
0;0.69669044;0.6834397;2.0
0;0.69839877;0.67037916;2.0
0;0.7050895;0.68993706;2.0
0;0.67014205;0.6785339;2.0
0;0.6809846;0.68318254;2.0
0;0.7153836;0.6774164;2.0
0;0.7035476;0.6760067;2.0
0;0.67182946;0.68762946;2.0
0;0.686467;0.67923415;2.0
0;0.69457;0.67053473;2.0
0;0.66848004;0.68370736;2.0
0;0.69455874;0.6885545;2.0
0;0.67870957;0.6743789;2.0
0;0.7008625;0.6847599;2.0
0;0.7094282;0.68311524;2.0
0;0.7322299;0.6810969;2.0
0;0.7029502;0.68040043;2.0
0;0.7035444;0.67168176;2.0
0;0.71115136;0.6886538;2.0
0;0.6846385;0.696778;2.0
0;0.6721151;0.68985385;2.0
0;0.69296443;0.67854947;2.0
0;0.6923042;0.6829571;2.0
0;0.712443;0.69222134;2.0
0;0.68935895;0.68451315;2.0
0;0.6548841;0.6733144;2.0
0;0.6754398;0.6920783;2.0
0;0.68951494;0.68479604;2.0
0;0.7040975;0.6931734;2.0
0;2.0;0.316839;3.0
0;1.9626749;0.32292858;3.0
0;1.9556808;0.3168263;3.0
0;1.957278;0.3102033;3.0
0;1.9619855;0.31576514;3.0
0;1.9762112;0.32148996;3.0
0;1.9270102;0.31384304;3.0
0;1.9529339;0.3016127;3.0
0;1.9509159;0.31136793;3.0
0;1.9443315;0.31508395;3.0
0;1.938313;0.31296045;3.0
0;1.9412225;0.31709206;3.0
0;1.9393532;0.3072343;3.0
0;1.9292934;0.2965499;3.0
0;1.9114584;0.30156353;3.0
0;1.9116453;0.31471643;3.0
0;1.9675647;0.30852044;3.0
0;1.955455;0.30684593;3.0
0;1.9701723;0.30888575;3.0
0;1.9329367;0.31507036;3.0
0;1.9613907;0.31249228;3.0
0;1.9846317;0.31728262;3.0
0;1.9399778;0.30092862;3.0
0;1.9654418;0.307253;3.0
0;1.950166;0.31389737;3.0
0;1.9401426;0.31282917;3.0
0;1.9576448;0.31627488;3.0
0;1.9412302;0.30698693;3.0
0;1.9676062;0.31020153;3.0
0;1.9448768;0.31025955;3.0
0;1.9467475;0.30911303;3.0
0;1.9530056;0.31490666;3.0
0;1.976447;0.31361648;3.0
0;1.9800895;0.3046275;3.0
0;1.9972048;0.30843377;3.0
0;1.9844152;0.3093982;3.0
0;1.9122938;0.30988893;3.0
0;1.9502711;0.33096468;3.0
0;1.947436;0.3168287;3.0
0;1.9554101;0.31577417;3.0
0;1.9394798;0.31262094;3.0
0;1.9455117;0.3182589;3.0
0;1.9424208;0.29943734;3.0
0;1.9389975;0.312251;3.0
0;1.9716007;0.31645986;3.0
0;1.9660455;0.31661484;3.0
0;1.9422563;0.318509;3.0
0;1.946536;0.3090079;3.0
0;1.9453715;0.30783832;3.0
0;1.9817741;0.3152085;3.0
0;1.977387;0.30936456;3.0
0;1.9732788;0.31864554;3.0
0;1.9652852;0.3183577;3.0
0;1.958215;0.30961663;3.0
0;1.9655241;0.31151992;3.0
0;1.9377542;0.31805077;3.0
0;1.9697274;0.31493202;3.0
0;1.9527301;0.31842858;3.0
0;1.9530561;0.31695765;3.0
0;1.9641492;0.31432977;3.0
0;1.900648;0.31111103;3.0
0;1.9893949;0.30780888;3.0
0;1.9586127;0.32040125;3.0
0;1.9492662;0.31281966;3.0
0;1.9424659;0.31021476;3.0
0;1.9712553;0.31947687;3.0
0;1.9765905;0.30758458;3.0
0;1.9658241;0.31917626;3.0
0;1.9413288;0.3223603;3.0
0;1.971081;0.31805485;3.0
0;1.9841515;0.31619117;3.0
0;1.97038;0.31732616;3.0
0;1.9495747;0.31399217;3.0
0;1.9541211;0.30925545;3.0
0;1.98096;0.3176925;3.0
0;1.9526675;0.30764973;3.0
0;1.9724724;0.3153775;3.0
0;1.9793044;0.33009136;3.0
0;1.9383727;0.32006618;3.0
0;1.9412311;0.31209227;3.0
0;1.9693527;0.31822044;3.0
0;1.9611341;0.3131489;3.0
0;1.9647826;0.3126124;3.0
0;1.9758421;0.30789512;3.0
0;1.9795442;0.30571073;3.0
0;1.9201179;0.31336007;3.0
0;1.952977;0.31863448;3.0
0;1.9795338;0.31926504;3.0
0;1.9360203;0.31633332;3.0
0;1.9635158;0.32011038;3.0
0;1.9803811;0.314669;3.0
0;1.9600174;0.30908987;3.0
0;1.954227;0.30905253;3.0
0;1.9731911;0.3065533;3.0
0;1.988219;0.3098705;3.0
0;1.9600073;0.31495827;3.0
0;1.9704251;0.30268526;3.0
0;1.9530382;0.31616765;3.0
0;1.959276;0.32402074;3.0
0;1.9647133;0.31219485;3.0
0;1.932966;0.3155511;3.0
0;0.4882839;0.307801;4.0
0;0.51202023;0.30821276;4.0
0;0.5425377;0.3100136;4.0
0;0.5013257;0.31479958;4.0
0;0.49684203;0.318973;4.0
0;0.5209917;0.31129932;4.0
0;0.5143513;0.31384304;4.0
0;0.4981608;0.3122912;4.0
0;0.51174384;0.31048176;4.0
0;0.52839977;0.30798548;4.0
0;0.5080143;0.30949256;4.0
0;0.5025357;0.3010531;4.0
0;0.4893987;0.31503254;4.0
0;0.51995456;0.30549198;4.0
0;0.53833;0.3124795;4.0
0;0.53070545;0.30575463;4.0
0;0.5152229;0.31166875;4.0
0;0.5150855;0.29773164;4.0
0;0.51496464;0.30698842;4.0
0;0.49986896;0.30826434;4.0
0;0.54369336;0.31673136;4.0
0;0.48595583;0.3079681;4.0
0;0.51471287;0.302199;4.0
0;0.5262379;0.31202656;4.0
0;0.5355629;0.3114185;4.0
0;0.5603935;0.31236297;4.0
0;0.5339443;0.3034928;4.0
0;0.52105564;0.3094575;4.0
0;0.540941;0.31043708;4.0
0;0.5216077;0.31392142;4.0
0;0.49200165;0.31224954;4.0
0;0.5146799;0.30531928;4.0
0;0.5449847;0.303852;4.0
0;0.47951463;0.31588537;4.0
0;0.4999035;0.3132016;4.0
0;0.50682753;0.30557275;4.0
0;0.507279;0.3146097;4.0
0;0.51246506;0.304016;4.0
0;0.55143595;0.31200585;4.0
0;0.55072886;0.31345344;4.0
0;0.50247824;0.3108759;4.0
0;0.49905133;0.31252477;4.0
0;0.50901854;0.3071576;4.0
0;0.502566;0.31921244;4.0
0;0.4956206;0.31112123;4.0
0;0.50691515;0.29936597;4.0
0;0.51407576;0.3262571;4.0
0;0.5433034;0.3126555;4.0
0;0.5460475;0.30003506;4.0
0;0.4962902;0.30492502;4.0
0;0.51578903;0.300132;4.0
0;0.52859503;0.30917513;4.0
0;0.5474381;0.30995965;4.0
0;0.5119577;0.31554717;4.0
0;0.48619455;0.30262968;4.0
0;0.50723636;0.30905673;4.0
0;0.48693293;0.31206825;4.0
0;0.5123448;0.30860016;4.0
0;0.50441885;0.30800968;4.0
0;0.49996594;0.30478504;4.0
0;0.516687;0.3163179;4.0
0;0.5143832;0.3104959;4.0
0;0.52283615;0.30890912;4.0
0;0.49965093;0.3075873;4.0
0;0.52356064;0.30679396;4.0
0;0.5503331;0.31169084;4.0
0;0.5117833;0.31524968;4.0
0;0.52989465;0.30662924;4.0
0;0.499363;0.30652222;4.0
0;0.50347733;0.31052694;4.0
0;0.5399599;0.3046771;4.0
0;0.50434285;0.30519465;4.0
0;0.5325439;0.30223402;4.0
0;0.50969434;0.30412406;4.0
0;0.52549124;0.29490453;4.0
0;0.511964;0.31370443;4.0
0;0.50989085;0.30380303;4.0
0;0.553422;0.30512118;4.0
0;0.51860636;0.3078122;4.0
0;0.51896316;0.30215174;4.0
0;0.53422415;0.3034135;4.0
0;0.5158366;0.3023554;4.0
0;0.53765416;0.31185165;4.0
0;0.4805188;0.30567092;4.0
0;0.5036835;0.30043685;4.0
0;0.5008334;0.29814723;4.0
0;0.51353735;0.32630065;4.0
0;0.53217214;0.31155202;4.0
0;0.5461979;0.2974794;4.0
0;0.5037644;0.3155471;4.0
0;0.5151729;0.30796176;4.0
0;0.5356872;0.29690298;4.0
0;0.50102276;0.3145136;4.0
0;0.5264884;0.30984998;4.0
0;0.5232082;0.30318302;4.0
0;0.53684306;0.30281532;4.0
0;0.5328644;0.31292868;4.0
0;0.5297462;0.30189803;4.0
0;0.52230847;0.30529532;4.0
0;0.48963428;0.30566883;4.0
0;0.5750411;0.30422437;4.0
0;1.479732;0.0047436613;5.0
0;1.4966664;0.004447739;5.0
0;1.4812869;0.0044595497;5.0
0;1.4828414;0.0029120739;5.0
0;1.4970908;0.0024268064;5.0
0;1.4925904;0.003995279;5.0
0;1.4898146;0.0026750173;5.0
0;1.4852877;0.0018015921;5.0
0;1.4893008;0.005242989;5.0
0;1.4958384;0.0017751587;5.0
0;1.4844232;0.0065232255;5.0
0;1.4914796;0.0013331969;5.0
0;1.4722815;0.007124725;5.0
0;1.4825386;0.0042840773;5.0
0;1.4825082;0.0035889363;5.0
0;1.4946613;0.0052721407;5.0
0;1.49227;0.002571815;5.0
0;1.4789683;0.0053965272;5.0
0;1.5010145;0.0030212754;5.0
0;1.4903996;0.0014287131;5.0
0;1.4798975;0.0021211356;5.0
0;1.4957297;0.0073989006;5.0
0;1.491395;0.0010524597;5.0
0;1.4892122;0.0011480696;5.0
0;1.4821639;0.007702134;5.0
0;1.4895284;0.006627178;5.0
0;1.4919791;0.0028095276;5.0
0;1.4932479;0.0043880297;5.0
0;1.4953058;0.003998278;5.0
0;1.4933125;0.006714914;5.0
0;1.4982646;0.0048390836;5.0
0;1.4839696;0.002962316;5.0
0;1.4837755;0.003071049;5.0
0;1.4932425;0.0059535024;5.0
0;1.4867071;0.006135724;5.0
0;1.4852514;0.0;5.0
0;1.4946125;0.0034450528;5.0
0;1.4932463;0.0067555015;5.0
0;1.4983144;0.0060862317;5.0
0;1.4797149;0.0051358496;5.0
0;1.487075;0.0017612858;5.0
0;1.4937322;0.0035834059;5.0
0;1.487918;0.0060082437;5.0
0;1.4967711;0.0018234324;5.0
0;1.4914347;0.006307259;5.0
0;1.4969198;0.0062728585;5.0
0;1.4890139;0.004493669;5.0
0;1.4960455;0.0017806891;5.0
0;1.4946772;0.0034572382;5.0
0;1.4991031;0.0053862166;5.0
0;1.484394;0.007071858;5.0
0;1.4942262;0.004367408;5.0
0;1.4926777;0.0038646117;5.0
0;1.4903921;0.007407524;5.0
0;1.4917644;0.0045523476;5.0
0;1.4868972;0.0018768614;5.0
0;1.4859105;0.0012103099;5.0
0;1.4817325;0.0022549895;5.0
0;1.4878666;0.008461858;5.0
0;1.488733;0.008077169;5.0
0;1.4769533;0.0053200396;5.0
0;1.4895458;0.003998653;5.0
0;1.4969838;0.003039835;5.0
0;1.4874983;0.0019465068;5.0
0;1.482734;0.0042478014;5.0
0;1.4927144;0.0010194649;5.0
0;1.4951041;0.0048667355;5.0
0;1.4872619;0.0044911383;5.0
0;1.4928526;0.0024137772;5.0
0;1.4880185;0.0037018873;5.0
0;1.476635;0.004323727;5.0
0;1.4846057;0.0017526622;5.0
0;1.4957037;0.0062102433;5.0
0;1.4905796;0.001240399;5.0
0;1.4933695;0.004357378;5.0
0;1.4847205;0.004678609;5.0
0;1.4767314;0.0052378336;5.0
0;1.4990413;0.0027449438;5.0
0;1.486181;0.0016403673;5.0
0;1.4956064;0.0037614093;5.0
0;1.4912509;0.0028693306;5.0
0;1.4883528;0.0041186344;5.0
0;1.4847461;0.008678949;5.0
0;1.499388;0.004636522;5.0
0;1.5028198;7.519444E-4;5.0
0;1.4896665;0.0010579901;5.0
0;1.489917;0.0058273347;5.0
0;1.4885447;0.0062473626;5.0
0;1.4843134;0.004244427;5.0
0;1.4830055;0.0072044;5.0
0;1.4932528;0.007856891;5.0
0;1.4983735;0.0024766736;5.0
0;1.4898353;0.00566611;5.0
0;1.5043982;0.0029006382;5.0
0;1.4908904;8.6048985E-4;5.0
0;1.4945482;0.005775874;5.0
0;1.4884818;0.0032403348;5.0
0;1.4923412;0.003097951;5.0
0;1.4847378;0.0030105896;5.0
0;1.4834154;0.0065153516;5.0
0;1.4823421;0.0062122117;5.0
