DY
876
2

0;3.8157532;0.9465916;1.0
0;3.8038182;0.9338209;1.0
0;3.8688471;0.9557346;1.0
0;3.9106762;0.95649457;1.0
0;3.8309302;0.931431;1.0
0;3.8170357;0.94053453;1.0
0;3.7551715;0.94610417;1.0
0;3.8043773;0.96547633;1.0
0;3.7750025;0.936168;1.0
0;3.85895;0.91956735;1.0
0;3.810645;0.9625931;1.0
0;3.9141314;0.9825191;1.0
0;3.7905095;0.9311012;1.0
0;3.9150271;0.9425071;1.0
0;3.8578384;0.94539523;1.0
0;3.8121588;0.9545185;1.0
0;3.808041;0.9775848;1.0
0;3.8530686;0.9410952;1.0
0;3.842651;0.9655209;1.0
0;3.898371;0.96755517;1.0
0;3.9105992;0.94162256;1.0
0;3.933618;0.9658632;1.0
0;3.8794386;0.97156525;1.0
0;3.8310483;0.92633075;1.0
0;3.870118;0.943351;1.0
0;3.8781917;0.9460478;1.0
0;3.8292685;0.9568702;1.0
0;3.8163264;0.95358574;1.0
0;3.9225867;0.9812252;1.0
0;3.8150403;0.9422323;1.0
0;3.883937;0.96341515;1.0
0;3.7591248;0.9286687;1.0
0;3.8170192;0.98833954;1.0
0;3.779653;0.92505896;1.0
0;3.8021486;0.9512681;1.0
0;3.9423;0.9576678;1.0
0;3.9783676;0.9506024;1.0
0;3.896554;0.9452087;1.0
0;3.7540526;0.9190256;1.0
0;3.895269;0.92545617;1.0
0;3.8493173;0.9559043;1.0
0;3.8704062;0.9792983;1.0
0;3.7435918;0.94539374;1.0
0;3.8763058;0.9610425;1.0
0;3.8132532;0.94096404;1.0
0;3.8142889;0.9621974;1.0
0;3.8879848;0.9506839;1.0
0;3.8678799;0.95577526;1.0
0;3.8284333;0.94603956;1.0
0;3.8933403;0.96974456;1.0
0;3.79444;0.9486397;1.0
0;3.8877869;0.98660636;1.0
0;3.9620132;0.9439598;1.0
0;3.8427699;0.9445401;1.0
0;3.8550828;0.938099;1.0
0;3.8395114;0.94884884;1.0
0;3.925466;0.9390183;1.0
0;3.8328977;0.9575179;1.0
0;3.853633;0.93295205;1.0
0;3.894115;0.9499678;1.0
0;3.738151;0.9553631;1.0
0;3.8329146;0.95448166;1.0
0;3.898255;0.95699835;1.0
0;3.892661;0.95328707;1.0
0;3.7673674;0.9289325;1.0
0;3.8521242;0.9683301;1.0
0;3.800722;0.9297563;1.0
0;3.8487422;0.921747;1.0
0;3.8293104;0.95669156;1.0
0;3.7634254;0.92365664;1.0
0;3.8147976;0.93576294;1.0
0;3.7919683;0.96442854;1.0
0;3.8824441;0.92642486;1.0
0;3.7705128;0.97253716;1.0
0;3.8442442;0.9994344;1.0
0;3.849104;0.9494313;1.0
0;3.8334494;0.9699226;1.0
0;3.8441663;0.9677821;1.0
0;3.8853748;0.9565228;1.0
0;3.8573768;0.9475679;1.0
0;3.8364584;0.95918936;1.0
0;3.9222813;0.9630383;1.0
0;3.8056352;0.93389803;1.0
0;3.8742614;0.91221505;1.0
0;3.8353882;0.9359243;1.0
0;3.7990372;0.96548307;1.0
0;3.8703558;0.94918597;1.0
0;3.8539898;0.9694136;1.0
0;3.878517;0.9354711;1.0
0;3.8414936;0.97669244;1.0
0;3.798434;0.94849265;1.0
0;3.8149157;0.95827144;1.0
0;3.8473542;0.95213586;1.0
0;3.7885861;0.9663435;1.0
0;3.8220477;0.9588621;1.0
0;3.830074;0.94479907;1.0
0;3.8781302;0.9668934;1.0
0;3.8363209;0.9485489;1.0
0;3.872919;0.9579447;1.0
0;3.7710507;0.9398455;1.0
0;3.8758128;0.9648948;1.0
0;3.7778141;0.9445361;1.0
0;3.8534622;0.9401043;1.0
0;3.8337073;0.9406939;1.0
0;3.8509402;0.9475534;1.0
0;3.7560248;0.9722476;1.0
0;3.9354231;0.9433624;1.0
0;3.8336828;0.96722454;1.0
0;3.907366;0.9626246;1.0
0;3.8601992;0.9556797;1.0
0;3.8684292;0.9559826;1.0
0;3.908621;0.965158;1.0
0;3.914378;0.9470594;1.0
0;3.7431078;0.97139806;1.0
0;3.8660722;0.94990724;1.0
0;3.817131;0.9520898;1.0
0;3.783007;0.9734213;1.0
0;3.8175654;0.9414521;1.0
0;3.7955263;0.9675863;1.0
0;3.8998969;0.9533473;1.0
0;3.6896648;0.94689995;1.0
0;3.8152328;0.93493724;1.0
0;3.7523117;0.93705887;1.0
0;3.8867152;0.98789245;1.0
0;3.8639972;0.9438404;1.0
0;3.8613558;0.9486741;1.0
0;3.8469307;0.9351859;1.0
0;3.8092701;0.9495741;1.0
0;3.8076162;0.9503754;1.0
0;3.7805393;0.9293266;1.0
0;3.8144772;0.95062727;1.0
0;3.8736722;0.9576322;1.0
0;3.783205;0.9473201;1.0
0;3.8433843;0.9669711;1.0
0;3.8805866;0.9386505;1.0
0;3.8658884;0.95444125;1.0
0;3.8707173;0.96250004;1.0
0;3.884933;0.9614473;1.0
0;3.8674486;0.9827281;1.0
0;3.8542278;0.9508273;1.0
0;3.849471;0.95230013;1.0
0;3.9405642;0.95042974;1.0
0;3.8329077;0.9487492;1.0
0;3.8746965;0.9421335;1.0
0;3.8529072;0.93667084;1.0
0;3.79713;0.9849575;1.0
0;3.819219;0.94655913;1.0
0;3.8871694;0.9503988;1.0
0;3.8026578;0.9343825;1.0
0;3.9071875;0.94186;1.0
0;3.938757;0.935494;1.0
0;3.8502326;0.94689685;1.0
0;3.8394997;0.9478442;1.0
0;3.8227723;0.9551;1.0
0;3.7802138;0.9838577;1.0
0;3.7752166;0.9117901;1.0
0;3.8172367;0.95738316;1.0
0;3.7388997;0.9659068;1.0
0;3.791959;0.95566267;1.0
0;3.8144968;0.9341076;1.0
0;3.8095975;0.93895966;1.0
0;3.9274998;0.9492417;1.0
0;3.9751298;0.9528203;1.0
0;3.842921;0.97664356;1.0
0;3.8007336;0.95361835;1.0
0;3.8672853;0.9451307;1.0
0;3.8606508;0.97861177;1.0
0;3.96157;0.92607087;1.0
0;3.814695;0.9324463;1.0
0;3.7954888;0.959892;1.0
0;3.7845628;0.9237927;1.0
0;3.826545;0.9332523;1.0
0;3.9747863;0.9466426;1.0
0;3.7847733;0.95681775;1.0
0;3.8602452;0.92944854;1.0
0;3.884732;0.9854823;1.0
0;3.8010893;0.9828265;1.0
0;3.8098285;0.9444047;1.0
0;3.803854;0.94605327;1.0
0;3.9363825;0.9580089;1.0
0;3.8734577;0.9540651;1.0
0;3.799861;0.9273901;1.0
0;3.9504213;0.9404439;1.0
0;3.8844237;0.9315294;1.0
0;3.9779894;0.94331396;1.0
0;3.8703573;0.9543395;1.0
0;3.8367226;0.963762;1.0
0;3.775104;0.96413064;1.0
0;3.8651419;0.9706158;1.0
0;3.7914145;0.9731241;1.0
0;3.7967546;0.93413633;1.0
0;3.9514384;0.9414518;1.0
0;3.7471232;0.97634697;1.0
0;3.8882968;0.95993507;1.0
0;3.8379934;0.94993895;1.0
0;3.9521918;0.9597703;1.0
0;3.9671714;0.9437722;1.0
0;3.8616393;0.95705223;1.0
0;3.8452978;0.9936275;1.0
0;3.7582717;0.9411504;1.0
0;3.8700156;0.9379409;1.0
0;3.8108177;0.93787616;1.0
0;3.7824373;0.91874367;1.0
0;3.8482392;0.9563633;1.0
0;3.7692285;0.94336915;1.0
0;3.8377483;0.94380206;1.0
0;3.857304;0.98301977;1.0
0;3.8754892;0.9496242;1.0
0;3.7847865;0.9385366;1.0
0;3.892217;0.97896796;1.0
0;3.8005447;0.95622206;1.0
0;3.8482337;0.91997635;1.0
0;3.8960085;0.94072276;1.0
0;3.8732686;0.9676126;1.0
0;3.7681153;0.9621602;1.0
0;3.7246022;0.96283036;1.0
0;3.8326766;0.94555;1.0
0;3.8771558;0.9314111;1.0
0;3.886154;0.9742841;1.0
0;3.8962603;0.9486887;1.0
0;3.9000156;0.9409043;1.0
0;3.804624;0.92240775;1.0
0;3.8050263;0.96506953;1.0
0;3.8706465;0.9475534;1.0
0;3.9398415;0.9578338;1.0
0;3.9132614;0.9623257;1.0
0;3.916789;0.9478825;1.0
0;3.9277534;0.9718819;1.0
0;3.8029106;0.9754223;1.0
0;3.873886;0.9396468;1.0
0;3.913313;0.9595751;1.0
0;3.843811;0.9462295;1.0
0;3.8691032;0.99875206;1.0
0;3.8307796;0.9543744;1.0
0;3.7952378;0.9670875;1.0
0;3.8492057;0.95963305;1.0
0;3.8494432;0.962744;1.0
0;3.8070273;0.945481;1.0
0;3.8802378;0.9517008;1.0
0;3.8849766;0.97284245;1.0
0;3.8339343;0.94643176;1.0
0;3.739294;0.94613993;1.0
0;3.8541422;0.9961298;1.0
0;3.8430784;0.9634331;1.0
0;3.8533034;0.9687873;1.0
0;3.8935032;0.9757316;1.0
0;3.8076117;0.9405825;1.0
0;3.9684014;0.915423;1.0
0;3.8386464;0.9276385;1.0
0;3.85245;0.94062316;1.0
0;3.7873845;0.92594516;1.0
0;3.85965;0.9538558;1.0
0;3.7946787;0.9361786;1.0
0;3.8359098;0.9394654;1.0
0;3.7734911;0.94782937;1.0
0;3.7555988;0.9476299;1.0
0;3.8844175;0.9723939;1.0
0;3.7840624;0.9519908;1.0
0;3.8238938;0.9676363;1.0
0;3.917535;0.96831846;1.0
0;4.0;0.95671016;1.0
0;3.868875;0.9270919;1.0
0;3.8307738;0.94874483;1.0
0;3.8873296;0.9616064;1.0
0;3.8593664;0.9485205;1.0
0;3.8503025;0.975642;1.0
0;3.8427038;0.9385251;1.0
0;3.7959824;0.9572357;1.0
0;3.8505769;0.93465644;1.0
0;3.8623328;0.9428528;1.0
0;3.8127346;0.94891167;1.0
0;3.8164854;0.9419046;1.0
0;3.79718;0.962116;1.0
0;3.7695284;0.95603764;1.0
0;3.9524317;0.96226466;1.0
0;3.76947;0.931501;1.0
0;3.8588867;0.9266458;1.0
0;3.8077474;0.9507889;1.0
0;3.7372167;0.9541065;1.0
0;3.811356;0.9813021;1.0
0;3.772928;0.9565607;1.0
0;3.825155;0.94644314;1.0
0;3.9019344;0.9668702;1.0
0;3.8691201;0.9262141;1.0
0;3.6988869;0.97783375;1.0
0;3.7737617;0.9366745;1.0
0;3.8231614;0.93797415;1.0
0;3.875017;0.9762424;1.0
0;3.8223276;0.97432315;1.0
0;3.8970037;0.9546857;1.0
0;3.9050775;0.9399911;1.0
0;3.829742;0.9467199;1.0
0;3.864936;0.95736444;1.0
0;3.832347;0.9644993;1.0
0;3.8476086;0.96449906;1.0
0;3.8065825;0.9558046;1.0
0;3.856563;0.93944156;1.0
0;3.869049;0.94374454;1.0
0;3.898493;0.9741996;1.0
0;3.7698245;0.96231705;1.0
0;3.7804387;0.951537;1.0
0;3.8290281;0.94383496;1.0
0;3.856205;0.9504013;1.0
0;3.73737;0.9356627;1.0
0;3.8339734;0.9530241;1.0
0;3.9151511;0.9586421;1.0
0;3.856923;0.9367889;1.0
0;3.9155495;0.9196497;1.0
0;3.8059623;0.9488991;1.0
0;3.9027128;0.94363457;1.0
0;3.7961116;0.96732426;1.0
0;3.845637;0.96160066;1.0
0;3.8470383;0.9438163;1.0
0;3.8641577;0.9420164;1.0
0;3.7709353;0.98313457;1.0
0;3.8838542;0.94467574;1.0
0;3.7603657;0.9284992;1.0
0;3.8693972;0.96159714;1.0
0;3.8471575;0.95858634;1.0
0;3.8449068;0.9222184;1.0
0;3.8413522;0.96984065;1.0
0;3.9109993;0.9274821;1.0
0;3.8537037;0.96628076;1.0
0;3.8353157;0.9438016;1.0
0;3.843076;0.98923016;1.0
0;3.8367727;0.95936215;1.0
0;3.7990322;0.980298;1.0
0;3.9386544;0.9528935;1.0
0;3.7921784;0.95802337;1.0
0;3.8486278;0.9605323;1.0
0;3.9107783;0.96402246;1.0
0;3.77363;0.9444231;1.0
0;3.7771368;0.9550211;1.0
0;3.8518522;0.9391266;1.0
0;3.808301;0.9925984;1.0
0;3.8402812;0.96431917;1.0
0;3.8212008;0.9652545;1.0
0;3.8969848;0.95083594;1.0
0;3.8412704;0.9555107;1.0
0;3.8837233;0.9523748;1.0
0;3.866384;0.9413571;1.0
0;3.9351327;0.9438713;1.0
0;3.6965587;0.9416068;1.0
0;3.9058564;0.9710317;1.0
0;3.8231952;0.94703895;1.0
0;3.8962023;0.9971112;1.0
0;3.8047836;0.93519145;1.0
0;3.818064;0.95128655;1.0
0;3.8207943;0.9238765;1.0
0;3.8375576;0.9791265;1.0
0;3.943525;0.9659925;1.0
0;3.849354;0.96365225;1.0
0;3.830083;0.9428084;1.0
0;3.7379797;0.96023744;1.0
0;3.9229598;0.94745594;1.0
0;3.7657378;0.95956117;1.0
0;3.881785;0.9720105;1.0
0;3.9546554;0.9428911;1.0
0;3.7931027;0.96047145;1.0
0;3.9060752;0.9531423;1.0
0;3.8165126;0.9522318;1.0
0;3.8719654;0.9646853;1.0
0;3.8619483;0.9308068;1.0
0;3.8371818;0.9625172;1.0
0;3.887783;0.957054;1.0
0;3.81945;0.940268;1.0
0;3.8308609;0.9623893;1.0
0;3.9089963;0.9234152;1.0
0;3.9229167;0.9481132;1.0
0;3.7125795;0.95622987;1.0
0;3.754589;0.95279974;1.0
0;3.8412182;0.9395085;1.0
0;3.8812141;0.9630794;1.0
0;3.8324542;0.9588281;1.0
0;3.8469281;1.0;1.0
0;3.8865888;0.9433935;1.0
0;3.8293552;0.9676593;1.0
0;3.843459;0.95886236;1.0
0;3.8826327;0.93892455;1.0
0;3.877567;0.93473315;1.0
0;3.7808897;0.9362052;1.0
0;3.8456194;0.96102595;1.0
0;3.826128;0.96777564;1.0
0;3.7329392;0.95821846;1.0
0;3.8570535;0.9430642;1.0
0;3.884627;0.94387937;1.0
0;3.8833485;0.96961516;1.0
0;3.8689294;0.95195967;1.0
0;3.90687;0.9872214;1.0
0;3.9436884;0.9443718;1.0
0;3.8435218;0.93809074;1.0
0;3.8869488;0.9786134;1.0
0;3.9310892;0.9595532;1.0
0;3.7675738;0.94391745;1.0
0;3.7707577;0.9282171;1.0
0;3.8236308;0.9627843;1.0
0;3.723971;0.96875584;1.0
0;3.890311;0.9862958;1.0
0;3.8891768;0.96286577;1.0
0;3.7806787;0.93224925;1.0
0;3.855323;0.96534026;1.0
0;3.7891283;0.9305647;1.0
0;3.843362;0.93066037;1.0
0;3.865122;0.9471575;1.0
0;3.904135;0.97621953;1.0
0;3.8580742;0.9845692;1.0
0;3.8060608;0.9760323;1.0
0;3.8035145;0.95878404;1.0
0;3.7696743;0.95606524;1.0
0;3.9151576;0.9415395;1.0
0;3.8311276;0.9552621;1.0
0;3.8865328;0.94872516;1.0
0;3.785072;0.9531194;1.0
0;3.7919464;0.9474128;1.0
0;3.819149;0.95200104;1.0
0;3.9055243;0.9489831;1.0
0;3.8800945;0.9388646;1.0
0;3.8747509;0.96807146;1.0
0;3.8878639;0.9083925;1.0
0;3.9143293;0.9490305;1.0
0;3.9105494;0.92823523;1.0
0;3.9091246;0.95218945;1.0
0;3.856736;0.96037537;1.0
0;3.7856045;0.9520503;1.0
0;3.7839077;0.92540914;1.0
0;3.8759472;0.97982186;1.0
0;3.9257593;0.9554158;1.0
0;3.8719966;0.9679851;1.0
0;3.8080971;0.94662917;1.0
0;3.865354;0.94536245;1.0
0;3.8600845;0.94966686;1.0
0;3.885179;0.9469062;1.0
0;3.8550997;0.9604336;1.0
0;3.9156845;0.9656086;1.0
0;3.8882086;0.9143974;1.0
0;3.9516578;0.95158565;1.0
0;3.7880807;0.9458488;1.0
0;3.8203938;0.94214976;1.0
0;1.5831764;0.45837998;2.0
0;1.7077419;0.66700846;2.0
0;1.8124537;0.25271517;2.0
0;0.69325775;0.3974025;2.0
0;0.8722754;0.34041888;2.0
0;0.7174692;0.40035373;2.0
0;1.3775734;0.09532204;2.0
0;1.6084493;0.47093424;2.0
0;1.3136547;0.4549578;2.0
0;1.2071719;0.3605924;2.0
0;1.2871506;0.18821372;2.0
0;0.9623048;0.22985192;2.0
0;1.0623907;0.100033626;2.0
0;1.6324387;0.69532216;2.0
0;1.6373591;0.37867808;2.0
0;1.2204138;0.38577834;2.0
0;1.4396627;0.4992567;2.0
0;0.9885599;0.50275415;2.0
0;1.8574435;0.4341094;2.0
0;1.5735323;0.44567707;2.0
0;1.1796747;0.4165422;2.0
0;1.3341584;0.14595191;2.0
0;1.1257021;0.47753075;2.0
0;1.3181192;0.3502583;2.0
0;1.0425308;0.5887295;2.0
0;1.7115375;0.3324373;2.0
0;0.8407296;0.37524068;2.0
0;1.2306291;0.28634873;2.0
0;0.9385713;0.2653089;2.0
0;0.86719507;0.23686923;2.0
0;1.2818907;0.4868347;2.0
0;1.1424203;0.31750208;2.0
0;1.5567771;0.49382272;2.0
0;1.362754;0.5873124;2.0
0;0.959898;0.28154165;2.0
0;1.6600522;0.46114904;2.0
0;1.134179;0.48932955;2.0
0;2.238001;0.45839623;2.0
0;0.82947683;0.41793263;2.0
0;1.2399071;0.4079556;2.0
0;1.3132594;0.5688287;2.0
0;1.4339217;0.5399483;2.0
0;1.9439151;0.52118725;2.0
0;1.0994052;0.5540655;2.0
0;1.3538833;0.12626109;2.0
0;0.99943155;0.34746045;2.0
0;1.3856965;0.25268304;2.0
0;1.6848462;0.4823129;2.0
0;1.3610443;0.37932825;2.0
0;1.7980349;0.38709852;2.0
0;1.6948128;0.45353925;2.0
0;1.6423147;0.48229408;2.0
0;1.2207959;0.49190798;2.0
0;1.5090697;0.29256743;2.0
0;0.5598806;0.5053355;2.0
0;1.7299721;0.62993205;2.0
0;1.0821755;0.52500224;2.0
0;0.92208725;0.45883736;2.0
0;1.1756433;0.541212;2.0
0;1.378779;0.27170047;2.0
0;1.2333361;0.41040722;2.0
0;1.3197132;0.24748854;2.0
0;1.594987;0.5074377;2.0
0;1.5925483;0.47397065;2.0
0;1.6841851;0.28917345;2.0
0;1.4512135;0.66904575;2.0
0;0.98624873;0.5916691;2.0
0;0.81437343;0.40186912;2.0
0;1.3886063;0.43067792;2.0
0;1.5381639;0.4576085;2.0
0;1.7625991;0.29386026;2.0
0;1.6295893;0.6097891;2.0
0;1.4033546;0.47262126;2.0
0;0.46882424;0.4358519;2.0
0;1.0775892;0.52617866;2.0
0;1.0172108;0.47939056;2.0
0;0.57682514;0.43744212;2.0
0;1.7128543;0.4274556;2.0
0;1.825149;0.3904701;2.0
0;1.3918161;0.32581368;2.0
0;0.8950116;0.46776494;2.0
0;1.4359562;0.38570225;2.0
0;1.0767826;0.5128497;2.0
0;1.6409783;0.4346263;2.0
0;1.2616136;0.40775666;2.0
0;0.8374581;0.44729158;2.0
0;1.225023;0.27512616;2.0
0;0.48493567;0.6435407;2.0
0;2.0934737;0.5414391;2.0
0;1.2649148;0.5130903;2.0
0;0.7478404;0.5626067;2.0
0;0.9647164;0.3693416;2.0
0;1.395458;0.31442708;2.0
0;1.2106113;0.22238915;2.0
0;1.3245417;0.12539527;2.0
0;0.6496685;0.39162168;2.0
0;1.13902;0.49272558;2.0
0;0.88707805;0.58321804;2.0
0;1.4753742;0.5635774;2.0
0;1.0817546;0.34023583;2.0
0;0.8985115;0.55123264;2.0
0;1.8699214;0.23265263;2.0
0;1.7301998;0.40610793;2.0
0;1.4248098;0.51337224;2.0
0;1.4839158;0.34404203;2.0
0;1.8579687;0.3656088;2.0
0;0.93790555;0.6169065;2.0
0;1.1745378;0.6976335;2.0
0;0.9670775;0.5477047;2.0
0;1.0977098;0.35723495;2.0
0;1.1644859;0.54291594;2.0
0;1.1927738;0.38473234;2.0
0;1.0833753;0.46991584;2.0
0;0.9759009;0.5565116;2.0
0;0.6550862;0.4925077;2.0
0;0.9870189;0.47406214;2.0
0;1.3238515;0.34506515;2.0
0;1.2084563;0.28798497;2.0
0;1.3429562;0.41101846;2.0
0;0.0;0.4417621;2.0
0;1.1454844;0.41828287;2.0
0;0.60311383;0.3161268;2.0
0;1.295642;0.24544264;2.0
0;1.6623422;0.499532;2.0
0;0.5586072;0.4221286;2.0
0;1.0020794;0.40612578;2.0
0;1.4943295;0.4379638;2.0
0;0.68701357;0.45244378;2.0
0;0.9472978;0.36826885;2.0
0;1.6757033;0.46419275;2.0
0;1.4371946;0.55531573;2.0
0;1.846907;0.17852442;2.0
0;1.1785496;0.64063996;2.0
0;1.2035968;0.5385614;2.0
0;1.133649;0.41623676;2.0
0;1.2894297;0.3961604;2.0
0;1.5703276;0.43659607;2.0
0;2.1185231;0.39801922;2.0
0;1.0918945;0.4042221;2.0
0;0.9408485;0.16541901;2.0
0;0.36947882;0.32862732;2.0
0;1.954096;0.20119691;2.0
0;1.2604617;0.46754202;2.0
0;1.5321208;0.32320333;2.0
0;1.9552288;0.6343902;2.0
0;1.6702628;0.5108573;2.0
0;0.9335679;0.63243836;2.0
0;0.5909394;0.22115746;2.0
0;1.3787249;0.351729;2.0
0;0.9561205;0.2415538;2.0
0;1.7135284;0.4879752;2.0
0;0.7784126;0.6813357;2.0
0;1.8649482;0.2453748;2.0
0;1.4813566;0.42864317;2.0
0;0.8999218;0.3821959;2.0
0;1.0784445;0.4053689;2.0
0;1.2388586;0.40170053;2.0
0;1.1629294;0.4783486;2.0
0;0.4110994;0.44777545;2.0
0;0.9305103;0.39309517;2.0
0;1.9158694;0.21511199;2.0
0;0.646237;0.77708584;2.0
0;1.7032349;0.67882407;2.0
0;1.085323;0.54378235;2.0
0;0.8757088;0.33833408;2.0
0;1.1268679;0.30775294;2.0
0;1.6435971;0.40294904;2.0
0;1.5369045;0.32745305;2.0
0;1.2899195;0.38165677;2.0
0;0.5793139;0.43634188;2.0
0;2.1943998;0.55701226;2.0
0;1.1408103;0.38710865;2.0
0;1.2036134;0.50274366;2.0
0;1.3865376;0.24796717;2.0
0;0.57690734;0.4108213;2.0
0;1.5799885;0.40119183;2.0
0;1.3032664;0.34569824;2.0
0;1.487908;0.5461272;2.0
0;1.3038268;0.72017246;2.0
0;0.41000432;0.5706186;2.0
0;1.3578312;0.48420694;2.0
0;1.1270753;0.4569524;2.0
0;1.4789009;0.5624384;2.0
0;0.8647772;0.6573118;2.0
0;0.99616045;0.36496943;2.0
0;1.2402598;0.47959456;2.0
0;1.102285;0.42010763;2.0
0;1.404578;0.45151666;2.0
0;1.8707306;0.6102639;2.0
0;1.5387987;0.47109762;2.0
0;0.68398935;0.5761475;2.0
0;1.7930205;0.42121089;2.0
0;1.6008723;0.4950658;2.0
0;0.9589311;0.6249057;2.0
0;1.324229;0.39636886;2.0
0;1.1505051;0.44301608;2.0
0;0.50826293;0.5416467;2.0
0;0.7953198;0.5810941;2.0
0;1.3370075;0.3642775;2.0
0;1.3273891;0.45722592;2.0
0;0.706846;0.55350643;2.0
0;1.0071218;0.32860318;2.0
0;1.8220196;0.4222957;2.0
0;1.6377543;0.62326986;2.0
0;0.9053683;0.4269841;2.0
0;1.5715646;0.325931;2.0
0;1.1040398;0.34409848;2.0
0;1.9915336;0.37371114;2.0
0;1.4797504;0.4132446;2.0
0;2.0365703;0.22462822;2.0
0;1.221723;0.59375334;2.0
0;1.7008941;0.33897805;2.0
0;0.60262305;0.49715096;2.0
0;1.4199783;0.29919174;2.0
0;1.0483284;0.42338863;2.0
0;1.30814;0.46206903;2.0
0;1.5653859;0.27448878;2.0
0;1.5958961;0.43480957;2.0
0;1.302164;0.57831717;2.0
0;1.3725264;0.38282645;2.0
0;0.79667705;0.39800522;2.0
0;1.3360773;0.44653082;2.0
0;1.2261362;0.5452099;2.0
0;0.3232363;0.47170854;2.0
0;1.249393;0.5662486;2.0
0;1.3278754;0.3549012;2.0
0;1.3951985;0.74337;2.0
0;1.2313919;0.4134248;2.0
0;0.56560105;0.32811168;2.0
0;0.8242653;0.28879964;2.0
0;0.37556076;0.32447574;2.0
0;1.2921818;0.5155574;2.0
0;1.0012059;0.42566755;2.0
0;0.89995;0.35021004;2.0
0;1.6176703;0.49999246;2.0
0;1.7393125;0.5716913;2.0
0;1.4070314;0.41864598;2.0
0;0.54700124;0.5315293;2.0
0;0.98409855;0.5246752;2.0
0;1.0976641;0.50783414;2.0
0;1.3112847;0.3616109;2.0
0;1.2772081;0.6702489;2.0
0;1.5995895;0.7099625;2.0
0;1.2087514;0.5135951;2.0
0;1.4086419;0.46054128;2.0
0;1.5217822;0.44426644;2.0
0;1.327482;0.0;2.0
0;0.5714338;0.5188312;2.0
0;1.1775038;0.60621506;2.0
0;2.2763937;0.421627;2.0
0;1.5041032;0.7313926;2.0
0;1.5496581;0.50873345;2.0
0;0.9997252;0.36727542;2.0
0;1.6970328;0.42914844;2.0
0;1.9849961;0.47665063;2.0
0;1.6862832;0.4021207;2.0
0;1.4063948;0.61234516;2.0
0;0.6871451;0.6679897;2.0
0;0.44506007;0.6351665;2.0
0;1.2633063;0.2562871;2.0
0;1.0684664;0.39883918;2.0
0;1.4166024;0.41887748;2.0
0;2.078335;0.41413102;2.0
0;1.8757814;0.31796235;2.0
0;1.1172504;0.29165608;2.0
0;1.6933997;0.31022307;2.0
0;0.9058825;0.35056928;2.0
0;1.3316386;0.3357276;2.0
0;1.4177828;0.6814039;2.0
0;0.7825835;0.55143094;2.0
0;1.536581;0.41641426;2.0
0;0.9485139;0.5100535;2.0
0;0.9300472;0.5923398;2.0
0;1.1805297;0.40716806;2.0
0;1.386514;0.39534336;2.0
0;1.093309;0.56683254;2.0
0;1.7844371;0.25800735;2.0
0;0.97762495;0.19017082;2.0
0;2.03687;0.33588454;2.0
0;1.4193283;0.5136818;2.0
0;1.3392404;0.35289854;2.0
0;1.6258404;0.6053949;2.0
0;2.1267512;0.46057063;2.0
0;1.048389;0.2424381;2.0
0;1.15943;0.26266244;2.0
0;0.7682078;0.23664516;2.0
0;2.0776315;0.5621325;2.0
0;0.6588076;0.37539634;2.0
0;1.571789;0.1385281;2.0
0;0.9258874;0.40309444;2.0
0;0.9872588;0.53206086;2.0
0;1.2430618;0.71262777;2.0
0;0.93355614;0.3575232;2.0
0;1.4057218;0.31030267;2.0
0;1.7278632;0.38344356;2.0
0;0.7974449;0.35666534;2.0
0;0.89624673;0.40603933;2.0
0;0.6482982;0.5311952;2.0
0;0.6803262;0.32085922;2.0
0;1.0848666;0.2944565;2.0
0;1.1745818;0.19831839;2.0
0;0.9249207;0.51381;2.0
0;1.363637;0.528415;2.0
0;0.9927904;0.6185692;2.0
0;1.3696206;0.52980435;2.0
0;1.2259976;0.3103434;2.0
0;1.5208683;0.3838677;2.0
0;1.1674817;0.35831475;2.0
0;1.2496904;0.51557434;2.0
0;1.4483942;0.52424824;2.0
0;1.5888861;0.38428396;2.0
0;0.65907866;0.46346998;2.0
0;1.4424063;0.34176096;2.0
0;1.3003782;0.5983425;2.0
0;0.92029136;0.47824213;2.0
0;0.7342861;0.395375;2.0
0;1.7070976;0.5545391;2.0
0;1.0602295;0.328351;2.0
0;1.4259409;0.5536693;2.0
0;0.9934012;0.47004688;2.0
0;1.1152674;0.28952882;2.0
0;1.8990337;0.3922378;2.0
0;1.5673616;0.5337832;2.0
0;1.3985757;0.6899527;2.0
0;1.3812544;0.20668356;2.0
0;0.8976104;0.4559389;2.0
0;1.3036245;0.23351875;2.0
0;1.1404108;0.38706234;2.0
0;1.3756586;0.43266627;2.0
0;1.569728;0.41370994;2.0
0;1.1534204;0.22102448;2.0
0;2.0433216;0.50599015;2.0
0;1.6857679;0.30678913;2.0
0;1.4803454;0.33739167;2.0
0;1.1291438;0.2926284;2.0
0;1.0493656;0.46263006;2.0
0;0.7127332;0.35247958;2.0
0;0.42338428;0.4252719;2.0
0;1.0630883;0.41120324;2.0
0;1.3034061;0.60040075;2.0
0;0.8292989;0.46255627;2.0
0;0.84499794;0.45692086;2.0
0;1.7789409;0.44513252;2.0
0;1.3315188;0.40629148;2.0
0;1.3149885;0.6580987;2.0
0;1.7492;0.44857764;2.0
0;0.8661458;0.4514161;2.0
0;1.043279;0.36558542;2.0
0;1.6412492;0.38896117;2.0
0;1.1774964;0.38512564;2.0
0;1.1534574;0.17817777;2.0
0;1.3737785;0.419086;2.0
0;1.6478397;0.49545264;2.0
0;0.93489856;0.5249645;2.0
0;1.681299;0.57249045;2.0
0;1.2931994;0.6974521;2.0
0;1.2482826;0.35567462;2.0
0;1.9669286;0.4923621;2.0
0;1.3008772;0.28985375;2.0
0;1.6423835;0.2856642;2.0
0;1.4446357;0.6137404;2.0
0;1.8028228;0.3122176;2.0
0;1.6360397;0.5404814;2.0
0;1.013823;0.5447732;2.0
0;0.8881601;0.4627952;2.0
0;1.6779519;0.36060598;2.0
0;0.9972161;0.26689574;2.0
0;1.267122;0.58149594;2.0
0;1.4226049;0.32274187;2.0
0;0.9292927;0.44180098;2.0
0;1.1430076;0.1695774;2.0
0;1.6689337;0.49415457;2.0
0;1.6058586;0.34269497;2.0
0;1.4290943;0.5891624;2.0
0;1.616605;0.48493138;2.0
0;1.5197146;0.513335;2.0
0;0.9695462;0.44956857;2.0
0;1.019909;0.4102058;2.0
0;0.9088047;0.21935688;2.0
0;1.3188556;0.5270438;2.0
0;0.90524995;0.437507;2.0
0;1.6414083;0.4989649;2.0
0;0.8985826;0.33060429;2.0
0;1.3433921;0.4460545;2.0
0;1.1839516;0.27401623;2.0
0;1.8602855;0.35824803;2.0
0;1.6161879;0.5779936;2.0
0;1.476206;0.46483418;2.0
0;1.1371251;0.53282964;2.0
0;1.322805;0.39738318;2.0
0;1.8996267;0.34680942;2.0
0;0.94615805;0.32553926;2.0
0;1.2222279;0.327874;2.0
0;1.0642084;0.48962757;2.0
0;1.2966859;0.35283604;2.0
0;1.556544;0.55047077;2.0
0;1.5924366;0.37239572;2.0
0;1.4628245;0.62663585;2.0
0;0.85470927;0.59855473;2.0
0;1.6264112;0.15954117;2.0
0;0.84036994;0.2684211;2.0
0;1.5567155;0.6046593;2.0
0;0.65381926;0.5142686;2.0
0;0.8157316;0.6848875;2.0
0;1.0148265;0.42135805;2.0
0;0.6775231;0.43320405;2.0
0;0.90614146;0.40026677;2.0
0;1.8937563;0.48889422;2.0
0;2.22509;0.45314342;2.0
0;1.3586619;0.46302482;2.0
0;1.453101;0.4246301;2.0
0;1.7493656;0.46325833;2.0
0;1.4265686;0.37754726;2.0
0;1.9989387;0.18378693;2.0
0;1.2248412;0.24840207;2.0
0;0.9228657;0.6367367;2.0
0;1.8968774;0.50114954;2.0
0;1.3495972;0.2907328;2.0
0;1.972971;0.64024466;2.0
0;1.3770764;0.3536614;2.0
0;1.9563408;0.50888866;2.0
0;0.6786521;0.41394135;2.0
0;0.9484368;0.38861176;2.0
0;1.7868835;0.39048368;2.0
0;1.1670094;0.31829938;2.0
0;0.85829836;0.48257127;2.0
0;1.1718066;0.44306687;2.0
0;0.7482349;0.5451768;2.0
0;1.0503186;0.33820793;2.0
0;1.156829;0.47338516;2.0
0;2.4438953;0.37201896;2.0
0;0.9479142;0.5766219;2.0
0;1.5821582;0.30992863;2.0
0;1.5312309;0.34802622;2.0
0;0.98139834;0.5155092;2.0
0;1.1567612;0.49969503;2.0
0;0.5966323;0.44002777;2.0
0;0.6984691;0.5001942;2.0
