DY
752
2

0;0.28142762;0.06737624;1.0
0;0.15788117;0.025283942;1.0
0;0.11186992;0.026231874;1.0
0;0.12815262;0.025879323;1.0
0;0.21616341;0.043219697;1.0
0;0.27147225;0.02821249;1.0
0;0.3092207;0.0793527;1.0
0;0.3447967;0.0472797;1.0
0;0.22335611;0.035267662;1.0
0;0.30858386;0.0656734;1.0
0;0.006161643;0.08284281;1.0
0;0.29589304;0.010465805;1.0
0;0.23144506;0.0608799;1.0
0;0.13577338;0.05287386;1.0
0;0.13190086;0.01614534;1.0
0;0.32701048;0.05333764;1.0
0;0.07024142;0.090761505;1.0
0;0.27129436;0.04922981;1.0
0;0.18824561;0.04842669;1.0
0;0.28579357;0.06439248;1.0
0;0.23614031;0.014969111;1.0
0;0.054467287;0.04379299;1.0
0;0.24469195;0.020286847;1.0
0;0.16375029;0.051218785;1.0
0;0.120669805;0.04732055;1.0
0;0.1776614;0.07898582;1.0
0;0.23960926;0.046329867;1.0
0;0.22261916;0.033474118;1.0
0;0.24066596;0.045182493;1.0
0;0.25532076;0.031011319;1.0
0;0.21078889;0.05001903;1.0
0;0.17398974;0.082046084;1.0
0;0.23136577;0.040182438;1.0
0;0.22089797;0.053338975;1.0
0;0.15466245;0.039310966;1.0
0;0.19617783;0.038743515;1.0
0;0.31358156;0.049515486;1.0
0;0.18028732;0.05803326;1.0
0;0.27343187;0.080502935;1.0
0;0.32270736;0.06843153;1.0
0;0.19994071;0.062333662;1.0
0;0.17119983;0.06507245;1.0
0;0.18019208;0.023189316;1.0
0;0.22781497;0.06666441;1.0
0;0.26573995;0.057799865;1.0
0;0.17415704;0.055414975;1.0
0;0.10037002;0.026647465;1.0
0;0.27283552;0.047996707;1.0
0;0.257269;0.032541122;1.0
0;0.22462526;0.052082818;1.0
0;0.23279096;0.05186508;1.0
0;0.2485414;0.036797356;1.0
0;0.21276347;0.029016674;1.0
0;0.1161479;0.021717785;1.0
0;0.21893497;0.04964546;1.0
0;0.15020715;0.05051004;1.0
0;0.24256259;0.063763954;1.0
0;0.17557941;0.06500433;1.0
0;0.31094596;0.08596225;1.0
0;0.16086577;0.021641571;1.0
0;0.086548336;0.08264602;1.0
0;0.09988592;0.038007587;1.0
0;0.05091139;0.06792568;1.0
0;0.14634529;0.0560688;1.0
0;0.19407432;0.05636459;1.0
0;0.3153294;0.06931503;1.0
0;0.23457104;0.06461087;1.0
0;0.15858735;0.067926854;1.0
0;0.2744798;0.048971783;1.0
0;0.215128;0.03490077;1.0
0;0.20568733;0.048985038;1.0
0;0.26684758;0.06682691;1.0
0;0.22264943;0.029914705;1.0
0;0.23455939;0.01969216;1.0
0;0.2263806;0.03573712;1.0
0;0.33797348;0.040180743;1.0
0;0.21606384;0.043865837;1.0
0;0.265471;0.0024531789;1.0
0;0.21837534;0.04846725;1.0
0;0.12642154;0.055647086;1.0
0;0.35374585;0.043163795;1.0
0;0.11816627;0.041879106;1.0
0;0.27648428;0.09277088;1.0
0;0.21638694;0.034681015;1.0
0;0.2390991;0.061305027;1.0
0;0.27724904;0.041883968;1.0
0;0.1593648;0.045314766;1.0
0;0.2900301;0.050675754;1.0
0;0.16217366;0.012967156;1.0
0;0.29528388;0.04158981;1.0
0;0.2697472;0.037753727;1.0
0;0.36491966;0.046327524;1.0
0;0.34925714;0.02160279;1.0
0;0.05048798;0.050196122;1.0
0;0.21476799;0.052560855;1.0
0;0.16793995;0.0689209;1.0
0;0.24690057;0.060298167;1.0
0;0.2904647;0.061256148;1.0
0;0.24535954;0.065074205;1.0
0;0.3332287;0.06035217;1.0
0;0.23199512;0.03829408;1.0
0;0.15136819;0.024932593;1.0
0;0.2617278;0.022238994;1.0
0;0.2601768;0.052201714;1.0
0;0.024267713;0.05647919;1.0
0;0.19616292;0.04618219;1.0
0;0.14414349;0.05896944;1.0
0;0.31114843;0.029437887;1.0
0;0.31273767;0.037097644;1.0
0;0.33647007;0.047773708;1.0
0;0.15482427;0.033696055;1.0
0;0.2330937;0.05217864;1.0
0;0.2682547;0.053808622;1.0
0;0.20303272;0.028962638;1.0
0;0.34390214;0.019944616;1.0
0;0.21868773;0.030871253;1.0
0;0.3041016;0.011656951;1.0
0;0.23160994;0.04944099;1.0
0;0.26713133;0.07162032;1.0
0;0.17421967;0.05795831;1.0
0;0.22002925;0.048817277;1.0
0;0.2493939;0.046458952;1.0
0;0.22958843;0.015722234;1.0
0;0.16194734;0.035708074;1.0
0;0.20661084;0.023358198;1.0
0;0.24113382;0.01984279;1.0
0;0.16229509;0.040248107;1.0
0;0.3167459;0.049687956;1.0
0;0.24722835;0.047813095;1.0
0;0.24545327;0.055508293;1.0
0;0.19813858;0.0808882;1.0
0;0.3124975;0.07055326;1.0
0;0.23643087;0.02078198;1.0
0;0.34646478;0.08110389;1.0
0;0.1768738;0.017873975;1.0
0;0.19265644;0.04378561;1.0
0;0.35831323;0.068412594;1.0
0;0.27075008;0.047844447;1.0
0;0.33045828;0.053192463;1.0
0;0.27093464;0.050587215;1.0
0;0.1623887;0.039200492;1.0
0;0.16918468;0.06329838;1.0
0;0.193054;0.07095433;1.0
0;0.030442515;0.07636901;1.0
0;0.20342688;0.05269387;1.0
0;0.2019383;0.059722755;1.0
0;0.19802964;0.02435333;1.0
0;0.18159354;0.07093132;1.0
0;0.2593176;0.033884585;1.0
0;0.20339899;0.06726671;1.0
0;0.239149;0.051765613;1.0
0;0.32470632;0.017883893;1.0
0;0.23043342;0.064541444;1.0
0;0.32534257;0.08502721;1.0
0;0.22410205;0.04897314;1.0
0;0.24648081;0.04165956;1.0
0;0.22853291;0.05488106;1.0
0;0.19504553;0.040972393;1.0
0;0.38078517;0.027056348;1.0
0;0.30870885;0.035009686;1.0
0;0.35297674;0.038946968;1.0
0;0.25931078;0.070043474;1.0
0;0.10308315;0.067507826;1.0
0;0.107008986;0.056108475;1.0
0;0.028603237;0.05338402;1.0
0;0.1969212;0.07310067;1.0
0;0.28421408;0.07845696;1.0
0;0.13769212;0.013599977;1.0
0;0.19322528;0.03180348;1.0
0;0.18315509;0.035727773;1.0
0;0.26356375;0.027174335;1.0
0;0.21935165;0.041583497;1.0
0;0.15589698;0.038316596;1.0
0;0.10466911;0.04055781;1.0
0;0.114182495;0.057016153;1.0
0;0.24697275;0.068230055;1.0
0;0.11611781;0.04079925;1.0
0;0.14476433;0.07306673;1.0
0;0.22554818;0.020521453;1.0
0;0.21215703;0.050509725;1.0
0;0.24098179;0.016162796;1.0
0;0.082098335;0.047741972;1.0
0;0.21965137;0.070323296;1.0
0;0.20774189;0.043982685;1.0
0;0.10578075;0.04772713;1.0
0;0.19373381;0.012653704;1.0
0;0.20630798;0.042976864;1.0
0;0.29096755;0.07295242;1.0
0;0.20409784;0.070677064;1.0
0;0.13681675;0.014493047;1.0
0;0.052379444;0.043427326;1.0
0;0.16424626;0.04152;1.0
0;0.2953822;0.05513496;1.0
0;0.082328066;0.06731371;1.0
0;0.10137546;0.0417904;1.0
0;0.23200467;0.017220741;1.0
0;0.15845266;0.049560286;1.0
0;0.097271495;0.048723947;1.0
0;0.28319284;0.0774843;1.0
0;0.23364514;0.051581006;1.0
0;0.31218088;0.058523137;1.0
0;0.25269777;0.063589774;1.0
0;0.2588629;0.03662657;1.0
0;0.3252604;0.08184905;1.0
0;0.2510739;0.04896158;1.0
0;0.092414215;0.05082729;1.0
0;0.35870564;0.080058195;1.0
0;0.23459467;0.061512552;1.0
0;0.23016644;0.04477731;1.0
0;0.30587068;0.03584281;1.0
0;0.15270942;0.07838798;1.0
0;0.16207306;0.06643533;1.0
0;0.26408064;0.0390433;1.0
0;0.20642483;0.043175418;1.0
0;0.32324755;0.067278504;1.0
0;0.12717126;0.05709971;1.0
0;0.28640702;0.0293125;1.0
0;0.23867854;0.066882454;1.0
0;0.150076;0.05610981;1.0
0;0.123971336;0.065740556;1.0
0;0.2899281;0.055179983;1.0
0;0.22169471;0.047201008;1.0
0;0.09641393;0.04627003;1.0
0;0.19527836;0.06685571;1.0
0;0.23627087;0.036529284;1.0
0;0.1293729;0.054086402;1.0
0;0.33564848;0.05935007;1.0
0;0.1812147;0.06283898;1.0
0;0.21903697;0.028252665;1.0
0;0.1986745;0.037571147;1.0
0;0.29817685;0.038744528;1.0
0;0.16388692;0.042353176;1.0
0;0.16183995;0.058906786;1.0
0;0.19632544;0.01183501;1.0
0;0.3332436;0.040699173;1.0
0;0.1994252;0.039182503;1.0
0;0.27458632;0.0464221;1.0
0;0.26012304;0.054372553;1.0
0;0.2283073;0.05210044;1.0
0;0.21498488;0.07958925;1.0
0;0.20976341;0.058248848;1.0
0;0.429096;0.014839728;1.0
0;0.18637702;0.043611556;1.0
0;0.14398733;0.045806777;1.0
0;0.03757604;0.044843983;1.0
0;0.20075713;0.012321008;1.0
0;0.22969596;0.029738054;1.0
0;0.12711422;0.039945733;1.0
0;0.23738593;0.06533542;1.0
0;0.15130158;0.047682576;1.0
0;0.17850392;0.061800394;1.0
0;0.22050619;0.011470427;1.0
0;0.26426426;0.038418923;1.0
0;0.16694121;0.060189266;1.0
0;0.24945186;0.074161045;1.0
0;0.15210417;0.053837325;1.0
0;0.26361987;0.06603648;1.0
0;0.2831923;0.051984485;1.0
0;0.09784308;0.089826785;1.0
0;0.15432817;0.057580963;1.0
0;0.18342102;0.061254498;1.0
0;0.124793835;0.0;1.0
0;0.16626188;0.05338958;1.0
0;0.15396525;0.068477415;1.0
0;0.14684884;0.045909714;1.0
0;0.09965011;0.037404783;1.0
0;0.12040305;0.028843313;1.0
0;0.25922963;0.039498016;1.0
0;0.27663317;0.066272534;1.0
0;0.13991761;0.059698757;1.0
0;0.19904238;0.0734074;1.0
0;0.17902578;0.046247218;1.0
0;0.1851016;0.027554218;1.0
0;0.10132009;0.07767324;1.0
0;0.30689135;0.03160269;1.0
0;0.20052229;0.0181409;1.0
0;0.27067763;0.054396477;1.0
0;0.22320299;0.04650744;1.0
0;0.14652579;0.053912643;1.0
0;0.21816261;0.028053435;1.0
0;0.20795102;0.05002502;1.0
0;0.2818144;0.047922697;1.0
0;0.122218646;0.0654101;1.0
0;0.19340889;0.031129861;1.0
0;0.36783117;0.048316095;1.0
0;0.19441707;0.025177566;1.0
0;0.29845288;0.07989862;1.0
0;0.19718373;0.05063742;1.0
0;0.2431989;0.052493114;1.0
0;0.21570921;0.070206866;1.0
0;0.05158;0.0731396;1.0
0;0.23467368;0.052580398;1.0
0;0.09780156;0.058649465;1.0
0;0.2144535;0.041539703;1.0
0;0.19173266;0.030826911;1.0
0;0.018061075;0.046332777;1.0
0;0.3107565;0.07400667;1.0
0;0.066146635;0.02112835;1.0
0;0.2567898;0.07510543;1.0
0;0.22142263;0.06859501;1.0
0;0.2438357;0.050765295;1.0
0;0.23158401;0.07202565;1.0
0;0.34191093;0.05724456;1.0
0;0.09605666;0.04497976;1.0
0;0.2604472;0.047195505;1.0
0;0.1861553;0.036951404;1.0
0;0.088459544;0.03958744;1.0
0;0.22048111;0.057493642;1.0
0;0.32520947;0.054858416;1.0
0;0.31604147;0.00787306;1.0
0;0.20322396;0.044110443;1.0
0;0.2637017;0.03713388;1.0
0;0.2972521;0.0673107;1.0
0;0.13892016;0.04710756;1.0
0;0.2483303;0.059662376;1.0
0;0.22064725;0.04721431;1.0
0;0.24376503;0.04979925;1.0
0;0.0893242;0.05296251;1.0
0;0.17982055;0.053680457;1.0
0;0.18415838;0.049823426;1.0
0;0.18980576;0.0036827142;1.0
0;0.16545595;0.056577317;1.0
0;0.20696299;0.04713987;1.0
0;0.0;0.03998371;1.0
0;0.31929713;0.012494882;1.0
0;0.25189644;0.051499173;1.0
0;0.17010148;0.030545093;1.0
0;0.23771536;0.049702168;1.0
0;0.17557241;0.060121763;1.0
0;0.08678443;0.07024287;1.0
0;0.18736891;0.037435643;1.0
0;0.1876521;0.034556206;1.0
0;0.24776766;0.049646307;1.0
0;0.30256864;0.07321972;1.0
0;0.17431344;0.061027747;1.0
0;0.21047729;0.045026265;1.0
0;0.15918344;0.05815782;1.0
0;0.1675469;0.09824835;1.0
0;0.25517648;0.03907565;1.0
0;0.2580702;0.024889829;1.0
0;0.2184869;0.05175532;1.0
0;0.17332648;0.05736381;1.0
0;0.18790612;0.03646742;1.0
0;0.2534947;0.022465847;1.0
0;0.33449936;0.05656088;1.0
0;0.20459923;0.050141167;1.0
0;0.17377427;0.08106767;1.0
0;0.20111583;0.038429957;1.0
0;0.20511281;0.04914339;1.0
0;0.24913831;0.04373382;1.0
0;0.17970051;0.059096534;1.0
0;0.11763899;0.04533873;1.0
0;0.17886326;0.038023017;1.0
0;0.22662441;0.06777649;1.0
0;0.20843443;0.06140508;1.0
0;0.15793663;0.068430506;1.0
0;0.1916293;0.08725777;1.0
0;0.14051227;0.07446772;1.0
0;0.2470966;0.05768159;1.0
0;0.16086559;0.04205398;1.0
0;0.2547862;0.055115286;1.0
0;0.220165;0.07210576;1.0
0;0.24726966;0.045285266;1.0
0;0.22590151;0.04753442;1.0
0;0.25008884;0.06818551;1.0
0;0.20667866;0.06755438;1.0
0;0.24013959;0.07331886;1.0
0;0.2930896;0.05954084;1.0
0;0.31034106;0.066018716;1.0
0;0.23740098;0.047731988;1.0
0;0.11587435;0.046104703;1.0
0;0.13929474;0.0544596;1.0
0;0.42056364;0.05179653;1.0
0;0.22016543;0.04112448;1.0
0;0.18751423;0.04398927;1.0
0;0.24991289;0.04382211;1.0
0;3.8291912;0.9616273;2.0
0;3.7276952;0.89647174;2.0
0;3.658389;0.9498425;2.0
0;3.7931414;0.89177364;2.0
0;3.7278082;0.95298064;2.0
0;3.7805424;0.95435905;2.0
0;3.7547204;0.9595407;2.0
0;3.8003223;0.9679527;2.0
0;3.8253329;0.9568321;2.0
0;3.752759;0.9432172;2.0
0;3.8311405;0.87884414;2.0
0;3.8654766;0.9414513;2.0
0;3.8789003;0.93769956;2.0
0;3.80956;0.92964196;2.0
0;3.8218508;0.92844176;2.0
0;3.8493536;0.9519126;2.0
0;3.6859128;0.9582391;2.0
0;3.842972;0.9211753;2.0
0;3.859686;0.945568;2.0
0;3.8188145;0.9408394;2.0
0;3.8792484;0.9338144;2.0
0;3.7802207;0.9478002;2.0
0;3.864014;0.9535712;2.0
0;3.9252255;0.95988286;2.0
0;3.761135;0.9449837;2.0
0;3.7216403;0.8871256;2.0
0;3.8593903;0.95124006;2.0
0;3.5869806;0.95214695;2.0
0;3.6055927;0.9844115;2.0
0;3.6892242;0.9013976;2.0
0;3.7511976;0.95443493;2.0
0;3.7605212;0.9404181;2.0
0;3.7616355;0.9676219;2.0
0;3.8575563;0.93708855;2.0
0;3.6658099;0.94661003;2.0
0;3.81489;0.9224998;2.0
0;3.9467413;0.9250401;2.0
0;3.6650414;0.9258868;2.0
0;3.6456885;0.97741586;2.0
0;3.8162475;0.9474071;2.0
0;3.9025006;0.9287086;2.0
0;3.7703986;0.93006533;2.0
0;3.7095554;0.93716383;2.0
0;3.6779191;0.92894334;2.0
0;3.8719862;0.9528863;2.0
0;3.679374;0.9388635;2.0
0;3.904589;0.93759423;2.0
0;3.7994287;0.93793756;2.0
0;3.7565582;0.93643093;2.0
0;3.797639;0.94104296;2.0
0;3.8495927;0.92911375;2.0
0;3.7218165;0.94185686;2.0
0;3.777261;0.9452806;2.0
0;3.7847798;0.92866826;2.0
0;3.498144;0.9190186;2.0
0;3.7905004;0.9295059;2.0
0;3.5988748;0.91707724;2.0
0;3.9386477;0.9122212;2.0
0;3.6953924;0.92743605;2.0
0;3.800776;0.94387984;2.0
0;3.64957;0.98484635;2.0
0;3.78036;0.9132536;2.0
0;3.7558725;0.92080104;2.0
0;3.7797217;0.9052412;2.0
0;3.7905746;0.89526516;2.0
0;3.7062178;0.948118;2.0
0;3.729989;0.94678575;2.0
0;3.901762;0.9217527;2.0
0;3.7046611;0.9528545;2.0
0;3.672898;0.95637536;2.0
0;3.6563208;0.9636243;2.0
0;3.7892306;0.95140344;2.0
0;3.758175;0.9169223;2.0
0;3.7017403;0.9500816;2.0
0;3.7548332;0.9519965;2.0
0;3.723026;0.964705;2.0
0;3.9894326;0.95829606;2.0
0;3.8895655;0.9332256;2.0
0;3.652854;0.95440495;2.0
0;3.9448206;0.89740884;2.0
0;3.8240447;0.92476404;2.0
0;3.964846;0.9081342;2.0
0;3.8441908;0.971458;2.0
0;3.8284857;0.92173463;2.0
0;3.7012448;0.9643055;2.0
0;3.6817625;0.95985115;2.0
0;3.6924946;0.94110364;2.0
0;3.840701;0.9802994;2.0
0;3.952685;0.96059126;2.0
0;3.787089;0.9386296;2.0
0;3.751939;0.9258237;2.0
0;3.748434;0.94920796;2.0
0;3.5461767;0.9105532;2.0
0;3.8481553;0.94976515;2.0
0;3.6883945;1.0;2.0
0;3.7931628;0.88650024;2.0
0;3.8645678;0.9358298;2.0
0;3.75617;0.9234709;2.0
0;3.977161;0.9268495;2.0
0;3.8036618;0.95363414;2.0
0;3.8789132;0.9259143;2.0
0;3.9089158;0.90162313;2.0
0;3.9223104;0.91373485;2.0
0;3.6842823;0.95074594;2.0
0;3.9576123;0.9423484;2.0
0;3.8274012;0.9447367;2.0
0;3.794894;0.92904466;2.0
0;3.6942449;0.9424105;2.0
0;3.766011;0.9287821;2.0
0;3.7720542;0.9267169;2.0
0;3.6628673;0.94112194;2.0
0;3.7901032;0.9076845;2.0
0;3.7469466;0.94244254;2.0
0;3.8449328;0.9358411;2.0
0;3.771842;0.92594486;2.0
0;3.8753426;0.91502017;2.0
0;3.7342734;0.9515316;2.0
0;3.9004185;0.9344872;2.0
0;3.748358;0.9641536;2.0
0;3.8105466;0.9558765;2.0
0;3.7230833;0.93276805;2.0
0;4.0;0.97291726;2.0
0;3.766221;0.944698;2.0
0;3.7478795;0.93907374;2.0
0;3.7764416;0.9681417;2.0
0;3.9136004;0.9394703;2.0
0;3.8722024;0.9429193;2.0
0;3.905316;0.93986523;2.0
0;3.70737;0.9405525;2.0
0;3.7573555;0.9445349;2.0
0;3.7791069;0.94790304;2.0
0;3.7131298;0.9042933;2.0
0;3.8434353;0.9210676;2.0
0;3.7204134;0.9695738;2.0
0;3.9282691;0.92810684;2.0
0;3.523624;0.9381352;2.0
0;3.7195404;0.923238;2.0
0;3.7445004;0.957101;2.0
0;3.8305602;0.946242;2.0
0;3.7153692;0.91132057;2.0
0;3.8089573;0.97944534;2.0
0;3.9688933;0.9497893;2.0
0;3.7154543;0.91558754;2.0
0;3.772856;0.95383155;2.0
0;3.9034545;0.96022624;2.0
0;3.7062962;0.94891775;2.0
0;3.70153;0.91323036;2.0
0;3.7977304;0.9313827;2.0
0;3.827321;0.93367803;2.0
0;3.624509;0.9408712;2.0
0;3.7838943;0.96018344;2.0
0;3.7024553;0.9483057;2.0
0;3.7359068;0.9641576;2.0
0;3.7414646;0.9375862;2.0
0;3.832486;0.9147664;2.0
0;3.7180176;0.9375998;2.0
0;3.7769425;0.9478163;2.0
0;3.9196327;0.9795464;2.0
0;3.8293903;0.9467848;2.0
0;3.8251898;0.945822;2.0
0;3.6563232;0.925881;2.0
0;3.745329;0.9317508;2.0
0;3.733781;0.95861214;2.0
0;3.8567154;0.93267906;2.0
0;3.599733;0.93601096;2.0
0;3.7630038;0.92387587;2.0
0;3.7612371;0.9684768;2.0
0;3.8868718;0.9087964;2.0
0;3.7098622;0.945225;2.0
0;3.8051376;0.92933756;2.0
0;3.7457151;0.8982739;2.0
0;3.8472278;0.9334136;2.0
0;3.7585156;0.9489903;2.0
0;3.905171;0.90230596;2.0
0;3.7295985;0.9233844;2.0
0;3.9706135;0.95281535;2.0
0;3.8467355;0.9684128;2.0
0;3.6836648;0.90741295;2.0
0;3.828859;0.9105589;2.0
0;3.8126018;0.9256617;2.0
0;3.7131405;0.9495877;2.0
0;3.9597948;0.94141096;2.0
0;3.7519858;0.9530128;2.0
0;3.745666;0.94796824;2.0
0;3.8229868;0.9190764;2.0
0;3.7015636;0.9302162;2.0
0;3.7904897;0.95483404;2.0
0;3.6832535;0.9006829;2.0
0;3.7106125;0.9517125;2.0
0;3.8313694;0.9497215;2.0
0;3.705612;0.93733126;2.0
0;3.7798383;0.9660071;2.0
0;3.9045045;0.95599467;2.0
0;3.5804284;0.9416261;2.0
0;3.7995226;0.9491484;2.0
0;3.8762152;0.94826674;2.0
0;3.975355;0.92783034;2.0
0;3.6538818;0.9795861;2.0
0;3.8498328;0.9199855;2.0
0;3.868852;0.927163;2.0
0;3.7543824;0.9556815;2.0
0;3.7062783;0.93245775;2.0
0;3.8958085;0.9183375;2.0
0;3.9000196;0.9290651;2.0
0;3.7180629;0.9432846;2.0
0;3.8640652;0.95475346;2.0
0;3.652375;0.9487504;2.0
0;3.874961;0.9320353;2.0
0;3.7174246;0.9750356;2.0
0;3.653587;0.9087488;2.0
0;3.908967;0.9186497;2.0
0;3.847045;0.9627228;2.0
0;3.8522491;0.95834047;2.0
0;3.7767863;0.940538;2.0
0;3.7415645;0.94065744;2.0
0;3.7735443;0.9587241;2.0
0;3.8615065;0.93825173;2.0
0;3.9093058;0.96528345;2.0
0;3.8591027;0.9394671;2.0
0;3.8388672;0.97729814;2.0
0;3.8232505;0.9623454;2.0
0;3.8760455;0.95318234;2.0
0;3.870028;0.9397721;2.0
0;3.8119059;0.9398243;2.0
0;3.7857196;0.9408449;2.0
0;3.8076363;0.95241946;2.0
0;3.7571957;0.93379015;2.0
0;3.7795367;0.9573253;2.0
0;3.8896484;0.9391294;2.0
0;3.7325654;0.9155753;2.0
0;3.8760414;0.9371908;2.0
0;3.7452202;0.93010163;2.0
0;3.9683075;0.90912324;2.0
0;3.6973984;0.9131267;2.0
0;3.8289113;0.9247423;2.0
0;3.7400568;0.9552893;2.0
0;3.6525402;0.91116434;2.0
0;3.8970537;0.90802795;2.0
0;3.934135;0.90764225;2.0
0;3.7864661;0.9495111;2.0
0;3.6650012;0.91307;2.0
0;3.871561;0.93046725;2.0
0;3.983058;0.9638592;2.0
0;3.941716;0.90664655;2.0
0;3.7977884;0.92342734;2.0
0;3.9671943;0.9510679;2.0
0;3.720512;0.91442317;2.0
0;3.974915;0.9444319;2.0
0;3.8816128;0.9693152;2.0
0;3.9470572;0.94392157;2.0
0;3.8015075;0.9751076;2.0
0;3.7813756;0.958611;2.0
0;3.6990535;0.95479435;2.0
0;3.7405312;0.93767273;2.0
0;3.8518414;0.9707635;2.0
0;3.7598372;0.90831834;2.0
0;3.8395896;0.95119715;2.0
0;3.8010378;0.9475446;2.0
0;3.659217;0.93033135;2.0
0;3.80565;0.9434302;2.0
0;3.774569;0.90494716;2.0
0;3.808479;0.9487466;2.0
0;3.7561684;0.92109346;2.0
0;3.6255217;0.9362431;2.0
0;3.7069263;0.9246457;2.0
0;3.795331;0.9583475;2.0
0;3.7442732;0.91617596;2.0
0;3.9501052;0.95710725;2.0
0;3.7540781;0.9210471;2.0
0;3.6496592;0.94724137;2.0
0;3.571665;0.8835569;2.0
0;3.7759743;0.9670174;2.0
0;3.863366;0.9181617;2.0
0;3.8571706;0.92580163;2.0
0;3.772342;0.8891229;2.0
0;3.9140348;0.93358403;2.0
0;3.8409672;0.930271;2.0
0;3.690468;0.9176942;2.0
0;3.9972177;0.9519331;2.0
0;3.9122643;0.8896051;2.0
0;3.765736;0.95036465;2.0
0;3.761795;0.9455885;2.0
0;3.817533;0.91111714;2.0
0;3.8892822;0.9210483;2.0
0;3.70699;0.9513923;2.0
0;3.9837894;0.94656366;2.0
0;3.785722;0.9019753;2.0
0;3.7594926;0.93593657;2.0
0;3.9784896;0.94146794;2.0
0;3.7666318;0.936329;2.0
0;3.6337342;0.90841395;2.0
0;3.864598;0.9242028;2.0
0;3.8306234;0.9636054;2.0
0;3.7923553;0.9019278;2.0
0;3.8695912;0.90471786;2.0
0;3.6885607;0.92461246;2.0
0;3.8367968;0.93612504;2.0
0;3.7813904;0.97854406;2.0
0;3.77339;0.90970707;2.0
0;3.5918608;0.9789882;2.0
0;3.6783233;0.9355883;2.0
0;3.7560482;0.9109195;2.0
0;3.8023357;0.8982109;2.0
0;3.8393373;0.9469464;2.0
0;3.6884487;0.9400869;2.0
0;3.6667523;0.93717027;2.0
0;3.7443283;0.91825634;2.0
0;3.9440541;0.9153293;2.0
0;3.5781229;0.93680304;2.0
0;3.9002788;0.92733186;2.0
0;3.7338543;0.9066333;2.0
0;3.6969376;0.9155031;2.0
0;3.758636;0.92338693;2.0
0;3.7932286;0.9616258;2.0
0;3.7928514;0.9579733;2.0
0;3.803211;0.9425988;2.0
0;3.8734615;0.9727651;2.0
0;3.6681867;0.90931296;2.0
0;3.7624166;0.94586277;2.0
0;3.7778792;0.95907974;2.0
0;3.9068737;0.92935234;2.0
0;3.7914712;0.9307759;2.0
0;3.7407084;0.94175935;2.0
0;3.9622672;0.9285909;2.0
0;3.6845741;0.9489027;2.0
0;3.8539145;0.94967675;2.0
0;3.9490325;0.9414252;2.0
0;3.7265935;0.921239;2.0
0;3.7332814;0.91015756;2.0
0;3.6554933;0.9403972;2.0
0;3.5965033;0.9644902;2.0
0;3.6767871;0.9691234;2.0
0;3.651204;0.9007009;2.0
0;3.77765;0.9774722;2.0
0;3.7537937;0.93566084;2.0
0;3.8351002;0.9136594;2.0
0;3.782779;0.9492714;2.0
0;3.805929;0.9602194;2.0
0;3.7409153;0.9308573;2.0
0;3.6073139;0.9439194;2.0
0;3.8553936;0.91277003;2.0
0;3.6566463;0.9625093;2.0
0;3.8138278;0.95509017;2.0
0;3.687777;0.9389454;2.0
0;3.7377627;0.94346356;2.0
0;3.674473;0.9123967;2.0
0;3.7842665;0.9326542;2.0
0;3.8412578;0.88975155;2.0
0;3.7112353;0.9441012;2.0
0;3.9525454;0.927797;2.0
0;3.5748088;0.9449804;2.0
0;3.7481287;0.9390306;2.0
0;3.713379;0.96073973;2.0
0;3.896374;0.9279251;2.0
0;3.8500376;0.93680894;2.0
0;3.7143738;0.93345505;2.0
0;3.8329136;0.95761645;2.0
0;3.8140938;0.9772401;2.0
0;3.759692;0.89002484;2.0
0;3.8885264;0.94289917;2.0
0;3.6058939;0.9396465;2.0
0;3.5978866;0.92442036;2.0
0;3.8865633;0.945636;2.0
0;3.8255012;0.9581;2.0
0;3.8247774;0.9472819;2.0
0;3.9618719;0.9195244;2.0
0;3.9105644;0.94402266;2.0
0;3.734597;0.96826124;2.0
0;3.858005;0.8840579;2.0
0;3.8210528;0.9502251;2.0
0;3.673222;0.9346778;2.0
0;3.7961013;0.9376675;2.0
0;3.9329004;0.9289126;2.0
0;3.9196022;0.96651196;2.0
0;3.6840947;0.95132726;2.0
0;3.9509206;0.8957798;2.0
