DY
876
2

0;1.557246;0.9461607;1.0
0;1.5331659;0.8485727;1.0
0;1.5602543;0.8466676;1.0
0;1.6905288;0.9146845;1.0
0;1.4730612;0.89628917;1.0
0;1.5145801;0.81951225;1.0
0;1.539145;0.8932996;1.0
0;1.5147132;0.92656803;1.0
0;1.4887094;0.94933224;1.0
0;1.6558796;1.0;1.0
0;1.7016717;0.86337996;1.0
0;1.2061884;0.8732287;1.0
0;1.3535497;0.869948;1.0
0;1.6433736;0.80177766;1.0
0;1.4132416;0.8699806;1.0
0;1.4292331;0.87585574;1.0
0;1.331282;0.8945603;1.0
0;1.3910182;0.93538797;1.0
0;1.6620162;0.89016736;1.0
0;1.5717852;0.8160845;1.0
0;1.3773029;0.90181184;1.0
0;1.6455778;0.9355948;1.0
0;1.4911348;0.780591;1.0
0;1.5734704;0.90176994;1.0
0;1.4796951;0.8703736;1.0
0;1.595044;0.8246353;1.0
0;1.4599465;0.8307549;1.0
0;1.5086654;0.8908431;1.0
0;1.3441429;0.8370602;1.0
0;1.4158322;0.8646261;1.0
0;1.310531;0.90594584;1.0
0;1.3155779;0.8338763;1.0
0;1.6535089;0.8457161;1.0
0;1.4210408;0.9115574;1.0
0;1.5207732;0.8718497;1.0
0;1.5180422;0.82019156;1.0
0;1.5259978;0.88207126;1.0
0;1.6960515;0.8982973;1.0
0;1.6205564;0.9100015;1.0
0;1.5260415;0.89511186;1.0
0;1.4138981;0.8844923;1.0
0;1.7905728;0.8472163;1.0
0;1.6544831;0.81723744;1.0
0;1.3854783;0.9064679;1.0
0;1.3418936;0.8809465;1.0
0;1.5169832;0.84351873;1.0
0;1.4445827;0.9186692;1.0
0;1.6994197;0.9101573;1.0
0;1.4671943;0.9173382;1.0
0;1.5205985;0.80851;1.0
0;1.4899533;0.8708883;1.0
0;1.5012592;0.9600012;1.0
0;1.7972971;0.8576519;1.0
0;1.6450753;0.88941896;1.0
0;1.6160083;0.8198044;1.0
0;1.4135846;0.90136737;1.0
0;1.4249867;0.8013091;1.0
0;1.4715885;0.78425884;1.0
0;1.4309934;0.91157633;1.0
0;1.3981144;0.8879699;1.0
0;1.763801;0.92986506;1.0
0;1.4054201;0.8506622;1.0
0;1.4913938;0.8686753;1.0
0;1.478966;0.80930203;1.0
0;1.4237945;0.8004387;1.0
0;1.5040147;0.83314127;1.0
0;1.417761;0.8402607;1.0
0;1.4130287;0.86966646;1.0
0;1.5665618;0.8459235;1.0
0;1.5934477;0.89173746;1.0
0;1.670438;0.83423954;1.0
0;1.3493141;0.8363408;1.0
0;1.4926357;0.86680305;1.0
0;1.4646083;0.8413569;1.0
0;1.5955154;0.84046054;1.0
0;1.4945693;0.91698706;1.0
0;1.199545;0.8074956;1.0
0;1.5123363;0.82517564;1.0
0;1.6224341;0.8512197;1.0
0;1.607176;0.9219235;1.0
0;1.7325156;0.8757722;1.0
0;1.6427128;0.8755794;1.0
0;1.4304858;0.8296381;1.0
0;1.4136534;0.90265626;1.0
0;1.4357126;0.836741;1.0
0;1.410152;0.8479093;1.0
0;1.2039136;0.90619767;1.0
0;1.587552;0.87987864;1.0
0;1.3381013;0.89417696;1.0
0;1.3498828;0.9045547;1.0
0;1.3672458;0.79978657;1.0
0;1.8443359;0.83457625;1.0
0;1.5611343;0.86847794;1.0
0;1.6299486;0.839218;1.0
0;1.3604127;0.86991954;1.0
0;1.4622046;0.87292856;1.0
0;1.6285826;0.8921902;1.0
0;1.5809;0.97874284;1.0
0;1.6202146;0.8215984;1.0
0;1.5388455;0.8880482;1.0
0;1.28725;0.81089365;1.0
0;1.493477;0.8381493;1.0
0;1.2702172;0.77187455;1.0
0;1.5700483;0.86474013;1.0
0;1.5935837;0.9460111;1.0
0;1.4501692;0.82268524;1.0
0;1.7001061;0.90755534;1.0
0;1.4207869;0.9064024;1.0
0;1.3645118;0.93098634;1.0
0;1.290854;0.8199604;1.0
0;1.7128952;0.96339643;1.0
0;1.5554323;0.8778236;1.0
0;1.3723744;0.86605996;1.0
0;1.7719195;0.8426528;1.0
0;1.3526502;0.79057986;1.0
0;1.5232315;0.84757847;1.0
0;1.3677125;0.90031594;1.0
0;1.4589372;0.86491823;1.0
0;1.5619019;0.9246908;1.0
0;1.4381036;0.8470849;1.0
0;1.4592146;0.87486076;1.0
0;1.1988937;0.92514974;1.0
0;1.3325197;0.87836075;1.0
0;1.5338496;0.9360083;1.0
0;1.3363397;0.8781127;1.0
0;1.617272;0.8536295;1.0
0;1.4887012;0.8200091;1.0
0;1.3338237;0.84753567;1.0
0;1.4358546;0.84133327;1.0
0;1.6478283;0.88490546;1.0
0;1.1364076;0.8926979;1.0
0;1.6037242;0.9055691;1.0
0;1.687103;0.98550063;1.0
0;1.4369465;0.8902126;1.0
0;1.5255817;0.84650457;1.0
0;1.3974944;0.88085896;1.0
0;1.4820062;0.8322323;1.0
0;1.501223;0.8822891;1.0
0;1.2872772;0.87183666;1.0
0;1.8024385;0.8854591;1.0
0;1.5956066;0.90444887;1.0
0;1.4487178;0.91316277;1.0
0;1.6260841;0.8416014;1.0
0;1.4951578;0.913797;1.0
0;1.4753083;0.9236185;1.0
0;1.4857553;0.85534704;1.0
0;1.3613986;0.8738893;1.0
0;1.5073423;0.8993141;1.0
0;1.3811281;0.89156926;1.0
0;1.3408816;0.87671334;1.0
0;1.4530566;0.8181854;1.0
0;1.2400784;0.83945996;1.0
0;1.3294549;0.8543325;1.0
0;1.2647432;0.8847315;1.0
0;1.696154;0.8677053;1.0
0;1.5196354;0.8705314;1.0
0;1.1963648;0.8243045;1.0
0;1.4583118;0.84182256;1.0
0;1.3914449;0.8452496;1.0
0;1.4921767;0.82455194;1.0
0;1.6731821;0.86320454;1.0
0;1.4707583;0.8467854;1.0
0;1.5435289;0.8772516;1.0
0;1.3965256;0.8545821;1.0
0;1.3316032;0.90201324;1.0
0;1.3698899;0.90826404;1.0
0;1.4816924;0.8592726;1.0
0;1.2047579;0.8372651;1.0
0;1.5516613;0.82386017;1.0
0;1.5286973;0.846677;1.0
0;1.3114318;0.80666566;1.0
0;1.4551802;0.86318254;1.0
0;1.3992641;0.8472611;1.0
0;1.7375715;0.8621984;1.0
0;1.5069486;0.9452059;1.0
0;1.5737584;0.8651358;1.0
0;1.2836194;0.95412785;1.0
0;1.4180424;0.8518125;1.0
0;1.3895918;0.83835286;1.0
0;1.7509882;0.90897053;1.0
0;1.5740669;0.8319047;1.0
0;1.6393479;0.8504066;1.0
0;1.389723;0.88353986;1.0
0;1.6488682;0.9033662;1.0
0;1.6055745;0.85514504;1.0
0;1.6158392;0.7823839;1.0
0;1.6740375;0.8603743;1.0
0;1.4190773;0.83131313;1.0
0;1.5144981;0.8089196;1.0
0;1.5711292;0.88420314;1.0
0;1.3690681;0.89185876;1.0
0;1.4837812;0.861858;1.0
0;1.4869927;0.84404093;1.0
0;1.3937978;0.8241972;1.0
0;1.3694268;0.8715759;1.0
0;1.429096;0.9130995;1.0
0;1.3667685;0.8697583;1.0
0;1.2552208;0.9648794;1.0
0;1.234291;0.8994286;1.0
0;1.2519392;0.86109996;1.0
0;1.61489;0.96197253;1.0
0;1.3943863;0.8402066;1.0
0;1.385514;0.900066;1.0
0;1.432994;0.8463687;1.0
0;1.6476696;0.8996457;1.0
0;1.6955818;0.77114475;1.0
0;1.1154124;0.8737115;1.0
0;1.6736996;0.91198623;1.0
0;1.3634439;0.95517844;1.0
0;1.3984807;0.7851426;1.0
0;1.3462116;0.84105206;1.0
0;1.3374852;0.8842798;1.0
0;1.6673144;0.8714997;1.0
0;1.4298313;0.82393616;1.0
0;1.706537;0.8444475;1.0
0;1.6701802;0.90033054;1.0
0;1.7141762;0.8246443;1.0
0;1.7458783;0.87027186;1.0
0;1.4803344;0.85905766;1.0
0;0.8623651;0.5370601;2.0
0;0.7720264;0.51444435;2.0
0;1.1826909;0.53135514;2.0
0;0.8636373;0.52651626;2.0
0;0.65743613;0.4821014;2.0
0;0.9161293;0.54201305;2.0
0;0.84706604;0.5662947;2.0
0;0.9368876;0.5302982;2.0
0;0.86532915;0.53991616;2.0
0;0.94241357;0.55839074;2.0
0;0.8940943;0.48273587;2.0
0;1.0569167;0.5146443;2.0
0;0.7279244;0.5624374;2.0
0;1.0110149;0.50761175;2.0
0;0.8597126;0.5286411;2.0
0;0.8660394;0.53643024;2.0
0;0.7003115;0.56601423;2.0
0;1.037407;0.6170694;2.0
0;1.0019437;0.5351818;2.0
0;0.85743016;0.5345486;2.0
0;0.85876924;0.5360494;2.0
0;0.8119581;0.52594674;2.0
0;1.0656122;0.50347614;2.0
0;1.0255216;0.51839346;2.0
0;0.7642788;0.5445939;2.0
0;0.7849808;0.49486622;2.0
0;0.8632803;0.5324621;2.0
0;0.82159877;0.45899585;2.0
0;0.97795177;0.51959616;2.0
0;0.9558575;0.5036061;2.0
0;0.7789254;0.504852;2.0
0;1.0881687;0.5752158;2.0
0;1.0148289;0.5015925;2.0
0;0.84469193;0.60754424;2.0
0;0.7598488;0.581119;2.0
0;0.9490618;0.49718267;2.0
0;0.95311975;0.49707612;2.0
0;0.8665994;0.54556787;2.0
0;0.81323624;0.49601588;2.0
0;0.9747041;0.5722233;2.0
0;1.1173519;0.58363056;2.0
0;0.8732902;0.5526048;2.0
0;0.7596548;0.54281664;2.0
0;0.746071;0.55603164;2.0
0;0.7680658;0.46941411;2.0
0;0.7204929;0.5118662;2.0
0;0.89763594;0.5815799;2.0
0;0.85597515;0.50415814;2.0
0;0.99848145;0.53532;2.0
0;0.63303775;0.49071282;2.0
0;0.86018085;0.5563405;2.0
0;0.75845516;0.5313876;2.0
0;0.844114;0.56384087;2.0
0;1.0051072;0.52728826;2.0
0;1.0433897;0.49145705;2.0
0;0.8066316;0.5247667;2.0
0;0.9294357;0.5040816;2.0
0;0.81626374;0.56604105;2.0
0;0.8723149;0.50521016;2.0
0;0.83028597;0.538878;2.0
0;0.9212799;0.5702763;2.0
0;0.9128557;0.57626325;2.0
0;0.9872878;0.58554125;2.0
0;0.9715957;0.53188765;2.0
0;1.0984057;0.5036645;2.0
0;0.9508754;0.5127875;2.0
0;1.0746762;0.5467458;2.0
0;0.87632287;0.5432629;2.0
0;0.8966192;0.59241444;2.0
0;0.90429306;0.58558214;2.0
0;1.2404635;0.5614796;2.0
0;1.0175672;0.53936994;2.0
0;0.7182426;0.5019419;2.0
0;1.0721076;0.55068386;2.0
0;0.7408313;0.52653575;2.0
0;0.8050828;0.5318238;2.0
0;0.83674085;0.48525786;2.0
0;0.65439785;0.5350873;2.0
0;0.73971796;0.5128856;2.0
0;0.7960278;0.5634663;2.0
0;0.9600177;0.5251243;2.0
0;1.1144599;0.53415006;2.0
0;0.9778887;0.5597051;2.0
0;1.0876604;0.53081274;2.0
0;0.9028807;0.5568558;2.0
0;0.96827924;0.5809063;2.0
0;0.9479201;0.54496473;2.0
0;0.7630941;0.4595187;2.0
0;0.8076308;0.48196986;2.0
0;0.772735;0.5007232;2.0
0;0.94030184;0.4707742;2.0
0;0.76583785;0.5600638;2.0
0;0.9434637;0.49116877;2.0
0;0.88589394;0.45880765;2.0
0;0.8169348;0.4830263;2.0
0;0.82995045;0.5095679;2.0
0;0.95568234;0.49966156;2.0
0;0.8120824;0.5959935;2.0
0;0.7075703;0.51803666;2.0
0;0.8630062;0.5717804;2.0
0;0.7558978;0.53017426;2.0
0;0.90660256;0.5333603;2.0
0;0.7349032;0.522812;2.0
0;0.71456355;0.5661553;2.0
0;0.9064067;0.6222314;2.0
0;0.8026427;0.4753007;2.0
0;0.9140203;0.5419446;2.0
0;0.8277413;0.50191176;2.0
0;1.0376542;0.5538928;2.0
0;0.9613833;0.57240325;2.0
0;0.96777934;0.540484;2.0
0;0.93925774;0.49763608;2.0
0;0.8589912;0.5833177;2.0
0;0.86178046;0.5494922;2.0
0;0.82334197;0.5876484;2.0
0;0.99438787;0.5261251;2.0
0;0.86518663;0.5560157;2.0
0;0.7873825;0.5266526;2.0
0;0.99376976;0.5356628;2.0
0;0.74121326;0.6053461;2.0
0;0.8709155;0.50104356;2.0
0;1.0417482;0.524319;2.0
0;0.755405;0.5445145;2.0
0;0.633634;0.5771692;2.0
0;0.6749046;0.54071265;2.0
0;1.1141807;0.51602095;2.0
0;0.82704705;0.55217457;2.0
0;0.7683221;0.531014;2.0
0;0.7513846;0.5698169;2.0
0;0.8542961;0.51255625;2.0
0;0.8174963;0.57648104;2.0
0;0.9804209;0.55761707;2.0
0;0.9162762;0.52639186;2.0
0;0.8231025;0.5482827;2.0
0;0.77295977;0.54352176;2.0
0;0.89273226;0.4703903;2.0
0;0.83938175;0.52834016;2.0
0;1.0445149;0.58269304;2.0
0;0.63406867;0.53330886;2.0
0;1.0072267;0.54715955;2.0
0;1.0554538;0.57426184;2.0
0;0.8465366;0.545351;2.0
0;0.817917;0.53628695;2.0
0;0.84261227;0.6125121;2.0
0;0.8093877;0.559517;2.0
0;0.87052166;0.5893545;2.0
0;1.0350168;0.5762715;2.0
0;1.137736;0.5118413;2.0
0;0.95116794;0.56288093;2.0
0;1.0123078;0.5314424;2.0
0;0.9214386;0.57150495;2.0
0;0.99029565;0.56935763;2.0
0;0.8981549;0.5207639;2.0
0;0.963343;0.55316687;2.0
0;0.8605422;0.53478444;2.0
0;0.9673814;0.5169852;2.0
0;0.7087305;0.60874915;2.0
0;0.9988226;0.52089;2.0
0;0.89193785;0.54094595;2.0
0;1.0150793;0.56915534;2.0
0;1.0251852;0.514433;2.0
0;0.9467291;0.47113952;2.0
0;1.1017375;0.5494584;2.0
0;0.9236141;0.48837104;2.0
0;0.8826046;0.5878777;2.0
0;0.8139841;0.5471197;2.0
0;0.8606997;0.5489217;2.0
0;0.73695874;0.54270977;2.0
0;0.8786159;0.5490457;2.0
0;0.7991328;0.54507214;2.0
0;0.8681512;0.54441476;2.0
0;0.87394065;0.56508124;2.0
0;0.935577;0.5578718;2.0
0;0.83461326;0.51952434;2.0
0;0.94971323;0.5775954;2.0
0;0.9177083;0.49690604;2.0
0;1.0267867;0.5059171;2.0
0;0.72912896;0.55572844;2.0
0;0.85123074;0.5456694;2.0
0;0.5924668;0.5433713;2.0
0;0.7793197;0.5735024;2.0
0;1.0532197;0.58100134;2.0
0;1.0594323;0.5439046;2.0
0;0.86475986;0.5222155;2.0
0;0.73076916;0.45826554;2.0
0;0.7750806;0.51865965;2.0
0;0.59456605;0.4395306;2.0
0;1.042274;0.55943096;2.0
0;0.7902725;0.51706314;2.0
0;0.9443702;0.56473094;2.0
0;1.0988778;0.5343388;2.0
0;0.9319375;0.55067825;2.0
0;0.8318494;0.49795067;2.0
0;1.0453402;0.5971906;2.0
0;0.71354735;0.5456204;2.0
0;1.0409753;0.55244595;2.0
0;0.7092012;0.56874186;2.0
0;1.1744375;0.4600215;2.0
0;0.84603584;0.5255889;2.0
0;0.9435605;0.59259003;2.0
0;0.7788829;0.470268;2.0
0;0.9022958;0.5317991;2.0
0;0.9285465;0.50335234;2.0
0;0.7677658;0.5836736;2.0
0;0.8045843;0.5402714;2.0
0;0.8031392;0.5975054;2.0
0;0.8623987;0.53408635;2.0
0;1.1036595;0.5963419;2.0
0;0.78868073;0.46283135;2.0
0;1.0150961;0.54144144;2.0
0;0.92106485;0.57050824;2.0
0;0.71647155;0.5369728;2.0
0;0.862534;0.52044195;2.0
0;0.7182175;0.5538072;2.0
0;0.80663645;0.62058043;2.0
0;1.0098594;0.5330167;2.0
0;1.0480306;0.6164874;2.0
0;0.9023947;0.5733788;2.0
0;0.7672004;0.56828374;2.0
0;0.83125436;0.22614343;3.0
0;0.38561186;0.25674957;3.0
0;0.636734;0.2905054;3.0
0;0.5235948;0.2043006;3.0
0;0.639312;0.27034137;3.0
0;0.40268183;0.30540216;3.0
0;0.35970625;0.24044734;3.0
0;0.3274405;0.29170424;3.0
0;0.5386273;0.21894844;3.0
0;0.59360546;0.2219986;3.0
0;0.59155065;0.2293834;3.0
0;0.7569992;0.2609303;3.0
0;0.4039735;0.23334828;3.0
0;0.52120376;0.17688763;3.0
0;0.41041484;0.2721546;3.0
0;0.46833313;0.23175032;3.0
0;0.8200992;0.26016644;3.0
0;0.6462518;0.17796001;3.0
0;0.40455735;0.31464815;3.0
0;0.45451614;0.16103223;3.0
0;0.43200463;0.20963857;3.0
0;0.937423;0.3275887;3.0
0;0.4626994;0.20449957;3.0
0;0.6381311;0.17983294;3.0
0;0.3878023;0.23355253;3.0
0;0.6486206;0.28082594;3.0
0;0.6322049;0.23948275;3.0
0;0.15791334;0.23912378;3.0
0;0.47137964;0.19158812;3.0
0;0.7757183;0.018352889;3.0
0;0.5019035;0.30063003;3.0
0;0.5403148;0.19033179;3.0
0;0.7209976;0.18811588;3.0
0;0.73437345;0.20661655;3.0
0;0.24798808;0.13382715;3.0
0;0.6384409;0.2709427;3.0
0;0.95795035;0.202096;3.0
0;0.44583845;0.15627685;3.0
0;0.6021768;0.18277949;3.0
0;0.83067065;0.2995755;3.0
0;0.7609475;0.2234286;3.0
0;0.70725787;0.2229945;3.0
0;0.88516873;0.09892552;3.0
0;0.65705985;0.2232602;3.0
0;0.31750908;0.28565514;3.0
0;0.5328945;0.2766823;3.0
0;0.0;0.19479278;3.0
0;0.73728436;0.24722452;3.0
0;0.5486244;0.27569014;3.0
0;0.7536319;0.18917142;3.0
0;0.83782864;0.17975104;3.0
0;0.7169379;0.26901102;3.0
0;0.55226135;0.23879865;3.0
0;0.37755322;0.22553886;3.0
0;0.71734136;0.18765123;3.0
0;0.92941904;0.2098503;3.0
0;0.47786614;0.2703383;3.0
0;0.47158203;0.17483638;3.0
0;0.50545573;0.21152705;3.0
0;0.94579965;0.17008701;3.0
0;0.54390264;0.27383193;3.0
0;0.28653234;0.22943221;3.0
0;0.65632415;0.25386342;3.0
0;0.3944281;0.28103566;3.0
0;0.54810864;0.21482535;3.0
0;0.8801613;0.2759255;3.0
0;0.3161779;0.21293177;3.0
0;0.67103523;0.18218884;3.0
0;0.5393117;0.19342135;3.0
0;0.5439876;0.17841558;3.0
0;0.38912475;0.2041452;3.0
0;0.57497317;0.18699196;3.0
0;0.80143195;0.26415953;3.0
0;0.6074501;0.27197602;3.0
0;0.42854637;0.20034678;3.0
0;0.6398128;0.21833676;3.0
0;0.7707574;0.28016284;3.0
0;0.8697704;0.23832075;3.0
0;0.5670907;0.24617206;3.0
0;0.46748132;0.2231479;3.0
0;0.7482428;0.17474286;3.0
0;0.7123329;0.15468417;3.0
0;0.8190813;0.28343117;3.0
0;0.8240948;0.24811509;3.0
0;0.36764595;0.24500573;3.0
0;0.3956455;0.21379349;3.0
0;1.0653975;0.13720833;3.0
0;0.86906374;0.31646824;3.0
0;0.47190082;0.29481032;3.0
0;0.4955406;0.3135995;3.0
0;0.6585458;0.25169867;3.0
0;0.78368276;0.15099098;3.0
0;0.77860165;0.24852248;3.0
0;0.57026607;0.2660992;3.0
0;0.35809106;0.14595096;3.0
0;0.81674516;0.22022443;3.0
0;0.6054424;0.25291482;3.0
0;0.15688628;0.26280555;3.0
0;0.58871484;0.17436928;3.0
0;0.3594985;0.17771228;3.0
0;0.591544;0.2330652;3.0
0;0.64059037;0.14999504;3.0
0;0.26188308;0.16554981;3.0
0;0.41603965;0.23810326;3.0
0;0.8448846;0.25858617;3.0
0;0.6629153;0.13856165;3.0
0;0.57968944;0.27683094;3.0
0;0.44054455;0.23283164;3.0
0;0.6689913;0.20764755;3.0
0;0.73247117;0.1390407;3.0
0;0.27471763;0.23380296;3.0
0;0.71033365;0.22134289;3.0
0;0.35857296;0.31737098;3.0
0;0.40460554;0.2896855;3.0
0;0.42827743;0.09946646;3.0
0;0.62383646;0.21228395;3.0
0;0.5441035;0.19677937;3.0
0;0.9604489;0.22518781;3.0
0;0.6035889;0.24373136;3.0
0;0.67263824;0.26163968;3.0
0;0.33029085;0.25892618;3.0
0;0.46920812;0.24878827;3.0
0;0.68872744;0.19784962;3.0
0;0.75247926;0.26626748;3.0
0;0.82718587;0.27792633;3.0
0;0.78329533;0.29903919;3.0
0;0.4064059;0.3355401;3.0
0;0.7403827;0.20947391;3.0
0;0.42322752;0.17692526;3.0
0;0.30475238;0.23671179;3.0
0;0.49785125;0.36230144;3.0
0;0.6894556;0.2290089;3.0
0;0.78083766;0.30237505;3.0
0;0.4615361;0.21069008;3.0
0;0.8233757;0.20485292;3.0
0;0.50951403;0.24743028;3.0
0;0.82529813;0.20352042;3.0
0;0.5009332;0.19479263;3.0
0;0.6946646;0.1798387;3.0
0;0.52241856;0.2311867;3.0
0;0.5156063;0.19455452;3.0
0;0.69879323;0.1791535;3.0
0;0.4141891;0.21572208;3.0
0;0.6971092;0.19648373;3.0
0;0.35965553;0.24019782;3.0
0;0.58391947;0.27200383;3.0
0;0.8020295;0.2846695;3.0
0;0.93878305;0.21194158;3.0
0;0.5900219;0.25000346;3.0
0;0.4249872;0.15452062;3.0
0;0.50819844;0.14820987;3.0
0;0.94396204;0.22912447;3.0
0;0.6213457;0.25475016;3.0
0;0.7042142;0.38828915;3.0
0;0.69119304;0.23389746;3.0
0;0.7953331;0.2309654;3.0
0;0.6350118;0.19600122;3.0
0;0.4052963;0.16597234;3.0
0;0.523134;0.2201992;3.0
0;0.46528935;0.267713;3.0
0;0.3755327;0.24760063;3.0
0;0.78961766;0.15581498;3.0
0;0.7642309;0.24277306;3.0
0;0.5787763;0.25200936;3.0
0;0.52952737;0.3039548;3.0
0;0.69228226;0.15076284;3.0
0;0.49365318;0.22650848;3.0
0;0.44741067;0.23574446;3.0
0;0.4717842;0.27142516;3.0
0;0.9130049;0.12749894;3.0
0;0.43429792;0.17564142;3.0
0;0.27716124;0.29302353;3.0
0;0.7589391;0.1512037;3.0
0;0.58264464;0.18336248;3.0
0;0.5440185;0.16056766;3.0
0;0.40846077;0.2759202;3.0
0;0.69197;0.10915601;3.0
0;0.37481618;0.208442;3.0
0;0.56686777;0.26315334;3.0
0;0.4039349;0.22796786;3.0
0;0.6594807;0.24591558;3.0
0;0.38580653;0.28348026;3.0
0;0.69828707;0.23376827;3.0
0;0.41616842;0.26542902;3.0
0;0.5381619;0.26675323;3.0
0;0.5040789;0.18437582;3.0
0;0.56817895;0.2198872;3.0
0;0.5656762;0.20037794;3.0
0;0.83624405;0.25652364;3.0
0;0.6035235;0.3189154;3.0
0;0.41645768;0.31915343;3.0
0;0.64741725;0.18252195;3.0
0;0.62023383;0.29837307;3.0
0;0.6309833;0.27885726;3.0
0;0.81990504;0.2581218;3.0
0;0.551185;0.23561177;3.0
0;0.4595511;0.17215677;3.0
0;0.6619686;0.2291898;3.0
0;0.94565105;0.25342005;3.0
0;0.55733824;0.27755746;3.0
0;0.6771107;0.2607065;3.0
0;0.9267641;0.29957482;3.0
0;0.4402295;0.2701685;3.0
0;0.59646094;0.16912839;3.0
0;0.7346738;0.2273038;3.0
0;0.097196974;0.14772269;3.0
0;0.329921;0.24758273;3.0
0;0.62273425;0.25074926;3.0
0;0.5218566;0.26814106;3.0
0;0.75684017;0.27543175;3.0
0;0.6855493;0.22210616;3.0
0;0.51840615;0.13542111;3.0
0;0.50921357;0.21357127;3.0
0;0.82266104;0.270086;3.0
0;0.6069758;0.1766289;3.0
0;0.2632599;0.22058587;3.0
0;0.60815763;0.07334373;3.0
0;0.6570324;0.30670166;3.0
0;0.93532467;0.20599633;3.0
0;1.4002318;0.13651372;4.0
0;1.4519324;0.118434034;4.0
0;1.4719571;0.06093891;4.0
0;1.5948642;0.09100272;4.0
0;1.6455356;0.04851512;4.0
0;1.6097407;0.091173075;4.0
0;1.5215256;0.114015885;4.0
0;1.5198275;0.08248618;4.0
0;1.6358961;0.12933052;4.0
0;1.5717895;0.18346809;4.0
0;1.4652135;0.04837844;4.0
0;1.4263606;0.08380417;4.0
0;1.5445806;0.028379034;4.0
0;1.6269085;0.13053064;4.0
0;1.5680641;0.12582949;4.0
0;1.6150047;0.048574563;4.0
0;1.4762522;0.02994666;4.0
0;1.6108669;0.100925155;4.0
0;1.5186772;0.046566;4.0
0;1.4862146;0.081947304;4.0
0;1.5997298;0.18111867;4.0
0;1.4876262;0.12886056;4.0
0;1.720647;0.13395473;4.0
0;1.3750333;0.059300296;4.0
0;1.3954319;0.06936304;4.0
0;1.3954729;0.063386515;4.0
0;1.6330249;0.16522191;4.0
0;1.6269693;0.09437544;4.0
0;1.1613256;0.11208281;4.0
0;1.5332222;0.16659288;4.0
0;1.5885316;0.12066069;4.0
0;1.6120484;0.16218169;4.0
0;1.6685479;0.10526299;4.0
0;1.5762056;0.14597404;4.0
0;1.4486557;0.14629924;4.0
0;1.5519918;0.10275254;4.0
0;1.4244518;0.0359986;4.0
0;1.6108618;0.13374779;4.0
0;1.6140096;0.16595478;4.0
0;1.6043346;0.08181537;4.0
0;1.6070448;0.09134248;4.0
0;1.5299885;0.092141904;4.0
0;1.6101506;0.12044481;4.0
0;1.9130633;0.09774461;4.0
0;1.4802265;0.12485861;4.0
0;1.4076568;0.10598447;4.0
0;1.7314138;0.13064882;4.0
0;1.7107441;0.07402268;4.0
0;1.6862739;0.10589823;4.0
0;1.8758239;0.112748645;4.0
0;1.45414;0.09414936;4.0
0;1.3618875;0.16704172;4.0
0;1.2274637;0.10800426;4.0
0;1.592007;0.053595856;4.0
0;1.2792176;0.15967242;4.0
0;1.520757;0.050684784;4.0
0;1.928116;0.05719592;4.0
0;1.6545514;0.15689367;4.0
0;1.7035686;0.1494055;4.0
0;1.53519;0.13157173;4.0
0;1.6371279;0.14622732;4.0
0;1.4340776;0.21676138;4.0
0;1.6344843;0.20504703;4.0
0;1.396772;0.11306295;4.0
0;1.4392427;0.0901312;4.0
0;1.4511726;0.05828214;4.0
0;1.3101397;0.09900734;4.0
0;1.5383614;0.055796117;4.0
0;1.3812906;0.1682643;4.0
0;1.5872175;0.078394346;4.0
0;1.5239601;0.11642966;4.0
0;1.4284151;0.1670339;4.0
0;1.386937;0.055412807;4.0
0;1.4448658;0.05093798;4.0
0;1.5202551;0.14705417;4.0
0;1.4051315;0.0979163;4.0
0;1.4800862;0.08319699;4.0
0;1.4209589;0.17063925;4.0
0;1.3744104;0.061271865;4.0
0;1.6191869;0.15533617;4.0
0;1.6419102;0.17153077;4.0
0;1.5605398;0.056838304;4.0
0;1.7529621;0.09393324;4.0
0;1.5109668;0.1753419;4.0
0;1.2101895;0.10126736;4.0
0;1.3381765;0.08825006;4.0
0;1.4900626;0.09289414;4.0
0;1.5315163;0.1274187;4.0
0;1.2797239;0.13701166;4.0
0;1.5826812;0.13057862;4.0
0;1.6551632;0.1176584;4.0
0;1.4759055;0.10019995;4.0
0;1.4366795;0.23597987;4.0
0;1.4641888;0.15533371;4.0
0;1.6472725;0.024788612;4.0
0;1.2905508;0.070698895;4.0
0;1.3804783;0.19933654;4.0
0;1.503795;0.06540472;4.0
0;1.5769085;0.13459527;4.0
0;1.6325712;0.037516348;4.0
0;1.6004046;0.13816862;4.0
0;1.4460177;0.065089636;4.0
0;1.3703309;0.18695465;4.0
0;1.4346874;0.11842344;4.0
0;1.3669517;0.13139102;4.0
0;1.3533912;0.087933786;4.0
0;1.3357358;0.076042786;4.0
0;1.518434;0.09801179;4.0
0;1.403681;0.07771405;4.0
0;1.3923297;0.11762686;4.0
0;1.3799121;0.054521684;4.0
0;1.6550952;0.16358711;4.0
0;1.4349781;0.076172195;4.0
0;1.4273516;0.17977673;4.0
0;1.4651804;0.14367947;4.0
0;1.4488404;0.13404241;4.0
0;1.3980318;0.17190325;4.0
0;1.6191112;0.07330009;4.0
0;1.5466524;0.09639729;4.0
0;1.5640149;0.058968842;4.0
0;1.7515869;0.10193193;4.0
0;1.6616757;0.066441454;4.0
0;1.5483322;0.12098187;4.0
0;1.5742407;0.0592433;4.0
0;1.4080817;0.097462475;4.0
0;1.456657;0.20643283;4.0
0;1.6625328;0.20150968;4.0
0;1.5936704;0.13677798;4.0
0;1.6979511;0.07485436;4.0
0;1.7314861;0.075868644;4.0
0;1.3182611;0.1419739;4.0
0;1.6652192;0.10205999;4.0
0;1.3907145;0.11239948;4.0
0;1.2952188;0.0651905;4.0
0;1.5489297;0.10807382;4.0
0;1.6898419;0.10965442;4.0
0;1.8081106;0.14551784;4.0
0;1.5620056;0.16858618;4.0
0;1.3330246;0.08185853;4.0
0;1.4518836;0.1307587;4.0
0;2.0;0.07879655;4.0
0;1.766244;0.13640654;4.0
0;1.5894581;0.12976576;4.0
0;1.5180329;0.11123232;4.0
0;1.4012507;0.074531995;4.0
0;1.5515975;0.11624144;4.0
0;1.6034565;0.13275872;4.0
0;1.5509609;0.18680698;4.0
0;1.5642745;0.13986051;4.0
0;1.4790055;0.08897004;4.0
0;1.4862925;0.06597736;4.0
0;1.4053533;0.13078724;4.0
0;1.86469;0.1406311;4.0
0;1.9048806;0.1323147;4.0
0;1.6832988;0.16478336;4.0
0;1.2226175;0.10507122;4.0
0;1.6565762;0.071069635;4.0
0;1.3741735;0.16795814;4.0
0;1.7247707;0.11446876;4.0
0;1.4790883;0.10212109;4.0
0;1.4007723;0.1267965;4.0
0;1.4488957;0.16302624;4.0
0;1.4323349;0.17586592;4.0
0;1.6017115;0.097599156;4.0
0;1.5055395;0.12144099;4.0
0;1.3744595;0.09024709;4.0
0;1.6773808;0.1278251;4.0
0;1.5225401;0.122980714;4.0
0;1.5093695;0.042367607;4.0
0;1.460686;0.1233479;4.0
0;1.7452383;0.09272924;4.0
0;1.5424813;0.068577446;4.0
0;1.6923004;0.09340479;4.0
0;1.1482222;0.1526941;4.0
0;1.5859449;0.09750303;4.0
0;1.5109843;0.032810934;4.0
0;1.588648;0.12288704;4.0
0;1.5565798;0.090124086;4.0
0;1.346315;0.07502084;4.0
0;1.5607722;0.091698594;4.0
0;1.6047307;0.15257095;4.0
0;1.6853224;0.09438698;4.0
0;1.6638662;0.07751627;4.0
0;1.4029652;0.10817184;4.0
0;1.5638181;0.08540508;4.0
0;1.36619;0.16141443;4.0
0;1.3422178;0.0897686;4.0
0;1.4310735;0.13337941;4.0
0;1.6236099;0.18825968;4.0
0;1.5734748;0.0;4.0
0;1.5556923;0.1733278;4.0
0;1.341052;0.07252106;4.0
0;1.2851585;0.07747872;4.0
0;1.6010683;0.09814317;4.0
0;1.6111279;0.121482335;4.0
0;1.3729978;0.16878507;4.0
0;1.3172903;0.09659926;4.0
0;1.2574403;0.09150872;4.0
0;1.5200284;0.120131694;4.0
0;1.6798656;0.075807065;4.0
0;1.6362422;0.17522688;4.0
0;1.7059848;0.19236968;4.0
0;1.5489529;0.09433418;4.0
0;1.3125999;0.13825788;4.0
0;1.6325842;0.062037934;4.0
0;1.3793925;0.10244243;4.0
0;1.7322338;0.10442997;4.0
0;1.6572361;0.1604184;4.0
0;1.1278152;0.09578852;4.0
0;1.5218507;0.18035805;4.0
0;1.3377296;0.09917919;4.0
0;1.5476505;0.1728373;4.0
0;1.7173992;0.042256307;4.0
0;1.4740027;0.117354296;4.0
0;1.7148131;0.16547655;4.0
0;1.3818425;0.14724056;4.0
0;1.4205124;0.17632961;4.0
0;1.4615282;0.117260784;4.0
0;1.5925633;0.13244545;4.0
