DY
876
2

0;0.26895577;0.9381767;1.0
0;0.2763968;0.9170082;1.0
0;0.26123184;0.96399814;1.0
0;0.12400212;0.9417777;1.0
0;0.22912613;0.8953269;1.0
0;0.19609445;0.9197857;1.0
0;0.076531395;0.964876;1.0
0;0.26113316;0.9666753;1.0
0;0.30760336;0.91740274;1.0
0;0.27039734;0.97928226;1.0
0;0.19715512;0.9417159;1.0
0;0.25066295;0.9609251;1.0
0;0.24310984;0.9187672;1.0
0;0.28417462;0.95774126;1.0
0;0.27124792;0.97236186;1.0
0;0.2771638;0.94937444;1.0
0;0.24698699;0.9500412;1.0
0;0.2162542;0.92392;1.0
0;0.21468964;0.94568855;1.0
0;0.31564665;0.9681321;1.0
0;0.39727342;0.92803806;1.0
0;0.34761208;0.95727324;1.0
0;0.3620277;0.9794297;1.0
0;0.19992968;0.9589566;1.0
0;0.23868254;0.9677595;1.0
0;0.19932061;0.96227026;1.0
0;0.12454049;0.9051168;1.0
0;0.22460935;0.9648246;1.0
0;0.21765988;0.9534154;1.0
0;0.16757676;0.9375315;1.0
0;0.19251256;0.9147967;1.0
0;0.2787451;0.90328056;1.0
0;0.27620286;0.9359712;1.0
0;0.2199343;0.93639123;1.0
0;0.23349886;0.92953736;1.0
0;0.3097429;0.95680743;1.0
0;0.25884694;0.9483668;1.0
0;0.22411531;0.940413;1.0
0;0.32070893;0.9146076;1.0
0;0.21665898;0.90990835;1.0
0;0.2629565;0.9392728;1.0
0;0.19255075;0.9509515;1.0
0;0.29465;0.9635923;1.0
0;0.32993004;0.920712;1.0
0;0.12864831;0.92105263;1.0
0;0.27208674;0.95233345;1.0
0;0.22778603;0.94935435;1.0
0;0.26189393;0.9606875;1.0
0;0.20552352;0.9412173;1.0
0;0.35816577;0.98462164;1.0
0;0.28103915;0.92642033;1.0
0;0.18415391;0.93201655;1.0
0;0.20198452;0.9279052;1.0
0;0.2590882;0.9509513;1.0
0;0.09417784;0.9272996;1.0
0;0.0064990837;0.9086548;1.0
0;0.38965493;0.94289154;1.0
0;0.25665772;0.94045126;1.0
0;0.27598208;0.9015416;1.0
0;0.09956264;0.94616824;1.0
0;0.33429164;0.9147857;1.0
0;0.1301805;0.94143856;1.0
0;0.13824263;1.0;1.0
0;0.24482886;0.9618862;1.0
0;0.26861432;0.9397218;1.0
0;0.2643001;0.9704218;1.0
0;0.3436223;0.8912039;1.0
0;0.11862787;0.9488561;1.0
0;0.20510486;0.9325319;1.0
0;0.26444784;0.96577036;1.0
0;0.34020898;0.916697;1.0
0;0.26561433;0.9621734;1.0
0;0.34352154;0.880821;1.0
0;0.36242747;0.9217677;1.0
0;0.15489349;0.9375049;1.0
0;0.2862882;0.9416431;1.0
0;0.29680756;0.94983214;1.0
0;0.22026631;0.9754836;1.0
0;0.16574578;0.94823444;1.0
0;0.06786591;0.93170923;1.0
0;0.36048338;0.916107;1.0
0;0.2688023;0.9452681;1.0
0;0.3458762;0.9327014;1.0
0;0.22581121;0.9745243;1.0
0;0.3609342;0.9232202;1.0
0;0.16280237;0.9131031;1.0
0;0.08525765;0.9736433;1.0
0;0.23979157;0.96295214;1.0
0;0.25503296;0.95476234;1.0
0;0.22569737;0.9513179;1.0
0;0.22846094;0.91774076;1.0
0;0.2083745;0.9559029;1.0
0;0.30311817;0.9536887;1.0
0;0.26739383;0.9150488;1.0
0;0.18516302;0.9375039;1.0
0;0.17306414;0.944059;1.0
0;0.21355414;0.9262904;1.0
0;0.23446876;0.9427298;1.0
0;0.20118852;0.9333137;1.0
0;0.24368632;0.9312528;1.0
0;0.2005327;0.9742356;1.0
0;0.104782134;0.9638914;1.0
0;0.3065418;0.948917;1.0
0;0.12504642;0.91050375;1.0
0;0.25894678;0.92084694;1.0
0;0.33019003;0.91543996;1.0
0;0.12762606;0.9249713;1.0
0;0.24579021;0.9285767;1.0
0;0.35123038;0.92193645;1.0
0;0.22013466;0.92492586;1.0
0;0.3341515;0.93972254;1.0
0;0.17626107;0.99354523;1.0
0;0.2938509;0.94946873;1.0
0;0.24524361;0.89037573;1.0
0;0.20517626;0.9431743;1.0
0;0.15911363;0.8988057;1.0
0;0.14293534;0.93749297;1.0
0;0.39219528;0.9612361;1.0
0;0.18661751;0.9620186;1.0
0;0.26520428;0.9556051;1.0
0;0.1658384;0.92770225;1.0
0;0.21598099;0.9156263;1.0
0;0.24165833;0.93675077;1.0
0;0.13331309;0.92502105;1.0
0;0.025571663;0.973691;1.0
0;0.31585297;0.95200825;1.0
0;0.18288434;0.92392564;1.0
0;0.19488949;0.9157418;1.0
0;0.35926774;0.9190163;1.0
0;0.1633178;0.94134724;1.0
0;0.17945868;0.9606649;1.0
0;0.400227;0.9322818;1.0
0;0.28580812;0.95305836;1.0
0;0.32912347;0.9954927;1.0
0;0.12730321;0.94376993;1.0
0;0.22927634;0.9093925;1.0
0;0.1611433;0.9424626;1.0
0;0.18412724;0.92516947;1.0
0;0.17340252;0.9341531;1.0
0;0.2603319;0.96424747;1.0
0;0.29057804;0.9612656;1.0
0;0.11977959;0.9136957;1.0
0;0.2578304;0.97649765;1.0
0;0.22202356;0.93148667;1.0
0;0.37617993;0.97107536;1.0
0;0.21785684;0.96464485;1.0
0;0.20196825;0.96890527;1.0
0;0.2572983;0.98434883;1.0
0;0.13397527;0.969858;1.0
0;0.08409665;0.9613423;1.0
0;0.15876463;0.9597885;1.0
0;0.23922163;0.92259496;1.0
0;0.23983285;0.9434938;1.0
0;0.2524751;0.9555877;1.0
0;0.31236398;0.9179275;1.0
0;0.21426454;0.978205;1.0
0;0.27667212;0.974116;1.0
0;0.35063863;0.92924476;1.0
0;0.21016866;0.9753613;1.0
0;0.122604266;0.94566745;1.0
0;0.23009728;0.9186347;1.0
0;0.2937698;0.9648065;1.0
0;0.4249059;0.93728656;1.0
0;0.15060206;0.94621354;1.0
0;0.20298381;0.9160061;1.0
0;0.23135921;0.92345744;1.0
0;0.23157287;0.9343941;1.0
0;0.19521755;0.92989284;1.0
0;0.17413315;0.9844136;1.0
0;0.3753404;0.9270816;1.0
0;0.2992838;0.9223935;1.0
0;0.3281551;0.9363343;1.0
0;0.22068593;0.963954;1.0
0;0.19756602;0.9393557;1.0
0;0.098054364;0.9350271;1.0
0;0.14911675;0.90831137;1.0
0;0.27019507;0.9614698;1.0
0;0.24081853;0.94938844;1.0
0;0.3897245;0.9212035;1.0
0;0.2534955;0.96400034;1.0
0;0.2980801;0.95666957;1.0
0;0.19600615;0.9290891;1.0
0;0.34052047;0.9632192;1.0
0;0.020739306;0.94534105;1.0
0;0.115563065;0.9514693;1.0
0;0.1337524;0.9528216;1.0
0;0.3209651;0.9418462;1.0
0;0.17191344;0.94100237;1.0
0;0.24769899;0.9599585;1.0
0;0.19505623;0.9522203;1.0
0;0.3199368;0.92495143;1.0
0;0.28327477;0.93760425;1.0
0;0.28567713;0.9281214;1.0
0;0.26079968;0.9099816;1.0
0;0.23658302;0.9523802;1.0
0;0.330531;0.9629234;1.0
0;0.1237912;0.9646825;1.0
0;0.0801565;0.9496938;1.0
0;0.14022228;0.92453027;1.0
0;0.22136441;0.9273588;1.0
0;0.27740812;0.937568;1.0
0;0.25430912;0.9787934;1.0
0;0.18454164;0.9602035;1.0
0;0.17319697;0.98844194;1.0
0;0.34288803;0.92622626;1.0
0;0.09533463;0.9322708;1.0
0;0.25560033;0.93771374;1.0
0;0.201587;0.9577556;1.0
0;0.22218701;0.99010414;1.0
0;0.23041925;0.96965677;1.0
0;0.21949308;0.97411007;1.0
0;0.18382576;0.92240375;1.0
0;0.17375115;0.9550553;1.0
0;0.36582667;0.92360705;1.0
0;0.31334108;0.9111497;1.0
0;0.23680258;0.9341822;1.0
0;0.19680226;0.93097824;1.0
0;0.26161286;0.9298765;1.0
0;0.047625247;0.9143904;1.0
0;0.22012714;0.92324865;1.0
0;0.17483671;0.9688233;1.0
0;0.32608846;0.9450461;1.0
0;0.2626075;0.93270415;1.0
0;0.20427868;0.9660493;1.0
0;0.2094878;0.94227695;1.0
0;0.25329843;0.9563681;1.0
0;0.26979333;0.9737511;1.0
0;0.2390874;0.94361943;1.0
0;0.2446259;0.9071905;1.0
0;0.13606885;0.9509119;1.0
0;0.35428965;0.8979332;1.0
0;0.3161072;0.9716582;1.0
0;0.29012454;0.9610257;1.0
0;0.18050192;0.90771407;1.0
0;0.21380089;0.933926;1.0
0;0.3461505;0.9391321;1.0
0;0.35546649;0.9363565;1.0
0;0.30275035;0.9385576;1.0
0;0.326592;0.94619334;1.0
0;0.3880499;0.91047144;1.0
0;0.25233683;0.9533072;1.0
0;0.18114129;0.9159899;1.0
0;0.18794109;0.92586243;1.0
0;0.22504699;0.93370885;1.0
0;0.23574615;0.9007485;1.0
0;0.3004898;0.9531955;1.0
0;0.36400977;0.9000409;1.0
0;0.21350563;0.94777524;1.0
0;0.22684157;0.90902257;1.0
0;0.17283669;0.9680385;1.0
0;0.22941256;0.9600997;1.0
0;0.16379887;0.95610166;1.0
0;0.24792981;0.914327;1.0
0;0.12525426;0.9317831;1.0
0;0.15419024;0.9195173;1.0
0;0.21371989;0.9807614;1.0
0;0.1770541;0.9482619;1.0
0;0.37828898;0.89379656;1.0
0;0.17870808;0.9160848;1.0
0;0.26059762;0.96483;1.0
0;0.28024685;0.92861366;1.0
0;0.2740426;0.9314378;1.0
0;0.16764489;0.94924074;1.0
0;0.27422374;0.9606427;1.0
0;0.2373701;0.92807883;1.0
0;0.23393753;0.9518381;1.0
0;0.34828186;0.9266282;1.0
0;0.18716274;0.9251099;1.0
0;0.3107822;0.93601704;1.0
0;0.35579458;0.8993555;1.0
0;0.15407757;0.87755585;1.0
0;0.38986546;0.95167893;1.0
0;0.3140428;0.9574097;1.0
0;0.18677895;0.9793557;1.0
0;0.26056457;0.9467689;1.0
0;0.32532218;0.95699835;1.0
0;0.18233098;0.92785686;1.0
0;0.3595925;0.91779387;1.0
0;0.26577336;0.9507149;1.0
0;0.21707198;0.9588591;1.0
0;0.19952461;0.91577584;1.0
0;0.21956706;0.9466413;1.0
0;0.0;0.92070645;1.0
0;0.15605149;0.96321595;1.0
0;0.09921084;0.8966325;1.0
0;0.3363315;0.95016056;1.0
0;0.34188682;0.9082056;1.0
0;0.202399;0.9053359;1.0
0;0.2644268;0.9431406;1.0
0;0.2447012;0.95303607;1.0
0;0.20070824;0.9526006;1.0
0;0.2905023;0.94493085;1.0
0;0.18311188;0.904239;1.0
0;0.19206613;0.95264167;1.0
0;0.2930674;0.97350556;1.0
0;0.27541333;0.9190336;1.0
0;0.30313832;0.95806766;1.0
0;0.34745637;0.9484731;1.0
0;0.34731242;0.8814228;1.0
0;0.29969174;0.96226966;1.0
0;0.34714472;0.93532175;1.0
0;0.26304117;0.9817254;1.0
0;0.40597814;0.9409506;1.0
0;0.19239315;0.95036113;1.0
0;0.2854266;0.96693563;1.0
0;0.19927877;0.96823287;1.0
0;0.12989962;0.9304819;1.0
0;0.23910841;0.94467527;1.0
0;0.2919364;0.89909315;1.0
0;0.078174524;0.93505317;1.0
0;0.18882543;0.9488393;1.0
0;0.27199754;0.97861487;1.0
0;0.3021206;0.91645133;1.0
0;0.29654026;0.96347797;1.0
0;0.18036583;0.964026;1.0
0;0.20842803;0.947547;1.0
0;0.26046783;0.90767086;1.0
0;0.18519172;0.9465775;1.0
0;0.2057489;0.97314465;1.0
0;0.31601727;0.92946005;1.0
0;0.2114051;0.96265775;1.0
0;0.29957607;0.9234184;1.0
0;0.26063824;0.95267105;1.0
0;0.20019788;0.93017143;1.0
0;0.27114752;0.95630074;1.0
0;0.3560946;0.9748515;1.0
0;0.23841092;0.93468845;1.0
0;0.20165744;0.9686643;1.0
0;0.20131347;0.9443475;1.0
0;0.29006717;0.9088847;1.0
0;0.24906456;0.9617126;1.0
0;0.20739996;0.9389328;1.0
0;0.16362822;0.94813156;1.0
0;0.21126938;0.9347901;1.0
0;0.19443776;0.9568716;1.0
0;0.15753776;0.94418293;1.0
0;0.29929632;0.9429418;1.0
0;0.29214838;0.93143356;1.0
0;0.2307817;0.9771845;1.0
0;0.1631985;0.95106363;1.0
0;0.19404522;0.9411316;1.0
0;0.16526969;0.9230485;1.0
0;0.2750284;0.9448711;1.0
0;0.22675392;0.91562337;1.0
0;0.31443405;0.9519629;1.0
0;0.21666282;0.9064266;1.0
0;0.1967639;0.95022166;1.0
0;0.2850351;0.9671704;1.0
0;0.33268344;0.9462396;1.0
0;0.17190087;0.94879794;1.0
0;0.29966852;0.94948375;1.0
0;0.2628137;0.9333975;1.0
0;0.056818027;0.9290723;1.0
0;0.32577792;0.92958003;1.0
0;0.15789111;0.9658953;1.0
0;0.27455032;0.9891208;1.0
0;0.23251846;0.9475941;1.0
0;0.41298822;0.95455945;1.0
0;0.15528741;0.9301607;1.0
0;0.25054052;0.9438375;1.0
0;0.168271;0.92810893;1.0
0;0.24165276;0.9636608;1.0
0;0.19544977;0.94174606;1.0
0;0.14850447;0.9901791;1.0
0;0.11415918;0.92222536;1.0
0;0.2928837;0.94538486;1.0
0;0.19041766;0.9874723;1.0
0;0.33981308;0.9416609;1.0
0;0.25231913;0.9529444;1.0
0;0.2564482;0.9625301;1.0
0;0.23372783;0.9852999;1.0
0;0.19661124;0.9628894;1.0
0;0.2048399;0.9618186;1.0
0;0.2322757;0.93831545;1.0
0;0.29078496;0.93432444;1.0
0;0.25789177;0.9455265;1.0
0;0.41149852;0.9302102;1.0
0;0.28467965;0.9206209;1.0
0;0.3835647;0.91750497;1.0
0;0.38797465;0.9339772;1.0
0;0.25168478;0.9673376;1.0
0;0.31995025;0.9624389;1.0
0;0.16421698;0.9569374;1.0
0;0.24237579;0.9710387;1.0
0;0.2803222;0.94415003;1.0
0;0.23034978;0.97971815;1.0
0;0.17713778;0.90755326;1.0
0;0.10902413;0.9218094;1.0
0;0.17152105;0.97858906;1.0
0;0.14898774;0.97815806;1.0
0;0.32486764;0.9713144;1.0
0;0.36561397;0.9539013;1.0
0;0.33742785;0.9377322;1.0
0;0.17565459;0.9140655;1.0
0;0.19860566;0.94662166;1.0
0;0.11889066;0.9291242;1.0
0;0.20399615;0.958673;1.0
0;0.22182986;0.92404884;1.0
0;0.38097703;0.92916214;1.0
0;0.3219446;0.93555224;1.0
0;0.25627396;0.96044064;1.0
0;0.22178552;0.937555;1.0
0;0.18402103;0.9082183;1.0
0;0.27776355;0.9442699;1.0
0;0.2828453;0.9770369;1.0
0;0.21255615;0.9370843;1.0
0;0.2341362;0.938199;1.0
0;0.2581818;0.90790987;1.0
0;0.15172592;0.94091;1.0
0;0.30400035;0.92555267;1.0
0;0.16811672;0.9755905;1.0
0;0.4264731;0.9541091;1.0
0;0.28689632;0.9180877;1.0
0;0.10322894;0.968979;1.0
0;0.29688644;0.93123144;1.0
0;0.30439746;0.9392615;1.0
0;0.2736068;0.9773674;1.0
0;0.4368073;0.9285607;1.0
0;0.25465503;0.91506505;1.0
0;0.23809285;0.947263;1.0
0;0.18000633;0.9244309;1.0
0;0.3572322;0.9495562;1.0
0;0.33218932;0.9230834;1.0
0;0.19626139;0.943731;1.0
0;0.24801841;0.9408782;1.0
0;0.23920682;0.9539572;1.0
0;0.36003727;0.9435957;1.0
0;0.2445905;0.9168889;1.0
0;0.17944703;0.92562467;1.0
0;0.22261062;0.939521;1.0
0;0.2821581;0.9360458;1.0
0;0.2391069;0.9069341;1.0
0;0.20364627;0.991374;1.0
0;0.14792211;0.9551409;1.0
0;0.19231871;0.94077855;1.0
0;0.25804752;0.9769117;1.0
0;0.23615916;0.9835358;1.0
0;0.21781728;0.93990594;1.0
0;2.8787622;0.021858336;2.0
0;2.8494222;0.070989646;2.0
0;2.7678843;0.06678729;2.0
0;2.9262106;0.051887777;2.0
0;2.7515965;0.11131701;2.0
0;2.763779;0.04174711;2.0
0;2.833099;0.050876215;2.0
0;2.6973765;0.071655795;2.0
0;2.8553455;0.050873343;2.0
0;2.8174558;0.078039534;2.0
0;2.8466034;0.06774917;2.0
0;2.789309;0.085307665;2.0
0;2.8621373;0.053757377;2.0
0;2.86906;0.062273018;2.0
0;2.7967129;0.059652753;2.0
0;2.873413;0.038516197;2.0
0;2.8236802;0.062180147;2.0
0;2.869595;0.03644467;2.0
0;2.7620726;0.05747973;2.0
0;2.847166;0.07243234;2.0
0;2.8759637;0.050673623;2.0
0;2.8099213;0.07024895;2.0
0;2.8113832;0.045652203;2.0
0;2.8589692;0.06519871;2.0
0;2.795116;0.03873945;2.0
0;2.8207633;0.07406986;2.0
0;2.7932186;0.059102613;2.0
0;2.73616;0.060054064;2.0
0;2.8185291;0.07891015;2.0
0;2.8708873;0.053431157;2.0
0;2.7665625;0.068949014;2.0
0;2.9041073;0.076395996;2.0
0;2.8313122;0.04526848;2.0
0;2.797875;0.062719524;2.0
0;2.9506407;0.0674521;2.0
0;2.7185764;0.045088887;2.0
0;2.7145753;0.032848753;2.0
0;2.7678328;0.034965545;2.0
0;2.8438606;0.046585333;2.0
0;2.9057052;0.054256704;2.0
0;2.7731538;0.064721785;2.0
0;2.8965433;0.043208588;2.0
0;2.9030726;0.052762937;2.0
0;2.7915766;0.040504545;2.0
0;2.8476748;0.0;2.0
0;2.8110278;0.0695729;2.0
0;2.7346568;0.054375585;2.0
0;2.8283286;0.04481141;2.0
0;2.8788579;0.12336064;2.0
0;2.8012736;0.05232285;2.0
0;2.8889785;0.037700344;2.0
0;2.784822;0.04432285;2.0
0;2.8985183;0.040445708;2.0
0;2.7948582;0.049529076;2.0
0;2.8927057;0.02478804;2.0
0;2.7657254;0.088435344;2.0
0;2.8537412;0.054964576;2.0
0;2.8092759;0.05667605;2.0
0;2.8191366;0.048037313;2.0
0;2.893747;0.04271187;2.0
0;2.8613193;0.059704907;2.0
0;2.869303;0.07162932;2.0
0;2.8003187;0.07737098;2.0
0;2.9097452;0.033653572;2.0
0;2.918918;0.055252284;2.0
0;2.7629948;0.030289933;2.0
0;2.7964904;0.06839633;2.0
0;2.7686462;0.046051838;2.0
0;2.86484;0.08741356;2.0
0;2.8064337;0.07342738;2.0
0;2.867062;0.04266032;2.0
0;2.8725646;0.038606595;2.0
0;2.779113;0.037093434;2.0
0;2.9062698;0.038898848;2.0
0;2.7977293;0.052379746;2.0
0;2.7419562;0.03960451;2.0
0;2.8697398;0.0397938;2.0
0;2.8742442;0.053103264;2.0
0;2.8169096;0.054726746;2.0
0;2.8460846;0.04783198;2.0
0;2.895309;0.0467692;2.0
0;2.8559577;0.07223656;2.0
0;2.7994213;0.052176956;2.0
0;2.8175476;0.068028055;2.0
0;2.7750194;0.02207691;2.0
0;2.8834987;0.05391303;2.0
0;2.815998;0.07742868;2.0
0;2.8053694;0.06785889;2.0
0;2.828447;0.073528074;2.0
0;2.7933755;0.064937614;2.0
0;2.8079762;0.05463755;2.0
0;2.940207;0.07184609;2.0
0;2.752095;0.048714828;2.0
0;2.8151383;0.029262394;2.0
0;2.8179853;0.06587683;2.0
0;2.7951431;0.04872579;2.0
0;2.7456741;0.05357324;2.0
0;2.7464027;0.057386458;2.0
0;2.7379649;0.053851184;2.0
0;2.8226082;0.03683782;2.0
0;2.8325741;0.05896367;2.0
0;2.8843644;0.07595745;2.0
0;2.782262;0.05181068;2.0
0;2.8188286;0.031293403;2.0
0;2.8608637;0.07893429;2.0
0;2.8529902;0.06878975;2.0
0;2.8670437;0.07526342;2.0
0;2.8055487;0.052710783;2.0
0;2.7943134;0.07203397;2.0
0;2.8285866;0.06126019;2.0
0;2.6758254;0.055269733;2.0
0;2.8312922;0.032024205;2.0
0;2.784354;0.07521173;2.0
0;2.7548811;0.00817732;2.0
0;2.8491743;0.056184478;2.0
0;2.85315;0.04454015;2.0
0;2.827824;0.057733275;2.0
0;2.823794;0.056559037;2.0
0;2.767671;0.04500591;2.0
0;2.9123814;0.046545748;2.0
0;2.8341413;0.046310127;2.0
0;2.7605324;0.06780621;2.0
0;2.8733058;0.062126324;2.0
0;2.8152103;0.08493063;2.0
0;2.8389802;0.055947315;2.0
0;2.8284686;0.04554128;2.0
0;2.791162;0.08261479;2.0
0;2.7055297;0.069974884;2.0
0;2.7029283;0.029442856;2.0
0;2.8072345;0.030099109;2.0
0;2.7908459;0.04667018;2.0
0;2.771166;0.053310737;2.0
0;2.7826269;0.03397137;2.0
0;2.9318268;0.038664762;2.0
0;2.891681;0.048023805;2.0
0;2.8827991;0.060709313;2.0
0;2.8710275;0.01679165;2.0
0;2.8018134;0.051240146;2.0
0;2.681551;0.05129083;2.0
0;2.8087883;0.05924971;2.0
0;2.837677;0.06344097;2.0
0;2.7606034;0.04900287;2.0
0;2.846947;0.045825776;2.0
0;2.7763128;0.05121875;2.0
0;2.78781;0.043435518;2.0
0;2.790765;0.060113836;2.0
0;2.8084793;0.06407482;2.0
0;2.8503299;0.07049882;2.0
0;2.8542671;0.055014186;2.0
0;2.8110886;0.08416111;2.0
0;2.833641;0.014878988;2.0
0;2.7890286;0.073529415;2.0
0;2.8449595;0.03264395;2.0
0;2.8433871;0.044863027;2.0
0;2.8540573;0.07900924;2.0
0;2.7577648;0.04391532;2.0
0;2.7698915;0.060250636;2.0
0;2.7975683;0.05838732;2.0
0;2.804161;0.047328908;2.0
0;2.8684735;0.05146962;2.0
0;2.854021;0.033248924;2.0
0;2.8964803;0.05756953;2.0
0;2.7424808;0.0362033;2.0
0;2.7711363;0.048965894;2.0
0;2.9050124;0.050817445;2.0
0;2.8392835;0.073306695;2.0
0;2.7987425;0.049486753;2.0
0;2.9230175;0.023343148;2.0
0;2.7912004;0.047997996;2.0
0;2.7291667;0.04046891;2.0
0;2.752602;0.03509392;2.0
0;2.8751264;0.062386952;2.0
0;2.6831598;0.035193343;2.0
0;2.737899;0.06489616;2.0
0;2.8227015;0.04793956;2.0
0;2.771412;0.062037464;2.0
0;2.7892432;0.07812907;2.0
0;2.8611956;0.049074613;2.0
0;2.8684435;0.05565038;2.0
0;2.8711057;0.032750398;2.0
0;2.8984494;0.049253803;2.0
0;2.8164327;0.056754276;2.0
0;2.8045707;0.052707307;2.0
0;2.808457;0.10162098;2.0
0;2.8375902;0.079696715;2.0
0;2.8051815;0.066782475;2.0
0;2.906365;0.035154562;2.0
0;2.8132226;0.035131026;2.0
0;2.830471;0.039706476;2.0
0;2.8430805;0.054097038;2.0
0;2.8886685;0.0753718;2.0
0;2.8616016;0.03678647;2.0
0;2.8662534;0.057566985;2.0
0;2.8032544;0.043121666;2.0
0;2.8407917;0.060774904;2.0
0;2.832473;0.061971538;2.0
0;2.7343307;0.053096578;2.0
0;2.7064881;0.05009754;2.0
0;2.8084028;0.051447354;2.0
0;2.8980198;0.04437005;2.0
0;2.8095636;0.042088445;2.0
0;2.8445587;0.06984564;2.0
0;2.796458;0.101451285;2.0
0;2.8017693;0.064094745;2.0
0;2.8272753;0.060409635;2.0
0;2.8362055;0.033625625;2.0
0;2.7734568;0.03774213;2.0
0;2.7348325;0.084940925;2.0
0;2.8321774;0.06898512;2.0
0;2.8431726;0.06802826;2.0
0;2.8035939;0.05354549;2.0
0;2.8612924;0.041581694;2.0
0;2.807557;0.05772839;2.0
0;2.8271024;0.04572742;2.0
0;2.810341;0.05863023;2.0
0;2.9633057;0.06891639;2.0
0;2.840095;0.09176288;2.0
0;2.805025;0.057799134;2.0
0;2.7249305;0.06470206;2.0
0;2.815673;0.050187603;2.0
0;2.916899;0.05010195;2.0
0;2.872038;0.04184286;2.0
0;2.9016657;0.06224942;2.0
0;2.801577;0.0533433;2.0
0;2.7984433;0.04138746;2.0
0;2.7656631;0.06494263;2.0
0;2.9192502;0.07504524;2.0
0;2.8111734;0.058420416;2.0
0;2.8992653;0.068319105;2.0
0;2.8197649;0.037966922;2.0
0;2.7492025;0.06310953;2.0
0;2.8057504;0.052648;2.0
0;2.895678;0.082939;2.0
0;2.8032694;0.057551276;2.0
0;2.8462944;0.054398786;2.0
0;2.8961444;0.078229025;2.0
0;2.7805297;0.05653303;2.0
0;2.8400369;0.053034328;2.0
0;2.885332;0.06068611;2.0
0;2.856576;0.054559324;2.0
0;2.838029;0.055494457;2.0
0;2.764575;0.0318509;2.0
0;2.8723054;0.063089274;2.0
0;2.8645227;0.05452482;2.0
0;2.759972;0.04407539;2.0
0;2.9247081;0.053647455;2.0
0;2.8356137;0.050405305;2.0
0;2.7909958;0.036572177;2.0
0;2.8577876;0.050206657;2.0
0;2.8368657;0.06393635;2.0
0;2.782917;0.080716565;2.0
0;2.9002986;0.0586763;2.0
0;2.8201058;0.054371305;2.0
0;2.7649796;0.04700703;2.0
0;2.887145;0.04884066;2.0
0;2.7688468;0.013315014;2.0
0;2.7759395;0.05202197;2.0
0;2.807952;0.041357707;2.0
0;2.8737206;0.06430597;2.0
0;2.788383;0.048861124;2.0
0;2.8178697;0.047506426;2.0
0;2.9173646;0.059731852;2.0
0;2.7852895;0.05916125;2.0
0;2.8252704;0.06335024;2.0
0;2.8052268;0.0657314;2.0
0;2.722153;0.068694;2.0
0;2.971964;0.033338785;2.0
0;2.7180636;0.06439329;2.0
0;2.943306;0.062160823;2.0
0;2.7787461;0.075726435;2.0
0;2.81599;0.04568082;2.0
0;2.7899313;0.062659286;2.0
0;2.750876;0.02868437;2.0
0;2.879274;0.06862654;2.0
0;2.7769213;0.07778459;2.0
0;2.8716557;0.051319446;2.0
0;2.9131634;0.057718698;2.0
0;2.7635663;0.06272327;2.0
0;2.8621845;0.051812757;2.0
0;2.8235817;0.078883074;2.0
0;2.9356363;0.05111672;2.0
0;2.86965;0.010924221;2.0
0;2.7898214;0.04636442;2.0
0;2.8497348;0.058543712;2.0
0;2.8770614;0.05995009;2.0
0;2.7067292;0.053905677;2.0
0;2.8390174;0.068947345;2.0
0;2.8654876;0.09080675;2.0
0;2.8417783;0.0670431;2.0
0;2.8372934;0.055819944;2.0
0;2.892486;0.06683884;2.0
0;2.8112278;0.032568734;2.0
0;2.8441243;0.06744822;2.0
0;2.8333936;0.027927624;2.0
0;2.8502483;0.06979576;2.0
0;2.7945468;0.033718765;2.0
0;2.9016657;0.054395977;2.0
0;2.7961998;0.02831596;2.0
0;2.8999548;0.05775019;2.0
0;2.8755307;0.08004614;2.0
0;2.7465615;0.08392081;2.0
0;2.7994876;0.049137197;2.0
0;2.7829347;0.0722958;2.0
0;2.9476428;0.049413405;2.0
0;2.6907263;0.05261363;2.0
0;2.800413;0.047621027;2.0
0;2.8031363;0.036062084;2.0
0;2.7938766;0.08521098;2.0
0;2.7366781;0.04274503;2.0
0;2.8585076;0.063893296;2.0
0;2.821132;0.031116618;2.0
0;2.8121576;0.06157598;2.0
0;2.950673;0.09018406;2.0
0;2.8459203;0.061755974;2.0
0;2.7122693;0.027790757;2.0
0;2.8690586;0.043694608;2.0
0;2.7700605;0.056082778;2.0
0;2.7572484;0.0536629;2.0
0;2.8085036;0.07594066;2.0
0;2.7527242;0.03877676;2.0
0;2.8166075;0.034413863;2.0
0;2.8838558;0.07757618;2.0
0;2.8792381;0.04424475;2.0
0;2.7719183;0.045440584;2.0
0;2.8818288;0.036966395;2.0
0;2.9158735;0.056523737;2.0
0;2.8445795;0.06515144;2.0
0;2.8775945;0.063877046;2.0
0;2.9299543;0.04253796;2.0
0;2.794509;0.04216467;2.0
0;2.8643723;0.06537095;2.0
0;2.8129778;0.0698326;2.0
0;2.8761065;0.056343142;2.0
0;2.8449144;0.04651907;2.0
0;2.7576082;0.04898301;2.0
0;2.8276324;0.039322823;2.0
0;2.8622482;0.07762185;2.0
0;2.7602797;0.044495016;2.0
0;2.8470552;0.076505184;2.0
0;2.9061148;0.05648823;2.0
0;2.7626734;0.07241622;2.0
0;2.7981048;0.038194858;2.0
0;2.9633772;0.029622648;2.0
0;2.8304925;0.04743602;2.0
0;2.7750106;0.043973356;2.0
0;2.7726865;0.05485472;2.0
0;2.922281;0.060648937;2.0
0;2.85065;0.085332;2.0
0;2.7756577;0.025085444;2.0
0;3.0;0.030494131;2.0
0;2.797036;0.064111464;2.0
0;2.875986;0.07022561;2.0
0;2.7443442;0.058855087;2.0
0;2.7719133;0.029528974;2.0
0;2.7139802;0.039715502;2.0
0;2.8389153;0.061116904;2.0
0;2.8027651;0.06185707;2.0
0;2.79571;0.03526629;2.0
0;2.747271;0.06247969;2.0
0;2.8839042;0.035861697;2.0
0;2.8502007;0.06505449;2.0
0;2.738925;0.031703804;2.0
0;2.817824;0.06580308;2.0
0;2.8250134;0.07064825;2.0
0;2.8646605;0.06211957;2.0
0;2.8150086;0.04982775;2.0
0;2.840477;0.042129096;2.0
0;2.8307989;0.049009755;2.0
0;2.873915;0.047549017;2.0
0;2.8650966;0.037713982;2.0
0;2.843132;0.06654057;2.0
0;2.717764;0.05544966;2.0
0;2.8602958;0.06685302;2.0
0;2.8130639;0.03532787;2.0
0;2.8597019;0.06176881;2.0
0;2.7550213;0.07929327;2.0
0;2.8029087;0.047540527;2.0
0;2.8021927;0.048694436;2.0
0;2.7753727;0.09209338;2.0
0;2.817533;0.07051499;2.0
0;2.8040977;0.07571868;2.0
0;2.7863963;0.057746913;2.0
0;2.77264;0.07508222;2.0
0;2.7773967;0.053193126;2.0
0;2.8049107;0.047895566;2.0
0;2.7895477;0.06321631;2.0
0;2.7562325;0.06087754;2.0
0;2.8765779;0.05141379;2.0
0;2.7674508;0.077380545;2.0
0;2.9019182;0.07623386;2.0
0;2.876419;0.040103305;2.0
0;2.747188;0.07137551;2.0
0;2.7850585;0.059705578;2.0
0;2.734564;0.064706735;2.0
0;2.8045907;0.05075981;2.0
0;2.8396792;0.04642941;2.0
0;2.7623498;0.04624019;2.0
0;2.8132677;0.013876991;2.0
0;2.8276043;0.057351556;2.0
0;2.7214828;0.039692435;2.0
0;2.7738059;0.06416897;2.0
0;2.879293;0.0569907;2.0
0;2.8018804;0.092848524;2.0
0;2.7839308;0.033362787;2.0
0;2.7959394;0.051842242;2.0
0;2.827356;0.046892766;2.0
0;2.7782717;0.036645055;2.0
0;2.8007562;0.08043916;2.0
0;2.8334782;0.08077119;2.0
0;2.725727;0.03950823;2.0
0;2.8264384;0.050376754;2.0
0;2.9048343;0.07297211;2.0
0;2.8493676;0.0716673;2.0
0;2.8595557;0.08572976;2.0
0;2.8318632;0.03090754;2.0
0;2.8446808;0.056637067;2.0
0;2.8056827;0.07735841;2.0
0;2.827303;0.030215582;2.0
0;2.9104152;0.045722675;2.0
0;2.7239993;0.04860016;2.0
0;2.9538894;0.0620388;2.0
0;2.8551497;0.06928293;2.0
0;2.877952;0.05684481;2.0
0;2.8730593;0.0556901;2.0
0;2.7971694;0.041717492;2.0
0;2.8065174;0.05900352;2.0
0;2.7038548;0.040320676;2.0
0;2.790092;0.051372066;2.0
0;2.880273;0.06576777;2.0
0;2.8819141;0.059351943;2.0
0;2.842094;0.061329793;2.0
0;2.8960707;0.042253528;2.0
0;2.8445327;0.07178912;2.0
0;2.8178582;0.05264118;2.0
0;2.9227726;0.030598637;2.0
0;2.8061607;0.062307656;2.0
0;2.8728576;0.07333123;2.0
0;2.9048362;0.06659506;2.0
