DY
505
2

0;0.38913998;0.007542852;1.0
0;0.3925632;0.01899514;1.0
0;0.3882195;0.012472349;1.0
0;0.38863644;0.008453292;1.0
0;0.38867506;0.0076641613;1.0
0;0.39178634;0.019615676;1.0
0;0.3877606;0.012123738;1.0
0;0.38616905;0.0032130012;1.0
0;0.39461255;0.008737118;1.0
0;0.39253402;0.00856091;1.0
0;0.38081783;0.014763497;1.0
0;0.39003557;0.012195444;1.0
0;0.39191273;0.015970144;1.0
0;0.39182907;0.0136762615;1.0
0;0.39010534;0.0076218;1.0
0;0.38525128;0.009626572;1.0
0;0.39443687;0.013969924;1.0
0;0.3970757;0.0064362036;1.0
0;0.38578138;0.0072908876;1.0
0;0.3843784;0.010412972;1.0
0;0.3834658;0.014842486;1.0
0;0.3897307;0.0075230286;1.0
0;0.38931865;0.008999685;1.0
0;0.38975254;0.0;1.0
0;0.38972837;0.0072483853;1.0
0;0.39250243;0.018202038;1.0
0;0.39126167;0.0131644495;1.0
0;0.38483214;0.019379383;1.0
0;0.3882247;0.015245267;1.0
0;0.38734517;0.013810716;1.0
0;0.38515693;0.011015972;1.0
0;0.3852466;0.0055278405;1.0
0;0.38660586;0.006874964;1.0
0;0.38574532;0.008101956;1.0
0;0.3893713;0.016773209;1.0
0;0.39219895;0.009364697;1.0
0;0.39080858;0.017238695;1.0
0;0.3929852;0.011396097;1.0
0;0.39762092;0.017896133;1.0
0;0.38478664;0.012509096;1.0
0;0.3943462;0.006604674;1.0
0;0.38918608;0.010801716;1.0
0;0.38979244;0.011513266;1.0
0;0.38287336;0.006519492;1.0
0;0.3873168;0.0072621703;1.0
0;0.38841027;0.012687681;1.0
0;0.38771674;0.009538266;1.0
0;0.3938316;0.009658224;1.0
0;0.38874406;0.0013884153;1.0
0;0.3915429;0.025739543;1.0
0;0.38672894;0.0030523944;1.0
0;0.39165023;0.0102471635;1.0
0;0.39377737;0.0075342497;1.0
0;0.3835653;0.0023596345;1.0
0;0.38650694;0.015306157;1.0
0;0.39049923;0.011157112;1.0
0;0.38767478;0.013955321;1.0
0;0.38400185;0.008870652;1.0
0;0.3880222;0.012122889;1.0
0;0.39218706;0.01189101;1.0
0;0.39936495;0.009645789;1.0
0;0.38758343;0.004100191;1.0
0;0.38700524;0.010141995;1.0
0;0.38994014;0.013574324;1.0
0;0.38054428;0.0135531975;1.0
0;0.39017773;0.012391924;1.0
0;0.38841337;0.0085363975;1.0
0;0.38497192;0.013256738;1.0
0;0.38209176;0.020788925;1.0
0;0.3923158;0.005591563;1.0
0;0.38512656;0.005725814;1.0
0;0.39055088;0.014089322;1.0
0;0.3877403;0.014971402;1.0
0;0.392783;0.0052418453;1.0
0;0.39142743;0.00664486;1.0
0;0.3940451;0.012007837;1.0
0;0.39236686;0.017448746;1.0
0;0.3919335;0.01056461;1.0
0;0.38223508;0.008960955;1.0
0;0.3853804;0.021368684;1.0
0;0.38584733;0.012793537;1.0
0;0.3853726;0.010083155;1.0
0;0.38568586;0.00886805;1.0
0;0.39131647;0.005848599;1.0
0;0.3968542;0.016032692;1.0
0;0.38742325;0.0034236205;1.0
0;0.38222352;0.011160351;1.0
0;0.3868687;0.012893127;1.0
0;0.38501018;0.001959756;1.0
0;0.39087617;0.018365936;1.0
0;0.38839304;0.0074567148;1.0
0;0.3895061;0.009396965;1.0
0;0.38410798;0.017670255;1.0
0;0.39415994;0.011103204;1.0
0;0.38889623;0.0061464296;1.0
0;0.37839475;0.0029831876;1.0
0;0.38454893;0.0071606757;1.0
0;0.38940883;0.007829815;1.0
0;0.38837013;0.013484957;1.0
0;0.39212492;0.010230863;1.0
0;0.38433942;0.01304776;1.0
0;0.9797568;0.5982336;2.0
0;1.0;0.5951087;2.0
0;0.9813535;0.5924952;2.0
0;0.9896119;0.5978156;2.0
0;0.9808591;0.59604317;2.0
0;0.98235846;0.5934177;2.0
0;0.98360777;0.60198367;2.0
0;0.9847713;0.597482;2.0
0;0.9793379;0.6041647;2.0
0;0.9853528;0.6020411;2.0
0;0.9895763;0.6031482;2.0
0;0.9876856;0.5913143;2.0
0;0.99105245;0.595823;2.0
0;0.9878681;0.6021474;2.0
0;0.984385;0.6035674;2.0
0;0.99058646;0.5964371;2.0
0;0.99090713;0.6010144;2.0
0;0.9865786;0.595635;2.0
0;0.993105;0.59916675;2.0
0;0.98593706;0.59312296;2.0
0;0.9911371;0.5934491;2.0
0;0.98943275;0.6004182;2.0
0;0.99105495;0.59704417;2.0
0;0.9895144;0.5911554;2.0
0;0.9844528;0.6068777;2.0
0;0.9893675;0.5944832;2.0
0;0.98890907;0.5903891;2.0
0;0.98526436;0.6019165;2.0
0;0.98700726;0.59445995;2.0
0;0.9831634;0.5892091;2.0
0;0.98497623;0.59201074;2.0
0;0.98921967;0.5948094;2.0
0;0.98254156;0.59709984;2.0
0;0.9873639;0.59115416;2.0
0;0.9813855;0.5942243;2.0
0;0.9879935;0.597598;2.0
0;0.9928047;0.60513663;2.0
0;0.9770046;0.59428465;2.0
0;0.98622215;0.59950817;2.0
0;0.9931911;0.5971438;2.0
0;0.9822991;0.59456533;2.0
0;0.9853743;0.5932306;2.0
0;0.98910415;0.59243196;2.0
0;0.9924424;0.59364593;2.0
0;0.98442495;0.59605426;2.0
0;0.98621136;0.59155005;2.0
0;0.98898566;0.5968384;2.0
0;0.98383176;0.59566706;2.0
0;0.9810246;0.5948298;2.0
0;0.9918672;0.5912443;2.0
0;0.98448944;0.5909763;2.0
0;0.9858769;0.59935004;2.0
0;0.98081404;0.5961106;2.0
0;0.9880406;0.6045479;2.0
0;0.9863124;0.59555805;2.0
0;0.98902255;0.60045177;2.0
0;0.99721473;0.6007034;2.0
0;0.98605895;0.59634405;2.0
0;0.9905969;0.59630036;2.0
0;0.99526083;0.60101897;2.0
0;0.9846622;0.5972347;2.0
0;0.98341906;0.59218764;2.0
0;0.9885265;0.59218746;2.0
0;0.98323035;0.59912765;2.0
0;0.98199224;0.5968634;2.0
0;0.98951775;0.5940839;2.0
0;0.9946329;0.5898325;2.0
0;0.98627007;0.591562;2.0
0;0.9856452;0.597032;2.0
0;0.9916409;0.5987496;2.0
0;0.9913146;0.59496;2.0
0;0.9941962;0.5908508;2.0
0;0.9855888;0.598944;2.0
0;0.9933224;0.59336793;2.0
0;0.9834355;0.5969144;2.0
0;0.9776528;0.59746283;2.0
0;0.993899;0.5964956;2.0
0;0.9957247;0.59813535;2.0
0;0.9810974;0.59640723;2.0
0;0.98286194;0.5934504;2.0
0;0.9873815;0.59957564;2.0
0;0.9904332;0.5948966;2.0
0;0.9749869;0.5966676;2.0
0;0.9866858;0.5935909;2.0
0;0.9818653;0.6017387;2.0
0;0.98926646;0.5932052;2.0
0;0.995967;0.5920862;2.0
0;0.98641074;0.594731;2.0
0;0.99072456;0.5985545;2.0
0;0.97490925;0.60238993;2.0
0;0.98827076;0.6003992;2.0
0;0.9773001;0.6064719;2.0
0;0.9901076;0.597493;2.0
0;0.9867667;0.5952877;2.0
0;0.9848615;0.5946164;2.0
0;0.9891076;0.5942597;2.0
0;0.9887238;0.5951802;2.0
0;0.9906356;0.5980706;2.0
0;0.9823446;0.605496;2.0
0;0.97571105;0.59822917;2.0
0;0.9918844;0.59991866;2.0
0;0.6618331;0.70934206;3.0
0;0.65799814;0.7170924;3.0
0;0.6648306;0.70443976;3.0
0;0.65307456;0.7056099;3.0
0;0.67690873;0.70665777;3.0
0;0.65663975;0.72023904;3.0
0;0.6487905;0.71241945;3.0
0;0.668835;0.71016574;3.0
0;0.6511554;0.708757;3.0
0;0.67793995;0.7170672;3.0
0;0.64613086;0.7123598;3.0
0;0.6687235;0.70288795;3.0
0;0.6693648;0.7237473;3.0
0;0.662775;0.71663404;3.0
0;0.66974926;0.72292936;3.0
0;0.65643704;0.7095065;3.0
0;0.6595363;0.72509325;3.0
0;0.6667602;0.7190833;3.0
0;0.65890956;0.7075994;3.0
0;0.6720564;0.7078474;3.0
0;0.67014074;0.7197692;3.0
0;0.65794146;0.71003807;3.0
0;0.66050667;0.7164446;3.0
0;0.66131234;0.7094288;3.0
0;0.6549865;0.70998347;3.0
0;0.6606358;0.7118051;3.0
0;0.66643435;0.71432346;3.0
0;0.66176045;0.70765823;3.0
0;0.6665431;0.7151939;3.0
0;0.6618087;0.7197273;3.0
0;0.66124064;0.7122977;3.0
0;0.6669446;0.71359533;3.0
0;0.6629836;0.7165088;3.0
0;0.6630229;0.7129729;3.0
0;0.65499514;0.7086094;3.0
0;0.66984564;0.7074801;3.0
0;0.67894495;0.7201543;3.0
0;0.6554487;0.7154718;3.0
0;0.6619423;0.70634115;3.0
0;0.64643;0.7165982;3.0
0;0.66193986;0.7085393;3.0
0;0.6630696;0.70884633;3.0
0;0.67477816;0.7178418;3.0
0;0.6514017;0.70824057;3.0
0;0.6647277;0.71448183;3.0
0;0.6568173;0.7071343;3.0
0;0.672036;0.7137823;3.0
0;0.6626382;0.72946495;3.0
0;0.6711564;0.70167154;3.0
0;0.655909;0.73089135;3.0
0;0.66115;0.7048435;3.0
0;0.6667802;0.7185881;3.0
0;0.667677;0.7172422;3.0
0;0.6684906;0.71548915;3.0
0;0.66847444;0.7224334;3.0
0;0.6638871;0.7204137;3.0
0;0.67192197;0.70989996;3.0
0;0.6646127;0.7126575;3.0
0;0.67311454;0.7083087;3.0
0;0.66614914;0.70512;3.0
0;0.6803836;0.71825665;3.0
0;0.6430117;0.7006858;3.0
0;0.6706357;0.7143626;3.0
0;0.6622959;0.70462096;3.0
0;0.6771865;0.71563697;3.0
0;0.6648367;0.713653;3.0
0;0.652901;0.7167047;3.0
0;0.6559604;0.7025946;3.0
0;0.6802244;0.71002954;3.0
0;0.6574524;0.70645213;3.0
0;0.66766524;0.71314794;3.0
0;0.6458355;0.7071708;3.0
0;0.6627111;0.70993626;3.0
0;0.6670758;0.71825707;3.0
0;0.67856735;0.7059711;3.0
0;0.68046784;0.71945566;3.0
0;0.6537853;0.71112376;3.0
0;0.65467703;0.70236737;3.0
0;0.6664208;0.7057849;3.0
0;0.66154623;0.7161881;3.0
0;0.65685374;0.7094119;3.0
0;0.6842549;0.7179552;3.0
0;0.66564393;0.7142151;3.0
0;0.6565215;0.71707344;3.0
0;0.6721135;0.7109334;3.0
0;0.66181666;0.7090893;3.0
0;0.6790715;0.7148879;3.0
0;0.66906893;0.7112429;3.0
0;0.6544561;0.69993;3.0
0;0.6491073;0.7196232;3.0
0;0.65965265;0.7038606;3.0
0;0.67398727;0.71751803;3.0
0;0.67342305;0.7022451;3.0
0;0.65943754;0.71778286;3.0
0;0.66506284;0.7013494;3.0
0;0.66153204;0.7099711;3.0
0;0.675582;0.7090335;3.0
0;0.66055083;0.7197555;3.0
0;0.66257334;0.716844;3.0
0;0.6692642;0.7158247;3.0
0;0.66306365;0.70301217;3.0
0;0.20593745;0.41962034;4.0
0;0.20195833;0.41402155;4.0
0;0.20840143;0.39887106;4.0
0;0.20886464;0.42436028;4.0
0;0.20518872;0.42216727;4.0
0;0.2081133;0.42900977;4.0
0;0.22434928;0.42924386;4.0
0;0.20700787;0.42798558;4.0
0;0.20776801;0.41760176;4.0
0;0.21127363;0.42199188;4.0
0;0.20249501;0.39764768;4.0
0;0.19704005;0.40300792;4.0
0;0.199892;0.40957972;4.0
0;0.21572298;0.4123684;4.0
0;0.20388494;0.4266662;4.0
0;0.21778277;0.41052058;4.0
0;0.19352147;0.4010107;4.0
0;0.21026875;0.40973148;4.0
0;0.20059209;0.41507345;4.0
0;0.2048614;0.40627035;4.0
0;0.21030767;0.43394932;4.0
0;0.20568687;0.41994104;4.0
0;0.20703448;0.42167938;4.0
0;0.20236424;0.4246098;4.0
0;0.2109518;0.4114628;4.0
0;0.19802283;0.40265223;4.0
0;0.21112299;0.40670124;4.0
0;0.21250881;0.41108686;4.0
0;0.21097787;0.4017817;4.0
0;0.1991887;0.41593078;4.0
0;0.20119072;0.4161923;4.0
0;0.21805122;0.41596377;4.0
0;0.20584098;0.3979732;4.0
0;0.19143528;0.42334184;4.0
0;0.22102751;0.41810215;4.0
0;0.2082289;0.41061127;4.0
0;0.1989138;0.4189417;4.0
0;0.2029829;0.4218786;4.0
0;0.20134182;0.41844413;4.0
0;0.20864545;0.42105514;4.0
0;0.20727748;0.41236067;4.0
0;0.20498326;0.4170362;4.0
0;0.2180655;0.40114033;4.0
0;0.20540938;0.42085558;4.0
0;0.20467307;0.41114813;4.0
0;0.20833795;0.4206096;4.0
0;0.20992053;0.41553625;4.0
0;0.19837299;0.4163923;4.0
0;0.20891863;0.4091388;4.0
0;0.21361598;0.4252889;4.0
0;0.21076904;0.40378636;4.0
0;0.20395127;0.4204534;4.0
0;0.20588295;0.40992263;4.0
0;0.20166296;0.42026722;4.0
0;0.21207671;0.41364568;4.0
0;0.20710574;0.41085646;4.0
0;0.20931317;0.40779048;4.0
0;0.20737186;0.4161222;4.0
0;0.20702213;0.42110562;4.0
0;0.18755598;0.42073268;4.0
0;0.20602211;0.41471523;4.0
0;0.21203162;0.4147886;4.0
0;0.20683749;0.40557337;4.0
0;0.21392937;0.41306767;4.0
0;0.2005859;0.4120928;4.0
0;0.19643292;0.40728334;4.0
0;0.1899928;0.42588344;4.0
0;0.21280435;0.40244788;4.0
0;0.21559295;0.40606102;4.0
0;0.20370482;0.42341208;4.0
0;0.20723991;0.4165426;4.0
0;0.20063007;0.41017058;4.0
0;0.20092438;0.41522935;4.0
0;0.20646058;0.40845454;4.0
0;0.20653933;0.4192513;4.0
0;0.2080845;0.4109227;4.0
0;0.19144191;0.41419345;4.0
0;0.20762488;0.42086038;4.0
0;0.1976587;0.41287348;4.0
0;0.21120322;0.40410402;4.0
0;0.21098481;0.405121;4.0
0;0.20567432;0.42638028;4.0
0;0.20206271;0.40124184;4.0
0;0.20682524;0.41377297;4.0
0;0.20592862;0.41072154;4.0
0;0.21436928;0.4115964;4.0
0;0.20520738;0.41453382;4.0
0;0.19809781;0.42699543;4.0
0;0.21806985;0.41142735;4.0
0;0.20472579;0.41714668;4.0
0;0.21368138;0.42544064;4.0
0;0.19641948;0.42015442;4.0
0;0.21096861;0.41459006;4.0
0;0.19725268;0.41401574;4.0
0;0.2033553;0.41853794;4.0
0;0.20460814;0.43374464;4.0
0;0.20699161;0.40305072;4.0
0;0.20054615;0.41942996;4.0
0;0.21101572;0.42411605;4.0
0;0.20236266;0.42847002;4.0
0;0.19070473;0.41810316;4.0
0;0.012107726;0.998138;5.0
0;0.009822528;0.9878371;5.0
0;0.006109659;0.98826677;5.0
0;0.010999117;0.98721975;5.0
0;0.0051461053;0.9906328;5.0
0;0.004253479;0.99006283;5.0
0;0.009763131;0.9851251;5.0
0;1.2835984E-4;0.9833263;5.0
0;0.009229541;0.9873658;5.0
0;0.0019773743;0.9956429;5.0
0;0.0067013726;1.0;5.0
0;0.004534023;0.9871085;5.0
0;0.01495172;0.9906015;5.0
0;0.008700425;0.9930637;5.0
0;0.0128656635;0.986973;5.0
0;0.0052483133;0.9928406;5.0
0;0.0047888514;0.9898745;5.0
0;0.015273838;0.99045837;5.0
0;0.0076835854;0.9855088;5.0
0;0.008322984;0.9897204;5.0
0;0.012535434;0.99306554;5.0
0;0.007146904;0.9929883;5.0
0;0.010532454;0.984595;5.0
0;0.011675653;0.99167275;5.0
0;0.008740254;0.985979;5.0
0;0.007105657;0.99105394;5.0
0;0.0069822804;0.98646146;5.0
0;0.013169959;0.99031276;5.0
0;0.011280825;0.9869904;5.0
0;0.00934157;0.9941218;5.0
0;0.0051875343;0.9867969;5.0
0;0.00549714;0.9880437;5.0
0;0.0014259617;0.9917588;5.0
0;0.0071687275;0.9896435;5.0
0;0.004070014;0.9897325;5.0
0;0.011380997;0.9878686;5.0
0;0.010981477;0.9881691;5.0
0;0.0027148342;0.9889127;5.0
0;0.014209059;0.9859369;5.0
0;0.0;0.9863117;5.0
0;0.001000472;0.9866535;5.0
0;0.006686351;0.9913304;5.0
0;0.008089397;0.9925226;5.0
0;0.008883781;0.99246436;5.0
0;0.005516854;0.98576415;5.0
0;0.01412802;0.9889109;5.0
0;0.0051756403;0.986278;5.0
0;0.010036837;0.99296945;5.0
0;0.0049106274;0.9916221;5.0
0;0.0036475798;0.9873105;5.0
0;0.0073160375;0.99102163;5.0
0;0.013999515;0.99031955;5.0
0;0.0038255886;0.9861219;5.0
0;0.008080414;0.9854833;5.0
0;0.008922299;0.98792624;5.0
0;0.012405729;0.9899603;5.0
0;0.0065342756;0.99277395;5.0
0;0.006562901;0.9903627;5.0
0;0.0021726966;0.9951124;5.0
0;0.012306577;0.9836449;5.0
0;0.009044512;0.98889965;5.0
0;0.004329571;0.994103;5.0
0;0.0070421137;0.9964385;5.0
0;0.011669833;0.98673934;5.0
0;0.0021553831;0.99747527;5.0
0;0.011341786;0.98281497;5.0
0;0.010888981;0.9928244;5.0
0;0.008288539;0.9919048;5.0
0;0.0049110274;0.9924279;5.0
0;0.0044935034;0.9874523;5.0
0;0.011568789;0.9876467;5.0
0;0.011259038;0.987199;5.0
0;0.009429883;0.9861569;5.0
0;0.010159959;0.98851484;5.0
0;0.008696097;0.9875737;5.0
0;0.0069058244;0.99222726;5.0
0;0.003379439;0.99147373;5.0
0;0.008740981;0.99483913;5.0
0;0.0035310776;0.9882893;5.0
0;0.013346731;0.9874225;5.0
0;0.0043177134;0.988933;5.0
0;0.0010371722;0.9881196;5.0
0;0.006078233;0.987272;5.0
0;0.0013333564;0.99207115;5.0
0;0.015334326;0.990462;5.0
0;0.0140863005;0.99514174;5.0
0;0.011691365;0.98488295;5.0
0;0.012091322;0.9914036;5.0
0;0.005312111;0.99606615;5.0
0;0.003835773;0.99067277;5.0
0;0.0079923915;0.98860615;5.0
0;0.007763133;0.99039596;5.0
0;0.0060961284;0.9878811;5.0
0;0.008952743;0.9889491;5.0
0;0.0033811124;0.9886582;5.0
0;0.008964056;0.98312163;5.0
0;0.0074986657;0.98711115;5.0
0;0.0015253323;0.9859012;5.0
0;0.011728284;0.99720687;5.0
0;0.0053939503;0.98862827;5.0
0;0.013487567;0.98999983;5.0
