DY
1005
2

0;0.44776288;0.4497957;1.0
0;0.4503265;0.44738424;1.0
0;0.45127314;0.4482296;1.0
0;0.44971004;0.44879442;1.0
0;0.44967315;0.45034924;1.0
0;0.45083028;0.4518991;1.0
0;0.44794047;0.4485479;1.0
0;0.45254233;0.44731435;1.0
0;0.44953018;0.4497751;1.0
0;0.4475517;0.4527519;1.0
0;0.45053554;0.44739944;1.0
0;0.44644356;0.45309564;1.0
0;0.449623;0.44843182;1.0
0;0.4503187;0.44773948;1.0
0;0.4503876;0.4527863;1.0
0;0.44924045;0.44838983;1.0
0;0.44919437;0.44554904;1.0
0;0.4535423;0.45133093;1.0
0;0.45131642;0.44714418;1.0
0;0.44966653;0.45081213;1.0
0;0.44934493;0.45218247;1.0
0;0.44811943;0.45290884;1.0
0;0.449529;0.44944385;1.0
0;0.44607708;0.44629022;1.0
0;0.44866884;0.4509838;1.0
0;0.44886714;0.45030755;1.0
0;0.44455;0.45234025;1.0
0;0.44914806;0.4519113;1.0
0;0.44637772;0.4462888;1.0
0;0.44801924;0.4498815;1.0
0;0.45351386;0.44604933;1.0
0;0.4528444;0.45117933;1.0
0;0.44828367;0.45032498;1.0
0;0.45257553;0.44658962;1.0
0;0.45108616;0.45293614;1.0
0;0.45257747;0.45229006;1.0
0;0.44807312;0.4464629;1.0
0;0.44862455;0.45024186;1.0
0;0.45257467;0.45599565;1.0
0;0.44995427;0.45204532;1.0
0;0.44995037;0.4537906;1.0
0;0.45358947;0.44860265;1.0
0;0.45106542;0.4484179;1.0
0;0.45269558;0.45135117;1.0
0;0.45017734;0.44745383;1.0
0;0.45272174;0.4455712;1.0
0;0.4472648;0.44960445;1.0
0;0.44999677;0.44674352;1.0
0;0.44871616;0.4459709;1.0
0;0.45124438;0.4492693;1.0
0;0.44991833;0.4500716;1.0
0;0.45002958;0.4502161;1.0
0;0.4472772;0.45388392;1.0
0;0.4488997;0.44715595;1.0
0;0.450875;0.45462894;1.0
0;0.44967327;0.44577274;1.0
0;0.4490665;0.44886643;1.0
0;0.44773048;0.45388943;1.0
0;0.446141;0.44908437;1.0
0;0.44990185;0.45063636;1.0
0;0.45401224;0.45262754;1.0
0;0.4472848;0.4526968;1.0
0;0.45027262;0.44740376;1.0
0;0.44935393;0.4504622;1.0
0;0.4513691;0.4496112;1.0
0;0.44897658;0.45102555;1.0
0;0.45269263;0.4468717;1.0
0;0.4498757;0.44742098;1.0
0;0.44981346;0.45324993;1.0
0;0.44791913;0.45367646;1.0
0;0.45024407;0.44626024;1.0
0;0.44850475;0.44967434;1.0
0;0.4491243;0.44818375;1.0
0;0.45098308;0.44883612;1.0
0;0.44920233;0.45190156;1.0
0;0.44630262;0.44546098;1.0
0;0.44899336;0.44977465;1.0
0;0.44814855;0.45014986;1.0
0;0.44692063;0.4508629;1.0
0;0.45090353;0.44992164;1.0
0;0.4497646;0.45112574;1.0
0;0.44964147;0.44780964;1.0
0;0.45034018;0.4521942;1.0
0;0.44905806;0.4498128;1.0
0;0.4517166;0.44748378;1.0
0;0.4517101;0.44880578;1.0
0;0.44995257;0.446187;1.0
0;0.4492917;0.44666716;1.0
0;0.44980326;0.44988978;1.0
0;0.4506552;0.44970638;1.0
0;0.45120043;0.44713742;1.0
0;0.45118326;0.45291665;1.0
0;0.4482359;0.4510512;1.0
0;0.45282763;0.4460142;1.0
0;0.4482024;0.45038357;1.0
0;0.4496286;0.45269337;1.0
0;0.44994566;0.4511109;1.0
0;0.45124328;0.450815;1.0
0;0.44958076;0.44677392;1.0
0;0.44947463;0.44680652;1.0
0;0.44626653;0.45281598;1.0
0;0.44713283;0.45025057;1.0
0;0.4526949;0.44627023;1.0
0;0.4480782;0.4490255;1.0
0;0.44951913;0.45154458;1.0
0;0.4491005;0.44934332;1.0
0;0.44728622;0.44888684;1.0
0;0.45371428;0.45622697;1.0
0;0.4499522;0.4484017;1.0
0;0.44635022;0.45140722;1.0
0;0.44590625;0.45083365;1.0
0;0.45273012;0.45044294;1.0
0;0.4537423;0.44733196;1.0
0;0.45106933;0.4507857;1.0
0;0.447869;0.45075396;1.0
0;0.4488564;0.44932398;1.0
0;0.45319965;0.45003638;1.0
0;0.44929597;0.447157;1.0
0;0.4495989;0.44685516;1.0
0;0.450011;0.44844466;1.0
0;0.44854546;0.4463794;1.0
0;0.44663936;0.453771;1.0
0;0.45508373;0.45065942;1.0
0;0.4484036;0.45029756;1.0
0;0.44763646;0.44926596;1.0
0;0.4479424;0.45168728;1.0
0;0.4524009;0.4499481;1.0
0;0.44956234;0.45244738;1.0
0;0.44928756;0.4484715;1.0
0;0.44685632;0.44890222;1.0
0;0.44978884;0.44746372;1.0
0;0.44834208;0.45074227;1.0
0;0.450102;0.4502488;1.0
0;0.45118433;0.44809216;1.0
0;0.44909602;0.4508162;1.0
0;0.45202234;0.45142826;1.0
0;0.45028135;0.45347634;1.0
0;0.4489449;0.45037156;1.0
0;0.44737563;0.44664705;1.0
0;0.4503896;0.4493378;1.0
0;0.4487849;0.44812506;1.0
0;0.44989055;0.45202643;1.0
0;0.4488983;0.44919252;1.0
0;0.44925886;0.4523749;1.0
0;0.449345;0.44373512;1.0
0;0.44934928;0.4494543;1.0
0;0.449528;0.44916007;1.0
0;0.4518649;0.45014292;1.0
0;0.4488814;0.44955558;1.0
0;0.4482822;0.44777325;1.0
0;0.44772777;0.4448391;1.0
0;0.45080474;0.443878;1.0
0;0.44915232;0.45277682;1.0
0;0.4483181;0.44832453;1.0
0;0.44758078;0.44811597;1.0
0;0.44909707;0.44722685;1.0
0;0.44813034;0.4487297;1.0
0;0.44876963;0.45365205;1.0
0;0.44848537;0.4494179;1.0
0;0.44384205;0.45115897;1.0
0;0.4503765;0.4567619;1.0
0;0.44792998;0.45150417;1.0
0;0.44944674;0.4492101;1.0
0;0.4483551;0.45011023;1.0
0;0.44729844;0.44889084;1.0
0;0.449429;0.45238394;1.0
0;0.44973138;0.44664893;1.0
0;0.44707432;0.44605118;1.0
0;0.44930065;0.44934577;1.0
0;0.44974905;0.4484194;1.0
0;0.4522905;0.44801283;1.0
0;0.4467819;0.45193636;1.0
0;0.44705072;0.45019934;1.0
0;0.4482744;0.45004693;1.0
0;0.45209706;0.45185798;1.0
0;0.45127723;0.44878113;1.0
0;0.4463348;0.4527338;1.0
0;0.45246413;0.45198226;1.0
0;0.45325735;0.45445782;1.0
0;0.44714758;0.44830707;1.0
0;0.44701928;0.4489251;1.0
0;0.4464399;0.44718713;1.0
0;0.4519801;0.45094767;1.0
0;0.4472736;0.44783762;1.0
0;0.4484704;0.4511942;1.0
0;0.45088515;0.45137295;1.0
0;0.45073807;0.44993472;1.0
0;0.45116946;0.44688812;1.0
0;0.44845745;0.45099115;1.0
0;0.44960076;0.45064485;1.0
0;0.4504782;0.44749886;1.0
0;0.44897494;0.4489386;1.0
0;0.44981217;0.44906974;1.0
0;0.45012167;0.44631052;1.0
0;0.45095122;0.45186272;1.0
0;0.4482645;0.44993687;1.0
0;0.44856986;0.45100355;1.0
0;0.44814387;0.45070532;1.0
0;0.45252588;0.45141834;1.0
0;0.45043546;0.45643997;1.0
0;0.45039454;0.45205644;1.0
0;0.8896915;0.6895095;2.0
0;0.89225715;0.6991701;2.0
0;0.887497;0.6833576;2.0
0;0.88072413;0.68143636;2.0
0;0.8842689;0.6935794;2.0
0;0.89359814;0.685125;2.0
0;0.889923;0.6776653;2.0
0;0.89595634;0.68330735;2.0
0;0.89284724;0.6829123;2.0
0;0.889538;0.6841514;2.0
0;0.88534296;0.6915208;2.0
0;0.88635606;0.68119526;2.0
0;0.8833501;0.6790997;2.0
0;0.8930578;0.69393575;2.0
0;0.8883081;0.67034316;2.0
0;0.8963091;0.6814889;2.0
0;0.8854522;0.68178016;2.0
0;0.89856625;0.67638534;2.0
0;0.88490146;0.693307;2.0
0;0.8861081;0.6728709;2.0
0;0.8799092;0.6882031;2.0
0;0.89360434;0.6826969;2.0
0;0.8908053;0.6825875;2.0
0;0.8874591;0.6841472;2.0
0;0.8843961;0.671997;2.0
0;0.8774157;0.6931104;2.0
0;0.87913716;0.6793709;2.0
0;0.8785358;0.6879602;2.0
0;0.8967047;0.6869898;2.0
0;0.89183885;0.6789177;2.0
0;0.88474447;0.68357766;2.0
0;0.873797;0.6969841;2.0
0;0.88896674;0.67518246;2.0
0;0.89223;0.6751455;2.0
0;0.8835126;0.69641;2.0
0;0.89091367;0.69000787;2.0
0;0.8859053;0.6782084;2.0
0;0.88611674;0.6809512;2.0
0;0.8902246;0.69234586;2.0
0;0.89155245;0.6876041;2.0
0;0.8845081;0.6911081;2.0
0;0.88757104;0.6796093;2.0
0;0.8987544;0.6926973;2.0
0;0.8918495;0.6817522;2.0
0;0.8845212;0.6701044;2.0
0;0.88983333;0.67941535;2.0
0;0.8919175;0.67774904;2.0
0;0.8801329;0.6919862;2.0
0;0.895965;0.6830084;2.0
0;0.8843775;0.6837634;2.0
0;0.8930706;0.67787486;2.0
0;0.890184;0.67917925;2.0
0;0.9026678;0.694368;2.0
0;0.88023347;0.69177413;2.0
0;0.87754446;0.68212056;2.0
0;0.8870672;0.6962876;2.0
0;0.88505036;0.6843268;2.0
0;0.8909827;0.68182033;2.0
0;0.8910428;0.67075753;2.0
0;0.8962434;0.6743888;2.0
0;0.8902967;0.6722;2.0
0;0.8906999;0.68696594;2.0
0;0.8876966;0.6782518;2.0
0;0.8942235;0.6859731;2.0
0;0.8939063;0.67565936;2.0
0;0.8906368;0.69038284;2.0
0;0.8937212;0.6863039;2.0
0;0.89443797;0.6962255;2.0
0;0.88732237;0.6867866;2.0
0;0.89025575;0.6816563;2.0
0;0.8816215;0.689112;2.0
0;0.8892153;0.6827921;2.0
0;0.8957616;0.6907959;2.0
0;0.8900108;0.6717889;2.0
0;0.88050115;0.69498676;2.0
0;0.8840129;0.69106805;2.0
0;0.880089;0.6832838;2.0
0;0.89485055;0.69434065;2.0
0;0.8843375;0.6949904;2.0
0;0.87888086;0.6900253;2.0
0;0.8840697;0.7003152;2.0
0;0.884274;0.67225003;2.0
0;0.8934038;0.67662007;2.0
0;0.89323896;0.6837097;2.0
0;0.8759265;0.6764352;2.0
0;0.90084857;0.6893316;2.0
0;0.8865587;0.6827764;2.0
0;0.8906065;0.6789581;2.0
0;0.8864671;0.6829483;2.0
0;0.8845691;0.6943433;2.0
0;0.89720356;0.68544734;2.0
0;0.88216984;0.6808043;2.0
0;0.89340454;0.68720156;2.0
0;0.8961036;0.6817991;2.0
0;0.8912632;0.6737805;2.0
0;0.87566155;0.693825;2.0
0;0.8856961;0.69139034;2.0
0;0.8888002;0.69740844;2.0
0;0.8943184;0.69493616;2.0
0;0.89350575;0.6915209;2.0
0;0.885516;0.68495595;2.0
0;0.8852594;0.6848594;2.0
0;0.89116746;0.68807745;2.0
0;0.8881889;0.6851206;2.0
0;0.87978506;0.68063456;2.0
0;0.8797405;0.6842912;2.0
0;0.8878472;0.6983468;2.0
0;0.88923407;0.68736655;2.0
0;0.8910902;0.6792396;2.0
0;0.88419;0.68372756;2.0
0;0.9055985;0.69081473;2.0
0;0.89483243;0.6873524;2.0
0;0.888126;0.6928655;2.0
0;0.8951631;0.67413956;2.0
0;0.8913732;0.687932;2.0
0;0.8898217;0.6864028;2.0
0;0.89945793;0.6800156;2.0
0;0.89585024;0.6907923;2.0
0;0.89604443;0.6859701;2.0
0;0.8854933;0.67965084;2.0
0;0.89327633;0.68749034;2.0
0;0.8983647;0.6976883;2.0
0;0.8787375;0.67113477;2.0
0;0.8902835;0.68702346;2.0
0;0.89267766;0.6896871;2.0
0;0.88245404;0.67861205;2.0
0;0.8845164;0.6871426;2.0
0;0.89257985;0.6830185;2.0
0;0.8869249;0.68732;2.0
0;0.8929972;0.6743015;2.0
0;0.8959382;0.6859747;2.0
0;0.8931758;0.6899922;2.0
0;0.87970895;0.6766162;2.0
0;0.88548833;0.68262637;2.0
0;0.9002451;0.6820356;2.0
0;0.8804063;0.694156;2.0
0;0.88912743;0.68921506;2.0
0;0.8942417;0.6833493;2.0
0;0.8970981;0.6909924;2.0
0;0.89150167;0.678186;2.0
0;0.8854209;0.692665;2.0
0;0.8919829;0.6776915;2.0
0;0.89387524;0.6859269;2.0
0;0.8919472;0.68247384;2.0
0;0.8912322;0.6756565;2.0
0;0.88517153;0.6852222;2.0
0;0.8797485;0.686801;2.0
0;0.8910313;0.6732709;2.0
0;0.89356816;0.68059075;2.0
0;0.8873212;0.6853718;2.0
0;0.87624514;0.6804607;2.0
0;0.88255465;0.6938623;2.0
0;0.8927281;0.6857984;2.0
0;0.89886284;0.6887866;2.0
0;0.8981135;0.6885178;2.0
0;0.88300884;0.6769519;2.0
0;0.8874018;0.69138646;2.0
0;0.8974565;0.68252367;2.0
0;0.87389106;0.6888466;2.0
0;0.8954158;0.68489;2.0
0;0.8960572;0.70148206;2.0
0;0.8904303;0.6869721;2.0
0;0.8990217;0.6848982;2.0
0;0.898257;0.68062323;2.0
0;0.88972217;0.69427717;2.0
0;0.89498377;0.69517154;2.0
0;0.8875277;0.6654686;2.0
0;0.8851554;0.69409984;2.0
0;0.8910509;0.662788;2.0
0;0.873837;0.6810054;2.0
0;0.8842401;0.6899894;2.0
0;0.88738817;0.67996997;2.0
0;0.87678045;0.6889629;2.0
0;0.8878655;0.6926153;2.0
0;0.89740825;0.68024915;2.0
0;0.8834866;0.6949165;2.0
0;0.88460034;0.691258;2.0
0;0.896366;0.6763266;2.0
0;0.88450414;0.691436;2.0
0;0.88973385;0.6879179;2.0
0;0.89122623;0.68587106;2.0
0;0.88867724;0.68028766;2.0
0;0.88845456;0.68212855;2.0
0;0.88308847;0.67737997;2.0
0;0.89388365;0.6785758;2.0
0;0.88246965;0.6802288;2.0
0;0.8991702;0.6842981;2.0
0;0.8858221;0.699207;2.0
0;0.89002705;0.69013256;2.0
0;0.8836353;0.695742;2.0
0;0.8961585;0.6925676;2.0
0;0.89791465;0.68718296;2.0
0;0.8986592;0.69142884;2.0
0;0.8902423;0.6992671;2.0
0;0.8902893;0.6859169;2.0
0;0.8815451;0.6861336;2.0
0;0.9002502;0.67209756;2.0
0;0.87802476;0.68233097;2.0
0;0.8945366;0.68711764;2.0
0;0.89586884;0.6828965;2.0
0;0.89688414;0.67758036;2.0
0;0.45618016;0.9288662;3.0
0;0.45955926;0.9123328;3.0
0;0.46385756;0.91089475;3.0
0;0.45045465;0.92343336;3.0
0;0.46052063;0.9211904;3.0
0;0.46476987;0.9321798;3.0
0;0.45925084;0.91882664;3.0
0;0.46906322;0.9127633;3.0
0;0.45140907;0.90944314;3.0
0;0.45247045;0.9187499;3.0
0;0.45011702;0.92152053;3.0
0;0.46042162;0.92508924;3.0
0;0.45215005;0.92045444;3.0
0;0.4649777;0.91711533;3.0
0;0.466586;0.91992205;3.0
0;0.45312133;0.92757875;3.0
0;0.4609084;0.9157114;3.0
0;0.45667598;0.94068384;3.0
0;0.45241663;0.9168079;3.0
0;0.46110204;0.9120067;3.0
0;0.44447994;0.9221508;3.0
0;0.46828014;0.9353412;3.0
0;0.44624162;0.9081095;3.0
0;0.4650963;0.9299257;3.0
0;0.45759836;0.923292;3.0
0;0.45572296;0.91947645;3.0
0;0.45721203;0.9320623;3.0
0;0.44999853;0.9283447;3.0
0;0.4563931;0.91223025;3.0
0;0.45431733;0.9172543;3.0
0;0.45964292;0.9144891;3.0
0;0.46966442;0.92050856;3.0
0;0.458152;0.92431384;3.0
0;0.45924136;0.9160626;3.0
0;0.454863;0.92485446;3.0
0;0.4506523;0.93520385;3.0
0;0.45607814;0.91416824;3.0
0;0.46273196;0.9200066;3.0
0;0.45557633;0.9226263;3.0
0;0.4483422;0.9233933;3.0
0;0.45128882;0.916343;3.0
0;0.46576852;0.9230278;3.0
0;0.4567285;0.9300139;3.0
0;0.45526716;0.928037;3.0
0;0.45914474;0.9161596;3.0
0;0.4592682;0.9234549;3.0
0;0.45607302;0.91886604;3.0
0;0.4572359;0.9231899;3.0
0;0.4632158;0.925897;3.0
0;0.46598107;0.9256481;3.0
0;0.4557204;0.9209804;3.0
0;0.46789053;0.9052614;3.0
0;0.45650655;0.90699184;3.0
0;0.45628646;0.9166326;3.0
0;0.4642294;0.9125461;3.0
0;0.4549035;0.92605823;3.0
0;0.45347878;0.93796325;3.0
0;0.465744;0.9133056;3.0
0;0.46906564;0.9233495;3.0
0;0.46861923;0.9281007;3.0
0;0.46418548;0.93351585;3.0
0;0.45358992;0.9147277;3.0
0;0.466409;0.91158366;3.0
0;0.46164823;0.9214296;3.0
0;0.4428583;0.91838753;3.0
0;0.4638516;0.91551095;3.0
0;0.46222922;0.9109685;3.0
0;0.4573362;0.91917557;3.0
0;0.45218667;0.91867936;3.0
0;0.4586707;0.9157716;3.0
0;0.4483619;0.9258222;3.0
0;0.46133342;0.9124982;3.0
0;0.46110237;0.91380876;3.0
0;0.45751733;0.9085892;3.0
0;0.4574036;0.92864513;3.0
0;0.46173495;0.92361563;3.0
0;0.46316865;0.913654;3.0
0;0.45764884;0.9253989;3.0
0;0.4587876;0.92109466;3.0
0;0.46355608;0.918062;3.0
0;0.46707606;0.91597617;3.0
0;0.45582858;0.9245076;3.0
0;0.44680613;0.9185298;3.0
0;0.46177265;0.9279637;3.0
0;0.45379964;0.92957276;3.0
0;0.46409872;0.92005575;3.0
0;0.45381802;0.93794346;3.0
0;0.45909664;0.9274251;3.0
0;0.45622447;0.918008;3.0
0;0.44756493;0.9261279;3.0
0;0.45223585;0.9079301;3.0
0;0.45196065;0.9219541;3.0
0;0.46145716;0.9304944;3.0
0;0.45389187;0.91266906;3.0
0;0.4653523;0.9267908;3.0
0;0.4514533;0.9304058;3.0
0;0.46164003;0.9299327;3.0
0;0.4540131;0.9218578;3.0
0;0.4567415;0.9114515;3.0
0;0.45441747;0.9228738;3.0
0;0.458798;0.9186088;3.0
0;0.45529094;0.92487216;3.0
0;0.47140005;0.92327607;3.0
0;0.46830246;0.9250897;3.0
0;0.45160028;0.9256885;3.0
0;0.46070024;0.9358029;3.0
0;0.45070755;0.9241901;3.0
0;0.45827895;0.91010785;3.0
0;0.45589703;0.8978432;3.0
0;0.45748788;0.9342798;3.0
0;0.45229647;0.90220124;3.0
0;0.45506528;0.93090874;3.0
0;0.46509635;0.9182773;3.0
0;0.46429452;0.9201619;3.0
0;0.4495348;0.91854495;3.0
0;0.45150298;0.9119778;3.0
0;0.4547052;0.9197688;3.0
0;0.46144092;0.9223723;3.0
0;0.47394618;0.9181988;3.0
0;0.46377438;0.90195376;3.0
0;0.46043804;0.91983587;3.0
0;0.45401716;0.92346054;3.0
0;0.46287602;0.9143122;3.0
0;0.45625827;0.9303574;3.0
0;0.45075458;0.9178514;3.0
0;0.4663753;0.92400163;3.0
0;0.45978078;0.92234707;3.0
0;0.45420682;0.9300428;3.0
0;0.45506346;0.92655134;3.0
0;0.4669652;0.93111306;3.0
0;0.45635882;0.9230032;3.0
0;0.4527129;0.9206412;3.0
0;0.45091572;0.92212075;3.0
0;0.46021298;0.92203844;3.0
0;0.45493612;0.92850226;3.0
0;0.45873734;0.936014;3.0
0;0.4636612;0.92417765;3.0
0;0.45544434;0.91815114;3.0
0;0.46296012;0.9354534;3.0
0;0.45539156;0.91352427;3.0
0;0.4477964;0.9198044;3.0
0;0.4679041;0.91043645;3.0
0;0.46051008;0.92616665;3.0
0;0.46945322;0.9198877;3.0
0;0.46022263;0.9196833;3.0
0;0.4575455;0.9284022;3.0
0;0.45119515;0.9358861;3.0
0;0.45144415;0.9152647;3.0
0;0.4489808;0.92723006;3.0
0;0.45932636;0.9248096;3.0
0;0.47031704;0.9211707;3.0
0;0.45869744;0.9318065;3.0
0;0.45916235;0.9316985;3.0
0;0.45352453;0.92199826;3.0
0;0.46204862;0.9252076;3.0
0;0.44547907;0.90982926;3.0
0;0.45255184;0.9194854;3.0
0;0.4616941;0.9151127;3.0
0;0.45293736;0.91210854;3.0
0;0.4598938;0.9311356;3.0
0;0.4653401;0.9204172;3.0
0;0.45204383;0.9207695;3.0
0;0.45524964;0.92642236;3.0
0;0.4685;0.9227169;3.0
0;0.45739427;0.9234151;3.0
0;0.4535142;0.9205679;3.0
0;0.45531505;0.92242223;3.0
0;0.46719074;0.90295875;3.0
0;0.4610623;0.92404103;3.0
0;0.45092043;0.92053986;3.0
0;0.46297884;0.9155251;3.0
0;0.44999015;0.9320567;3.0
0;0.46382335;0.9262541;3.0
0;0.46331143;0.93366915;3.0
0;0.46072096;0.9356253;3.0
0;0.46215376;0.9279174;3.0
0;0.46368995;0.92184573;3.0
0;0.45801872;0.919006;3.0
0;0.44683754;0.9076031;3.0
0;0.45599565;0.9155895;3.0
0;0.4587593;0.909912;3.0
0;0.46177533;0.90826875;3.0
0;0.45770317;0.9150529;3.0
0;0.4551251;0.92570364;3.0
0;0.45310146;0.91807777;3.0
0;0.46059668;0.9275377;3.0
0;0.45359054;0.92578614;3.0
0;0.45963076;0.91961503;3.0
0;0.44131225;0.9248159;3.0
0;0.46456367;0.92219764;3.0
0;0.46122643;0.9303805;3.0
0;0.45903838;0.92224777;3.0
0;0.443524;0.9268268;3.0
0;0.4636833;0.9357368;3.0
0;0.46078688;0.9154741;3.0
0;0.45807338;0.929512;3.0
0;0.4500911;0.9250188;3.0
0;0.45404926;0.9303018;3.0
0;0.45269525;0.921994;3.0
0;0.44736722;0.9231155;3.0
0;0.45904186;0.9118108;3.0
0;0.011734656;0.9910517;4.0
0;0.009392385;0.9832159;4.0
0;0.014464851;0.98824376;4.0
0;0.010434941;0.98349106;4.0
0;0.01255741;0.9796788;4.0
0;0.008185542;0.9869179;4.0
0;0.010276499;0.98580056;4.0
0;0.012779357;0.9786897;4.0
0;0.0072470945;0.98089814;4.0
0;0.006550118;0.98072445;4.0
0;0.010425984;0.9880431;4.0
0;0.009553643;0.980415;4.0
0;0.0053830724;0.9884331;4.0
0;0.0060620545;0.98272055;4.0
0;0.010557473;0.98344153;4.0
0;0.014861303;0.9911023;4.0
0;0.006412487;0.9748223;4.0
0;0.01645111;0.9882886;4.0
0;0.007646363;0.98282945;4.0
0;0.015852796;0.9864119;4.0
0;0.011254826;0.9866542;4.0
0;0.015044149;0.99126065;4.0
0;0.015133265;0.9830893;4.0
0;0.008805041;0.9770537;4.0
0;0.010571177;0.97697043;4.0
0;0.0068922103;0.97703815;4.0
0;0.011543254;0.9839073;4.0
0;0.0125835305;0.98468757;4.0
0;0.015336172;0.9869012;4.0
0;0.0053910646;0.9784985;4.0
0;0.010730718;0.991659;4.0
0;0.011343755;0.9848691;4.0
0;0.012725586;0.9961784;4.0
0;0.005183626;0.97925675;4.0
0;0.016534701;0.9806726;4.0
0;0.003952834;0.9847478;4.0
0;0.00500255;0.98065084;4.0
0;0.009522909;0.98591536;4.0
0;0.007600397;0.9865725;4.0
0;0.00741798;0.9870036;4.0
0;0.013435141;0.98754764;4.0
0;0.0;0.986975;4.0
0;0.007524609;0.9924729;4.0
0;0.013978852;0.985041;4.0
0;0.00977921;0.9882896;4.0
0;0.010084883;0.98971003;4.0
0;0.014899679;0.9891364;4.0
0;0.009350227;0.9880377;4.0
0;0.0066894917;0.9893308;4.0
0;0.012256134;0.9787725;4.0
0;0.0027925468;0.97954696;4.0
0;0.008551449;0.97896254;4.0
0;0.011118536;0.9828673;4.0
0;0.006097213;0.9845288;4.0
0;0.009004354;0.98078656;4.0
0;0.009324536;0.98128134;4.0
0;0.00665377;0.9747958;4.0
0;0.005894629;0.9860405;4.0
0;0.015707497;0.96999824;4.0
0;0.0140717765;0.9826411;4.0
0;0.007330204;0.9773422;4.0
0;0.011644332;0.9835324;4.0
0;0.004868593;0.98997;4.0
0;0.0048884386;0.98737365;4.0
0;0.009273474;0.98596925;4.0
0;0.015872883;1.0;4.0
0;0.017036844;0.98356104;4.0
0;0.002816844;0.9821248;4.0
0;0.010762257;0.98658985;4.0
0;0.0035560862;0.9835213;4.0
0;0.012404251;0.9837785;4.0
0;0.0085501615;0.98509675;4.0
0;0.007163851;0.9832679;4.0
0;0.0016880683;0.98481345;4.0
0;0.008624206;0.9812494;4.0
0;0.015207364;0.9854306;4.0
0;0.0071885777;0.9781452;4.0
0;0.0116477385;0.98219997;4.0
0;0.00889928;0.9836522;4.0
0;0.0107022915;0.9857801;4.0
0;0.012757634;0.98235744;4.0
0;0.009676792;0.98095816;4.0
0;0.003965385;0.98772645;4.0
0;0.015743433;0.9828428;4.0
0;0.013107584;0.9813428;4.0
0;0.005290872;0.99693066;4.0
0;0.017618826;0.9892986;4.0
0;0.0144887455;0.98524946;4.0
0;0.009678642;0.9891478;4.0
0;0.009978925;0.97955734;4.0
0;0.0036846257;0.9848383;4.0
0;0.007349781;0.99031055;4.0
0;0.009889272;0.98729044;4.0
0;0.006095309;0.97915906;4.0
0;0.003627664;0.98713213;4.0
0;0.007999799;0.9873063;4.0
0;0.0047734426;0.9773835;4.0
0;0.01099949;0.98827773;4.0
0;0.0043317745;0.9749286;4.0
0;0.002939698;0.98535043;4.0
0;0.0059422846;0.9834753;4.0
0;0.015520735;0.9779671;4.0
0;0.006852144;0.981632;4.0
0;0.0035326204;0.98238707;4.0
0;0.006401009;0.9843439;4.0
0;0.016943652;0.99044275;4.0
0;0.017734412;0.9850191;4.0
0;0.008609162;0.98578036;4.0
0;0.017163802;0.9836598;4.0
0;0.012859516;0.9701212;4.0
0;0.008595323;0.9830683;4.0
0;0.013347204;0.99188405;4.0
0;0.0058160247;0.9846795;4.0
0;0.007384189;0.9910287;4.0
0;0.012412377;0.98377186;4.0
0;0.009636967;0.97902167;4.0
0;0.012176404;0.97663754;4.0
0;0.008487407;0.98658144;4.0
0;0.005819994;0.97510177;4.0
0;0.011793039;0.9849787;4.0
0;0.012308939;0.98819345;4.0
0;0.008214613;0.98626286;4.0
0;0.007909825;0.9831392;4.0
0;0.0032066994;0.9796682;4.0
0;0.005299963;0.9777609;4.0
0;0.00987943;0.98555773;4.0
0;0.013623243;0.9822324;4.0
0;0.014931888;0.9880338;4.0
0;0.016515419;0.98921067;4.0
0;0.01532228;0.9898979;4.0
0;0.009316597;0.97745764;4.0
0;0.01376892;0.97869956;4.0
0;0.007692866;0.97086823;4.0
0;0.0115194665;0.9861817;4.0
0;0.009889594;0.9903303;4.0
0;0.005958536;0.99069;4.0
0;0.0031236436;0.9855558;4.0
0;0.0050918274;0.97584784;4.0
0;0.0074268836;0.98109406;4.0
0;0.013188682;0.99401885;4.0
0;0.008896035;0.98786294;4.0
0;0.0071627786;0.97780323;4.0
0;0.00808138;0.990173;4.0
0;0.008562927;0.98390526;4.0
0;0.0070981197;0.99000674;4.0
0;0.0053588827;0.97893596;4.0
0;0.009555735;0.9889117;4.0
0;0.013013318;0.99108464;4.0
0;0.010444461;0.98905087;4.0
0;0.0102325715;0.98657435;4.0
0;0.005821603;0.98196405;4.0
0;0.004198649;0.98382765;4.0
0;0.010932498;0.98180634;4.0
0;0.013367398;0.9855036;4.0
0;0.0068677254;0.98165363;4.0
0;5.404393E-4;0.9806044;4.0
0;0.011928444;0.9842431;4.0
0;0.01589761;0.98852825;4.0
0;0.012116814;0.9905706;4.0
0;0.009012479;0.98991096;4.0
0;0.005046371;0.9878125;4.0
0;0.011121754;0.9765743;4.0
0;8.3578756E-4;0.98035085;4.0
0;0.013948735;0.9847307;4.0
0;0.019697955;0.9874635;4.0
0;0.012688068;0.9898383;4.0
0;0.0064461706;0.9946937;4.0
0;0.005696416;0.9780192;4.0
0;0.0020833947;0.98108506;4.0
0;0.020800397;0.98535514;4.0
0;0.008927225;0.98351026;4.0
0;0.010724577;0.9862902;4.0
0;0.012684903;0.9824949;4.0
0;0.01156082;0.9859125;4.0
0;0.008059497;0.9832547;4.0
0;0.012547621;0.9954966;4.0
0;0.0023853402;0.9800694;4.0
0;0.0031019747;0.98139644;4.0
0;0.001037326;0.9856154;4.0
0;0.008619782;0.9879934;4.0
0;0.0077673397;0.9830094;4.0
0;0.013362275;0.98037994;4.0
0;0.008165294;0.99106175;4.0
0;9.3702605E-4;0.9896773;4.0
0;0.015262986;0.98616874;4.0
0;0.010338047;0.98225373;4.0
0;0.014091327;0.98672235;4.0
0;0.007066555;0.98668367;4.0
0;0.0071019013;0.9874473;4.0
0;0.006082222;0.98096234;4.0
0;0.00492172;0.9804783;4.0
0;0.0074950014;0.9959911;4.0
0;0.0066473335;0.98864216;4.0
0;0.006521047;0.9861091;4.0
0;0.0077371425;0.9824525;4.0
0;0.004110015;0.9853142;4.0
0;0.010110683;0.97755057;4.0
0;0.0043816827;0.9736064;4.0
0;0.008758243;0.98358977;4.0
0;0.013903734;0.99542505;4.0
0;0.007111556;0.98035103;4.0
0;0.8757156;0.12374246;5.0
0;0.8388905;0.3595372;5.0
0;0.8274597;0.1261914;5.0
0;0.71563125;0.095659025;5.0
0;0.87660027;0.16937327;5.0
0;0.7144819;0.22849466;5.0
0;0.8810005;0.18352006;5.0
0;0.74058497;0.34435853;5.0
0;0.67478853;0.096783824;5.0
0;0.7496434;0.12207166;5.0
0;0.728901;0.07101602;5.0
0;0.63589007;0.08350355;5.0
0;0.6834451;0.07101545;5.0
0;0.74488825;0.12052828;5.0
0;0.74290407;0.07726835;5.0
0;0.6636449;0.1704869;5.0
0;0.7117921;0.0010066221;5.0
0;0.83969605;0.1154664;5.0
0;0.7657082;0.42098483;5.0
0;0.610057;0.22112502;5.0
0;0.83118093;0.30461457;5.0
0;0.75467247;0.06582455;5.0
0;0.7717483;0.12836607;5.0
0;0.6841933;0.2163532;5.0
0;0.77553225;0.08242705;5.0
0;0.8262225;0.17652512;5.0
0;0.7248619;0.13423027;5.0
0;0.76507324;0.07846977;5.0
0;0.75438815;0.2229742;5.0
0;0.79237515;0.15142636;5.0
0;0.6277205;0.18451326;5.0
0;0.67359895;0.14130156;5.0
0;0.6738891;0.1170008;5.0
0;0.6617345;0.21901941;5.0
0;0.67644286;0.022358282;5.0
0;0.69690174;0.059023082;5.0
0;0.751566;0.14201511;5.0
0;0.6544327;0.2482039;5.0
0;0.9024843;0.18555024;5.0
0;0.71288645;0.0897027;5.0
0;0.67321074;0.23394322;5.0
0;0.6997902;0.15645501;5.0
0;0.88633716;0.25559148;5.0
0;0.69768775;0.15862678;5.0
0;0.71200645;0.3156597;5.0
0;0.773159;0.15157953;5.0
0;0.610228;0.14296558;5.0
0;0.9026583;0.22111963;5.0
0;0.79245365;0.20816731;5.0
0;0.8164966;0.11258973;5.0
0;0.6649061;0.07648834;5.0
0;0.7154835;0.3643319;5.0
0;0.7847637;0.19989651;5.0
0;0.6563724;0.32008204;5.0
0;0.8203113;0.03458684;5.0
0;0.8493394;0.1528467;5.0
0;0.90005046;0.19493867;5.0
0;0.741408;0.26766416;5.0
0;0.66695577;0.27702746;5.0
0;0.76612514;0.20855619;5.0
0;0.78880364;0.15591477;5.0
0;0.7542805;0.078896366;5.0
0;0.7398886;0.12204857;5.0
0;0.7041263;0.32035136;5.0
0;0.7752027;0.14588754;5.0
0;0.73011035;0.18411754;5.0
0;0.8503339;0.18005507;5.0
0;0.8155391;0.15932393;5.0
0;0.8007532;0.13940053;5.0
0;0.7228806;0.15679185;5.0
0;0.7687513;0.07791828;5.0
0;0.6639892;0.23723997;5.0
0;0.8206113;0.2089751;5.0
0;0.80637825;0.08127415;5.0
0;0.74855936;0.06315021;5.0
0;0.7906152;0.2709451;5.0
0;0.66637313;0.28651407;5.0
0;0.81266755;0.22452699;5.0
0;0.78260565;0.19117388;5.0
0;0.59649867;0.25923383;5.0
0;0.7927803;0.13113193;5.0
0;0.7018795;0.23287171;5.0
0;0.7237093;0.21185921;5.0
0;0.7085342;0.15739237;5.0
0;0.8377301;0.02975231;5.0
0;0.7138222;0.20108214;5.0
0;0.7863032;0.13099056;5.0
0;0.75929606;0.24669583;5.0
0;0.80390483;0.20050077;5.0
0;0.6953208;0.058188614;5.0
0;0.80334914;0.058637504;5.0
0;0.8000352;0.18566184;5.0
0;0.786262;0.19085479;5.0
0;0.7420048;0.1321855;5.0
0;0.73738617;0.1498468;5.0
0;0.73170954;0.25092924;5.0
0;0.6597045;0.09511835;5.0
0;0.5999038;0.25522187;5.0
0;0.81948775;0.29738757;5.0
0;0.7932828;0.0979558;5.0
0;0.8305289;0.0;5.0
0;0.6416693;0.16154438;5.0
0;0.735851;0.25504878;5.0
0;0.8206575;0.19281912;5.0
0;0.6804759;0.1350067;5.0
0;0.67529315;0.17383043;5.0
0;0.713515;0.24775906;5.0
0;0.70101523;0.14161055;5.0
0;0.5996749;0.06887344;5.0
0;0.7632766;0.21715981;5.0
0;0.69780475;0.20469873;5.0
0;0.7744375;0.35235295;5.0
0;0.64961743;0.17146009;5.0
0;0.8329986;0.12287794;5.0
0;0.7022267;0.31843987;5.0
0;0.8011926;0.20050062;5.0
0;0.76892185;0.008782833;5.0
0;0.7848494;0.10558805;5.0
0;0.80779135;0.22290519;5.0
0;0.6971683;0.1237718;5.0
0;0.87177664;0.21887876;5.0
0;0.91962856;0.22844511;5.0
0;0.74045783;0.22511075;5.0
0;0.8823325;0.13039547;5.0
0;0.65085113;0.30498475;5.0
0;0.80662215;0.09204977;5.0
0;0.74639696;0.10307775;5.0
0;0.82684296;0.18305564;5.0
0;0.63398606;0.038975243;5.0
0;0.7171052;0.11304067;5.0
0;0.848129;0.39502126;5.0
0;0.7037981;0.15120941;5.0
0;0.68821543;0.18968862;5.0
0;0.64192057;0.018769262;5.0
0;0.85971147;0.10406134;5.0
0;0.6989435;0.06598872;5.0
0;0.7041586;0.08034235;5.0
0;0.74217707;0.0787423;5.0
0;0.6348789;0.29491395;5.0
0;0.77224827;0.13770884;5.0
0;0.70052457;0.13663036;5.0
0;0.7559735;0.12844434;5.0
0;0.8245805;0.117257595;5.0
0;1.0;0.41512057;5.0
0;0.76288533;0.16733694;5.0
0;0.74421114;0.2575911;5.0
0;0.6924427;0.16191171;5.0
0;0.72658944;0.18083158;5.0
0;0.5846406;0.21290094;5.0
0;0.81280893;0.1712888;5.0
0;0.7363313;0.14744753;5.0
0;0.7855523;0.2102095;5.0
0;0.8007566;0.17640348;5.0
0;0.7219665;0.31349468;5.0
0;0.81918997;0.2519439;5.0
0;0.84885055;0.2841821;5.0
0;0.69926256;0.15404645;5.0
0;0.74921554;0.08520469;5.0
0;0.6776842;0.43158424;5.0
0;0.8270167;0.18182181;5.0
0;0.85895383;0.21953566;5.0
0;0.6955659;0.05759432;5.0
0;0.73672134;0.24689282;5.0
0;0.66649073;0.24704936;5.0
0;0.7181611;0.025036437;5.0
0;0.7611413;0.24273744;5.0
0;0.7197055;0.26925763;5.0
0;0.8858202;0.20544639;5.0
0;0.7339617;0.20898215;5.0
0;0.78227603;0.019042373;5.0
0;0.79260474;0.18670759;5.0
0;0.82704;0.14410424;5.0
0;0.8127119;0.13503158;5.0
0;0.7851109;0.14677422;5.0
0;0.78444207;0.27373767;5.0
0;0.93397176;0.3079136;5.0
0;0.6688508;0.25408828;5.0
0;0.7514677;0.15172198;5.0
0;0.7165669;0.02938023;5.0
0;0.7943986;0.16266069;5.0
0;0.73266053;0.18199286;5.0
0;0.7643647;0.32419556;5.0
0;0.72350574;0.26100302;5.0
0;0.76151115;0.039960634;5.0
0;0.8047678;0.1398098;5.0
0;0.8377672;0.24065135;5.0
0;0.79453224;0.19008875;5.0
0;0.840415;0.3155091;5.0
0;0.6328223;0.13779992;5.0
0;0.8433193;0.08747834;5.0
0;0.73971486;0.2604901;5.0
0;0.61898565;0.31069478;5.0
0;0.7506807;0.046395697;5.0
0;0.7221405;0.14335196;5.0
0;0.6919675;0.23515587;5.0
0;0.5318043;0.1994723;5.0
0;0.75836325;0.20354754;5.0
0;0.7405941;0.2852995;5.0
0;0.7159464;0.32273751;5.0
0;0.624413;0.23355705;5.0
0;0.8322371;0.18698084;5.0
