DY
876
2

0;0.007088359;0.0036454212;1.0
0;0.0046934625;0.005264026;1.0
0;0.0040559587;0.0031009172;1.0
0;0.0074882964;0.0048734327;1.0
0;0.005258833;0.005487226;1.0
0;0.0046273842;0.0033728422;1.0
0;0.008524399;0.0039942064;1.0
0;0.0043589454;0.005164991;1.0
0;0.006284298;0.0027011344;1.0
0;0.0017524031;0.0029983502;1.0
0;0.0065868404;0.0043520904;1.0
0;0.0074747195;0.0045103114;1.0
0;0.006307689;0.0034079016;1.0
0;0.0038516314;0.002371743;1.0
0;0.0056490544;0.0010718995;1.0
0;0.0049525667;0.0030827397;1.0
0;0.004844103;0.0048168893;1.0
0;0.0072931577;0.004512099;1.0
0;0.008224799;0.0025226334;1.0
0;0.006214396;0.0046560587;1.0
0;0.006942524;0.0046165497;1.0
0;0.011722551;0.0028195041;1.0
0;0.005534261;0.004358479;1.0
0;0.0024151895;0.005758152;1.0
0;0.0;0.003908319;1.0
0;0.005827551;0.0030108134;1.0
0;0.0036406156;0.0036524714;1.0
0;0.007682066;0.0050370493;1.0
0;0.008388791;0.0045210207;1.0
0;0.0050299196;0.001235412;1.0
0;0.010068307;0.0034735196;1.0
0;0.00923481;0.0033349483;1.0
0;0.0056921435;0.0035914984;1.0
0;0.00629035;0.004539932;1.0
0;0.0071800817;0.0039752997;1.0
0;0.009500012;0.0022181226;1.0
0;0.008446031;0.0049831457;1.0
0;0.0024376323;0.005024229;1.0
0;0.0049696798;0.0047383998;1.0
0;0.0076002595;0.004212674;1.0
0;0.006813449;0.005719092;1.0
0;0.0033873986;0.0047488385;1.0
0;0.0069815116;0.0038025142;1.0
0;0.008169719;0.0044553373;1.0
0;0.0020295384;0.002965634;1.0
0;0.0063201436;0.0050645047;1.0
0;0.004817967;0.0015775462;1.0
0;0.005525677;0.0016687909;1.0
0;0.008635229;0.0017402833;1.0
0;0.006069489;0.0011030087;1.0
0;0.0073912647;0.0012176236;1.0
0;0.006999924;0.0051213745;1.0
0;0.005627537;0.002281543;1.0
0;0.0048066736;0.004159259;1.0
0;0.00902199;0.003211602;1.0
0;0.0061369347;0.0022295692;1.0
0;0.005164651;0.004153584;1.0
0;0.007846549;0.003329233;1.0
0;0.006472054;0.0033431086;1.0
0;0.0030972783;0.0048143533;1.0
0;0.008227153;0.0053652492;1.0
0;0.009863951;0.0064531853;1.0
0;0.008118175;0.0018844435;1.0
0;0.0021316009;0.004572012;1.0
0;0.006477605;0.0051155766;1.0
0;0.0054292344;0.0045165033;1.0
0;0.004470247;0.0033699083;1.0
0;0.0064076683;0.0022057947;1.0
0;0.0027124796;0.0032112242;1.0
0;0.0091532385;0.00314988;1.0
0;0.0039254944;0.0024131099;1.0
0;0.009437384;0.006362347;1.0
0;0.0057557863;0.0043818397;1.0
0;0.0032554881;0.004425327;1.0
0;0.0044625513;0.004231803;1.0
0;0.007689167;0.002340567;1.0
0;0.007051999;0.003822219;1.0
0;0.007949888;0.0068930644;1.0
0;0.0047944295;0.0046231793;1.0
0;0.0059100124;0.004040622;1.0
0;0.005221633;0.0059333355;1.0
0;0.006900243;0.0;1.0
0;0.0036658638;0.0053189304;1.0
0;0.004218625;0.003726025;1.0
0;0.003003527;0.0024700693;1.0
0;0.007955865;0.003571358;1.0
0;0.0051567005;0.004072593;1.0
0;0.003914931;0.0039481423;1.0
0;0.006899268;0.0037335816;1.0
0;0.0032584912;0.005046097;1.0
0;0.005732116;0.0029927648;1.0
0;0.009402561;0.0044272253;1.0
0;0.004586834;0.003512709;1.0
0;0.007864756;0.0034890156;1.0
0;0.0014478675;0.005323018;1.0
0;0.0011198764;0.003233022;1.0
0;0.008655264;0.0020551016;1.0
0;0.0033434061;0.004018054;1.0
0;0.0049157967;0.005155674;1.0
0;0.004225948;0.00413439;1.0
0;0.008028592;0.0032546083;1.0
0;0.0056725056;0.006736878;1.0
0;0.008546374;0.00202637;1.0
0;6.06006E-4;0.004112078;1.0
0;0.008842241;0.0051809144;1.0
0;0.009130481;0.0031198356;1.0
0;0.008117359;0.00398776;1.0
0;0.008052605;0.0028999103;1.0
0;0.008868855;0.0056445664;1.0
0;1.4936518E-4;0.0034675028;1.0
0;0.007074932;0.003845376;1.0
0;0.006118221;0.0037531832;1.0
0;0.00519271;0.004751867;1.0
0;0.0062832288;0.0057433043;1.0
0;0.0060358956;0.0057495213;1.0
0;0.0076705804;0.0026470488;1.0
0;0.005509032;0.0021675646;1.0
0;0.0041776835;0.0053291223;1.0
0;0.0046376013;0.0045793415;1.0
0;0.0068417275;0.0031908464;1.0
0;0.0033703833;0.005038017;1.0
0;0.006024426;0.0055484576;1.0
0;0.0031567381;0.004404319;1.0
0;0.0061358633;0.0019621383;1.0
0;0.0054899864;0.0042788885;1.0
0;0.008192322;0.0030791953;1.0
0;0.0062986244;0.0051586716;1.0
0;0.0041900133;0.0038836;1.0
0;0.009162063;0.0030975926;1.0
0;0.007874563;0.004692896;1.0
0;0.007741527;0.003220062;1.0
0;0.007988249;0.005816515;1.0
0;0.0073262346;0.0033960005;1.0
0;0.005988601;0.0053823697;1.0
0;0.008346747;0.0025977523;1.0
0;0.006307921;0.0048671197;1.0
0;0.009626809;0.0069602155;1.0
0;0.004997497;0.0038925116;1.0
0;0.007672118;0.0028860236;1.0
0;0.006111596;0.0010147805;1.0
0;0.004335342;0.0048472434;1.0
0;0.007647764;0.0054614916;1.0
0;0.0021256632;0.0031485665;1.0
0;0.0025489463;0.0028794382;1.0
0;0.009573539;0.006566937;1.0
0;0.0053003123;0.0039681103;1.0
0;0.007877522;0.0066008163;1.0
0;0.0053037526;0.005363037;1.0
0;0.005630934;0.00544337;1.0
0;0.008252223;0.005786233;1.0
0;0.0043691024;0.002146617;1.0
0;0.006734089;0.005608875;1.0
0;0.004766529;0.0058836997;1.0
0;0.008037771;0.0039370446;1.0
0;0.0014756089;0.004514506;1.0
0;0.0068170032;0.0042682;1.0
0;0.010487068;0.003899491;1.0
0;0.006145777;0.003752756;1.0
0;0.0070420057;0.0031033047;1.0
0;0.0055758962;0.004868376;1.0
0;0.012043943;0.00543177;1.0
0;0.00543374;0.0052658217;1.0
0;0.007643483;0.0054115537;1.0
0;0.008373136;0.002719001;1.0
0;0.0057547744;0.003812618;1.0
0;7.7250774E-4;0.0053572743;1.0
0;0.006222058;0.003858742;1.0
0;0.007400906;0.0045185448;1.0
0;0.0076210233;0.0041620913;1.0
0;0.008882871;0.003661377;1.0
0;0.00518831;0.0039126463;1.0
0;0.005028768;0.004200404;1.0
0;0.0032191665;0.0044848863;1.0
0;0.006271589;0.0027609414;1.0
0;0.0075498587;0.004441101;1.0
0;0.008871805;0.0055419956;1.0
0;0.0062377704;0.0034064294;1.0
0;0.004363372;0.004396329;1.0
0;0.0014233497;0.00371389;1.0
0;0.0047756573;0.0050797244;1.0
0;0.0062935054;0.0037956673;1.0
0;0.0057699624;0.0029608018;1.0
0;0.0067825727;0.003477525;1.0
0;0.005243553;0.00499394;1.0
0;0.0067727584;0.004522669;1.0
0;0.0075657275;0.0028086577;1.0
0;0.0054885694;0.0036416524;1.0
0;0.008718208;0.0033616559;1.0
0;0.007883091;0.0037965113;1.0
0;0.0048268414;9.794747E-4;1.0
0;0.005227008;0.0042337365;1.0
0;0.004901152;0.005063531;1.0
0;0.006929759;0.0035324504;1.0
0;0.005076918;0.0023006492;1.0
0;0.0067743845;0.002565712;1.0
0;0.0080690235;0.0049231416;1.0
0;0.0074148;0.0051037665;1.0
0;0.00586826;0.003669268;1.0
0;0.004818619;0.0035258806;1.0
0;0.0048928354;0.004648003;1.0
0;0.0038404027;0.003347049;1.0
0;0.006901436;0.0034647498;1.0
0;0.0060129557;0.003310245;1.0
0;0.0086466335;0.0064426134;1.0
0;0.0015548901;0.002400305;1.0
0;0.0034936198;0.004153536;1.0
0;0.009896712;0.0069171097;1.0
0;0.0064671827;0.005524808;1.0
0;0.005921905;0.0057268585;1.0
0;0.0048993723;0.0062087914;1.0
0;0.0067743235;0.005073663;1.0
0;0.0020213788;0.002417646;1.0
0;0.0048162015;0.0043115937;1.0
0;0.0055872663;0.0058375844;1.0
0;0.010042324;0.0045832233;1.0
0;0.005416701;0.0022917606;1.0
0;0.004511584;0.0021167286;1.0
0;0.006144052;0.004356671;1.0
0;0.005422595;0.004538517;1.0
0;0.29674536;0.34072423;2.0
0;0.28969666;0.34255433;2.0
0;0.29417768;0.34304288;2.0
0;0.28817058;0.34865454;2.0
0;0.28074446;0.3509807;2.0
0;0.28631145;0.3484282;2.0
0;0.29205963;0.3482593;2.0
0;0.2836736;0.3424117;2.0
0;0.2884782;0.34363595;2.0
0;0.28504604;0.34209964;2.0
0;0.29037583;0.34027448;2.0
0;0.29681015;0.34384933;2.0
0;0.28600448;0.34086385;2.0
0;0.28272396;0.3495747;2.0
0;0.2921801;0.3452029;2.0
0;0.29898962;0.3414987;2.0
0;0.28254148;0.3423127;2.0
0;0.29552564;0.34749004;2.0
0;0.29757383;0.34565765;2.0
0;0.29529363;0.35042027;2.0
0;0.2901517;0.34270447;2.0
0;0.29635337;0.343739;2.0
0;0.30278206;0.34072745;2.0
0;0.27814165;0.34194493;2.0
0;0.29701108;0.34379733;2.0
0;0.29641634;0.34659508;2.0
0;0.28538042;0.34412277;2.0
0;0.2994327;0.3411397;2.0
0;0.2970008;0.3461281;2.0
0;0.28791156;0.3466526;2.0
0;0.2845932;0.34084278;2.0
0;0.28622106;0.3460081;2.0
0;0.29470634;0.34281182;2.0
0;0.28970948;0.34992665;2.0
0;0.2916664;0.34169808;2.0
0;0.28482133;0.34244633;2.0
0;0.29300135;0.35054463;2.0
0;0.29445508;0.3438608;2.0
0;0.2863021;0.35060978;2.0
0;0.29108167;0.3521639;2.0
0;0.2859536;0.35006782;2.0
0;0.29460567;0.34846774;2.0
0;0.30062827;0.34351662;2.0
0;0.2852449;0.34330845;2.0
0;0.28914607;0.34644023;2.0
0;0.28508586;0.35166273;2.0
0;0.28631204;0.34785643;2.0
0;0.27873725;0.34197068;2.0
0;0.29660043;0.3443191;2.0
0;0.29433662;0.3497019;2.0
0;0.28472045;0.34469116;2.0
0;0.29053703;0.34569672;2.0
0;0.28981727;0.346397;2.0
0;0.29860494;0.34747663;2.0
0;0.28524065;0.34549552;2.0
0;0.2800292;0.344765;2.0
0;0.28889573;0.33972776;2.0
0;0.29279077;0.34282738;2.0
0;0.2852703;0.3506421;2.0
0;0.28360173;0.3444381;2.0
0;0.28598487;0.34425968;2.0
0;0.28434435;0.3426343;2.0
0;0.29314333;0.3412205;2.0
0;0.29905182;0.34074286;2.0
0;0.28363562;0.3528515;2.0
0;0.29101148;0.35017833;2.0
0;0.28735527;0.34540367;2.0
0;0.2900105;0.34485468;2.0
0;0.28700915;0.34323743;2.0
0;0.29542843;0.34751913;2.0
0;0.28601676;0.34700027;2.0
0;0.285251;0.34384894;2.0
0;0.2883466;0.3507009;2.0
0;0.2905624;0.34505582;2.0
0;0.2857183;0.34170792;2.0
0;0.28763068;0.34335512;2.0
0;0.30105045;0.35136914;2.0
0;0.28953847;0.34511065;2.0
0;0.29377085;0.3456184;2.0
0;0.29619408;0.33882672;2.0
0;0.28955796;0.33669636;2.0
0;0.28561828;0.3485605;2.0
0;0.28416926;0.34460708;2.0
0;0.29333174;0.34126154;2.0
0;0.28371906;0.34683293;2.0
0;0.2947214;0.34201074;2.0
0;0.2925661;0.34574056;2.0
0;0.28046098;0.3448638;2.0
0;0.28981254;0.34596992;2.0
0;0.28708678;0.3430864;2.0
0;0.2844136;0.3470758;2.0
0;0.29467303;0.34255448;2.0
0;0.29009357;0.34928992;2.0
0;0.28987616;0.34306133;2.0
0;0.28275782;0.34828177;2.0
0;0.27523074;0.34810144;2.0
0;0.29418382;0.3489226;2.0
0;0.28452545;0.34377667;2.0
0;0.28964207;0.34572956;2.0
0;0.28650752;0.34859616;2.0
0;0.29231724;0.34750876;2.0
0;0.28983042;0.35007545;2.0
0;0.29952815;0.34183607;2.0
0;0.29474482;0.34903768;2.0
0;0.28957364;0.34024367;2.0
0;0.2902803;0.34127438;2.0
0;0.28746906;0.347677;2.0
0;0.29302454;0.33499;2.0
0;0.2904644;0.34552088;2.0
0;0.29361555;0.34119055;2.0
0;0.28642815;0.3452404;2.0
0;0.29192787;0.33837596;2.0
0;0.29806116;0.34000498;2.0
0;0.29033673;0.34501868;2.0
0;0.28336927;0.34424907;2.0
0;0.28117773;0.3480317;2.0
0;0.292566;0.34406477;2.0
0;0.28870112;0.34352675;2.0
0;0.28788945;0.34422728;2.0
0;0.29387644;0.34254238;2.0
0;0.29067865;0.3498017;2.0
0;0.28646827;0.34320754;2.0
0;0.2898413;0.3493727;2.0
0;0.28362545;0.33988133;2.0
0;0.28352064;0.34827948;2.0
0;0.28673333;0.34046164;2.0
0;0.29308516;0.3437378;2.0
0;0.29830828;0.3387899;2.0
0;0.28649428;0.34989256;2.0
0;0.28712264;0.3421678;2.0
0;0.2898358;0.3390822;2.0
0;0.2933089;0.3449636;2.0
0;0.28303325;0.34826982;2.0
0;0.30025926;0.3480917;2.0
0;0.29251093;0.33667338;2.0
0;0.29455724;0.3418709;2.0
0;0.29151362;0.34871033;2.0
0;0.28589427;0.34008983;2.0
0;0.28413892;0.34307453;2.0
0;0.29208535;0.34344217;2.0
0;0.2870334;0.34757015;2.0
0;0.2950462;0.34493726;2.0
0;0.29377413;0.34458745;2.0
0;0.28429863;0.34913614;2.0
0;0.29554072;0.34606448;2.0
0;0.29321447;0.3472271;2.0
0;0.28635928;0.34613064;2.0
0;0.29562768;0.34346077;2.0
0;0.28031057;0.347318;2.0
0;0.2845802;0.34763342;2.0
0;0.28947112;0.34364784;2.0
0;0.28090024;0.3412581;2.0
0;0.2962075;0.33685493;2.0
0;0.29599863;0.34538645;2.0
0;0.3003582;0.3427382;2.0
0;0.29327065;0.34727848;2.0
0;0.29010046;0.3452358;2.0
0;0.29334536;0.34425855;2.0
0;0.28296885;0.34826532;2.0
0;0.2948589;0.34132192;2.0
0;0.28553933;0.3432277;2.0
0;0.28945822;0.34661856;2.0
0;0.29181665;0.34827048;2.0
0;0.28949004;0.34658763;2.0
0;0.2880114;0.34745464;2.0
0;0.2965369;0.34697238;2.0
0;0.28734842;0.34811717;2.0
0;0.2865546;0.34465525;2.0
0;0.2903065;0.34719276;2.0
0;0.28782555;0.3438972;2.0
0;0.2932281;0.3472329;2.0
0;0.29199988;0.3367057;2.0
0;0.27966708;0.34733692;2.0
0;0.289545;0.34309834;2.0
0;0.29093036;0.34387273;2.0
0;0.2878218;0.3442914;2.0
0;0.2925197;0.35194775;2.0
0;0.28323945;0.34240183;2.0
0;0.29988602;0.3432196;2.0
0;0.28815117;0.34363702;2.0
0;0.29451618;0.34672052;2.0
0;0.28092697;0.34667498;2.0
0;0.27719784;0.3469687;2.0
0;0.28445566;0.34710553;2.0
0;0.29195076;0.34218988;2.0
0;0.2904547;0.34272033;2.0
0;0.28956664;0.34299174;2.0
0;0.29068607;0.34838778;2.0
0;0.29851797;0.34296316;2.0
0;0.2895888;0.3450676;2.0
0;0.29338428;0.34157902;2.0
0;0.2890828;0.3444849;2.0
0;0.28610656;0.34187868;2.0
0;0.28729773;0.3434173;2.0
0;0.29199833;0.34531116;2.0
0;0.29223004;0.34349796;2.0
0;0.287772;0.3480329;2.0
0;0.28962788;0.34436938;2.0
0;0.29074746;0.34804603;2.0
0;0.2953679;0.34739667;2.0
0;0.28070536;0.3473244;2.0
0;0.29695973;0.34674096;2.0
0;0.2913258;0.34629443;2.0
0;0.29399922;0.34849694;2.0
0;0.2852778;0.349789;2.0
0;0.29288444;0.34724772;2.0
0;0.28524595;0.34986246;2.0
0;0.2865279;0.35010478;2.0
0;0.28934833;0.34176663;2.0
0;0.2910172;0.3421147;2.0
0;0.28687367;0.3463931;2.0
0;0.28178796;0.34582132;2.0
0;0.28587574;0.34707394;2.0
0;0.28803784;0.34678757;2.0
0;0.2834938;0.34304386;2.0
0;0.29659936;0.34447497;2.0
0;0.29632384;0.35263094;2.0
0;0.28534272;0.3452521;2.0
0;0.2927005;0.3452867;2.0
0;0.8607373;0.6516114;3.0
0;0.75577843;0.6810819;3.0
0;0.7464211;0.70987076;3.0
0;0.6783008;0.6618632;3.0
0;0.78089976;0.6258002;3.0
0;0.879849;0.70896035;3.0
0;0.85899484;0.7199582;3.0
0;0.7288317;0.61491764;3.0
0;0.7769841;0.60810184;3.0
0;0.6863545;0.6300741;3.0
0;0.80051804;0.6668089;3.0
0;0.88218206;0.6575308;3.0
0;0.81610227;0.59918076;3.0
0;0.8771749;0.7138684;3.0
0;0.6775178;0.6738319;3.0
0;0.7771132;0.6155295;3.0
0;0.82420605;0.6683609;3.0
0;0.793434;0.59620136;3.0
0;0.82021093;0.68391573;3.0
0;0.846924;0.6200227;3.0
0;0.78187823;0.567966;3.0
0;0.72115904;0.65878594;3.0
0;0.8902594;0.72982156;3.0
0;0.7568042;0.6882823;3.0
0;0.77321166;0.6102151;3.0
0;0.82231367;0.73956287;3.0
0;0.71859545;0.67424643;3.0
0;0.8404907;0.76140976;3.0
0;0.7951403;0.6067112;3.0
0;0.7523426;0.6755999;3.0
0;0.91477674;0.6365168;3.0
0;0.62267077;0.6564178;3.0
0;0.89300656;0.5287941;3.0
0;0.74727833;0.7168423;3.0
0;0.6880111;0.55532444;3.0
0;0.703398;0.75692147;3.0
0;0.77707857;0.6265446;3.0
0;0.66497636;0.6970359;3.0
0;0.8111266;0.64768744;3.0
0;0.7231425;0.6369702;3.0
0;0.7293294;0.6451463;3.0
0;0.6937887;0.6807125;3.0
0;0.7890118;0.7231311;3.0
0;0.9362974;0.72424;3.0
0;0.7594601;0.6539971;3.0
0;0.8107258;0.64047635;3.0
0;0.7356014;0.64651114;3.0
0;0.7524755;0.6661715;3.0
0;0.74588996;0.6771749;3.0
0;0.9475717;0.5495734;3.0
0;0.71450305;0.6356897;3.0
0;0.80790824;0.7758106;3.0
0;0.8350692;0.65505296;3.0
0;0.704543;0.75644654;3.0
0;0.7461598;0.6877999;3.0
0;0.83627063;0.6952278;3.0
0;0.7579803;0.6724265;3.0
0;0.74567956;0.6501635;3.0
0;0.68272084;0.53764;3.0
0;0.7749268;0.6014934;3.0
0;0.7749465;0.6763523;3.0
0;0.7010644;0.68929493;3.0
0;0.9156734;0.6454149;3.0
0;0.7326002;0.6571806;3.0
0;0.8465749;0.69129264;3.0
0;0.74060214;0.68685114;3.0
0;0.90964425;0.58132035;3.0
0;0.8026879;0.68850553;3.0
0;0.7562597;0.63739496;3.0
0;0.697137;0.6200956;3.0
0;0.8182374;0.67696244;3.0
0;0.88912874;0.6803467;3.0
0;0.83891964;0.69045025;3.0
0;0.94673526;0.729864;3.0
0;0.70336497;0.66037995;3.0
0;0.80790997;0.66588223;3.0
0;0.76503825;0.765324;3.0
0;0.95493996;0.6297232;3.0
0;0.69342685;0.67990685;3.0
0;0.79401267;0.5886713;3.0
0;0.64519227;0.6417529;3.0
0;0.747468;0.69251215;3.0
0;0.86470234;0.59429324;3.0
0;0.7128739;0.69880486;3.0
0;0.79358315;0.6650817;3.0
0;0.7509761;0.587848;3.0
0;0.8214046;0.69782126;3.0
0;0.86151046;0.64288676;3.0
0;0.8759518;0.6676639;3.0
0;0.9024182;0.57570237;3.0
0;0.77434206;0.57493556;3.0
0;0.8613807;0.64008665;3.0
0;0.77055687;0.7300859;3.0
0;0.7796824;0.6280994;3.0
0;0.87839955;0.70899457;3.0
0;0.8265627;0.6658064;3.0
0;0.732673;0.6668045;3.0
0;0.7833777;0.6282572;3.0
0;0.84605426;0.6057138;3.0
0;0.6976965;0.6506482;3.0
0;0.71377915;0.63439536;3.0
0;0.8080254;0.7399409;3.0
0;0.90524906;0.68217427;3.0
0;0.72765696;0.62475157;3.0
0;0.92807627;0.71656847;3.0
0;0.81386757;0.6259353;3.0
0;0.77832043;0.6641872;3.0
0;0.8684177;0.5684488;3.0
0;0.7878735;0.71188444;3.0
0;0.8697546;0.6168143;3.0
0;0.7816004;0.6389509;3.0
0;0.8528501;0.5912064;3.0
0;0.91882586;0.6101916;3.0
0;0.690208;0.57881635;3.0
0;0.78102577;0.6222143;3.0
0;0.8188419;0.6521315;3.0
0;0.80769867;0.71216094;3.0
0;0.74097914;0.6473878;3.0
0;0.8803467;0.7298473;3.0
0;0.73200285;0.7389901;3.0
0;0.7526048;0.6745968;3.0
0;0.7395573;0.65124065;3.0
0;0.9350185;0.61315745;3.0
0;0.8088833;0.65664655;3.0
0;0.7233628;0.670578;3.0
0;0.70234555;0.6305429;3.0
0;0.7489968;0.63765794;3.0
0;0.69025224;0.5664497;3.0
0;0.7049238;0.67964184;3.0
0;0.70042783;0.6833112;3.0
0;0.74153054;0.69010055;3.0
0;0.8720112;0.6580779;3.0
0;0.8314455;0.7174258;3.0
0;0.7109795;0.67836666;3.0
0;0.7846197;0.59653157;3.0
0;0.75872403;0.65407455;3.0
0;0.7912017;0.57753116;3.0
0;0.76232475;0.6784186;3.0
0;0.7463134;0.62535876;3.0
0;0.810329;0.63940537;3.0
0;0.7620602;0.6166364;3.0
0;0.7778819;0.75327253;3.0
0;0.7567269;0.7075605;3.0
0;0.7539521;0.68849623;3.0
0;0.70923465;0.5859419;3.0
0;0.7382687;0.6227698;3.0
0;0.8495778;0.62349623;3.0
0;0.7525587;0.7013565;3.0
0;0.6592225;0.6349358;3.0
0;0.80996954;0.7219864;3.0
0;0.9183546;0.71666443;3.0
0;0.7809157;0.71226853;3.0
0;0.74944156;0.73407096;3.0
0;0.7753991;0.693565;3.0
0;0.6270953;0.68742865;3.0
0;0.70310915;0.74667346;3.0
0;0.89513445;0.6516308;3.0
0;0.8571744;0.7973907;3.0
0;0.70645183;0.8261682;3.0
0;0.6321043;0.6333971;3.0
0;0.887949;0.60501754;3.0
0;0.76040685;0.6933406;3.0
0;0.8148847;0.63519955;3.0
0;0.77748865;0.70423865;3.0
0;0.66912025;0.69722617;3.0
0;0.8791488;0.6016077;3.0
0;0.645707;0.56006557;3.0
0;0.73336804;0.6757009;3.0
0;0.9880728;0.6830539;3.0
0;0.6353848;0.5078969;3.0
0;0.73540235;0.7492269;3.0
0;0.647248;0.72886705;3.0
0;0.8204018;0.67103314;3.0
0;0.6834581;0.64508516;3.0
0;0.6611395;0.62606996;3.0
0;0.72898346;0.59493935;3.0
0;0.8739239;0.61674315;3.0
0;0.82472444;0.6589257;3.0
0;0.8664364;0.65862036;3.0
0;0.8622755;0.5570698;3.0
0;0.78018975;0.5390365;3.0
0;0.76471776;0.5896769;3.0
0;0.85058546;0.57958925;3.0
0;0.941788;0.639898;3.0
0;0.6347372;0.59918034;3.0
0;0.9580816;0.65708613;3.0
0;0.89953655;0.7189881;3.0
0;0.81557536;0.694801;3.0
0;0.81392574;0.5578159;3.0
0;0.8526068;0.6779775;3.0
0;0.72318643;0.59468544;3.0
0;0.7135449;0.7185322;3.0
0;0.76399815;0.74607223;3.0
0;0.87887186;0.65212387;3.0
0;0.7807721;0.5986876;3.0
0;0.8290678;0.6189014;3.0
0;0.77720577;0.76064086;3.0
0;0.82337433;0.6783703;3.0
0;0.69186866;0.6673048;3.0
0;0.6770051;0.6700221;3.0
0;0.7894248;0.60582036;3.0
0;0.68611604;0.7264034;3.0
0;0.89884084;0.6566355;3.0
0;0.8349272;0.6533809;3.0
0;0.70054096;0.66679645;3.0
0;0.69785225;0.62234986;3.0
0;0.82142675;0.6178038;3.0
0;0.8457151;0.6249289;3.0
0;0.8746266;0.667002;3.0
0;0.78281814;0.7099254;3.0
0;0.666769;0.699011;3.0
0;0.71672815;0.6329698;3.0
0;0.8370324;0.6875983;3.0
0;0.86258703;0.75116694;3.0
0;0.9362909;0.68425316;3.0
0;0.81596017;0.6530727;3.0
0;1.0;0.6611761;3.0
0;0.8961952;0.77353245;3.0
0;0.7412963;0.69442046;3.0
0;0.64521474;0.884339;4.0
0;0.65464777;0.8325486;4.0
0;0.78459495;0.90578383;4.0
0;0.5952956;0.8065174;4.0
0;0.6789065;0.9307322;4.0
0;0.55318505;0.89856637;4.0
0;0.5119652;0.8528041;4.0
0;0.6452178;0.931202;4.0
0;0.68114907;0.84915745;4.0
0;0.6393424;0.9918555;4.0
0;0.59952515;0.8231622;4.0
0;0.57242197;0.9811166;4.0
0;0.60764754;0.83019054;4.0
0;0.6331246;0.89516395;4.0
0;0.7572102;0.9499723;4.0
0;0.6623062;0.8864709;4.0
0;0.52721226;0.8686784;4.0
0;0.78725904;0.91075265;4.0
0;0.5989436;0.9383524;4.0
0;0.66277283;0.8069659;4.0
0;0.5309737;1.0;4.0
0;0.6171426;0.9248747;4.0
0;0.5506461;0.98732895;4.0
0;0.6417283;0.86039495;4.0
0;0.6366482;0.9673612;4.0
0;0.60173553;0.8403364;4.0
0;0.6705767;0.8818834;4.0
0;0.75332856;0.96548;4.0
0;0.7085655;0.86783934;4.0
0;0.6562754;0.90369856;4.0
0;0.5120514;0.70121753;4.0
0;0.7264792;0.7983609;4.0
0;0.53063977;0.853127;4.0
0;0.6831712;0.9188011;4.0
0;0.5863771;0.84927595;4.0
0;0.7077998;0.86991084;4.0
0;0.6795348;0.8718334;4.0
0;0.6905554;0.762912;4.0
0;0.66524583;0.90823585;4.0
0;0.6596108;0.87455;4.0
0;0.6076981;0.88669014;4.0
0;0.5022973;0.8734717;4.0
0;0.59289545;0.8986903;4.0
0;0.6681967;0.8644609;4.0
0;0.57185054;0.87397045;4.0
0;0.60074663;0.8543184;4.0
0;0.6650264;0.8813015;4.0
0;0.59413475;0.79529864;4.0
0;0.51266056;0.9108101;4.0
0;0.6737217;0.81530887;4.0
0;0.6642054;0.8324238;4.0
0;0.6339827;0.9278365;4.0
0;0.5862357;0.9670305;4.0
0;0.65482146;0.8341935;4.0
0;0.6732454;0.8969669;4.0
0;0.69091654;0.9154011;4.0
0;0.68340546;0.8995502;4.0
0;0.7118013;0.97766113;4.0
0;0.78349745;0.87427557;4.0
0;0.65032583;0.854241;4.0
0;0.6761444;0.8894123;4.0
0;0.5895665;0.85258317;4.0
0;0.68618816;0.8585924;4.0
0;0.7124198;0.8030108;4.0
0;0.59541434;0.8433238;4.0
0;0.664651;0.9285427;4.0
0;0.7326512;0.8312529;4.0
0;0.5996724;0.9631757;4.0
0;0.6971604;0.86136955;4.0
0;0.6013793;0.9232568;4.0
0;0.57597154;0.85652727;4.0
0;0.58009255;0.90548456;4.0
0;0.63966674;0.900893;4.0
0;0.63194925;0.8773544;4.0
0;0.64029956;0.957881;4.0
0;0.40899366;0.8887566;4.0
0;0.66824526;0.8649392;4.0
0;0.7398753;0.8833957;4.0
0;0.62462956;0.8913325;4.0
0;0.55123526;0.8432367;4.0
0;0.6882651;0.92131037;4.0
0;0.62861407;0.9181618;4.0
0;0.7516248;0.87394893;4.0
0;0.57405174;0.8363795;4.0
0;0.6300774;0.90653986;4.0
0;0.67987376;0.958582;4.0
0;0.7174039;0.8547432;4.0
0;0.62588376;0.8261108;4.0
0;0.7590808;0.8402965;4.0
0;0.69987404;0.8547373;4.0
0;0.6541527;0.86356306;4.0
0;0.663795;0.8903238;4.0
0;0.6284339;0.9114663;4.0
0;0.5843476;0.8548656;4.0
0;0.615172;0.9149213;4.0
0;0.5889209;0.86325693;4.0
0;0.6838998;0.9016775;4.0
0;0.61489016;0.86626434;4.0
0;0.61453795;0.81393355;4.0
0;0.6586404;0.8355842;4.0
0;0.58594096;0.85655105;4.0
0;0.6859247;0.8780332;4.0
0;0.6061606;0.8110646;4.0
0;0.6358022;0.9025539;4.0
0;0.5718349;0.90222543;4.0
0;0.57228285;0.91649276;4.0
0;0.7838949;0.87736654;4.0
0;0.7083211;0.86184275;4.0
0;0.5269388;0.86641306;4.0
0;0.745937;0.9282342;4.0
0;0.65181;0.8050212;4.0
0;0.58680505;0.8591411;4.0
0;0.6749906;0.8406582;4.0
0;0.47933283;0.9241722;4.0
0;0.6522381;0.83735996;4.0
0;0.59699935;0.7983986;4.0
0;0.7057649;0.8046546;4.0
0;0.5335244;0.83693504;4.0
0;0.614366;0.8503379;4.0
0;0.6652744;0.85945874;4.0
0;0.668359;0.98463655;4.0
0;0.6943849;0.88954705;4.0
0;0.7681968;0.83604544;4.0
0;0.6594349;0.8278663;4.0
0;0.6523632;0.854887;4.0
0;0.55904925;0.7985017;4.0
0;0.5704411;0.8681833;4.0
0;0.6856229;0.7718248;4.0
0;0.5703927;0.85329723;4.0
0;0.7714201;0.860871;4.0
0;0.6940285;0.8739461;4.0
0;0.5374646;0.8776977;4.0
0;0.5610706;0.9410035;4.0
0;0.61419135;0.833729;4.0
0;0.5497943;0.93082917;4.0
0;0.64603215;0.9487106;4.0
0;0.6396538;0.839309;4.0
0;0.65610456;0.8395254;4.0
0;0.6079289;0.8083097;4.0
0;0.6527313;0.8784605;4.0
0;0.5428663;0.9052868;4.0
0;0.4549756;0.8821938;4.0
0;0.57401234;0.8035139;4.0
0;0.5178196;0.8629346;4.0
0;0.65556383;0.882375;4.0
0;0.7191576;0.86835414;4.0
0;0.640671;0.92000073;4.0
0;0.72167736;0.9127705;4.0
0;0.6727903;0.857587;4.0
0;0.68522346;0.8524032;4.0
0;0.6292097;0.9368899;4.0
0;0.54820466;0.71952015;4.0
0;0.6174281;0.9002946;4.0
0;0.5882932;0.8779982;4.0
0;0.5439252;0.9145203;4.0
0;0.61514777;0.895534;4.0
0;0.6180796;0.86255276;4.0
0;0.57466465;0.8630836;4.0
0;0.6688344;0.85343486;4.0
0;0.5512742;0.84294873;4.0
0;0.47902858;0.92349;4.0
0;0.6193688;0.8536078;4.0
0;0.49401227;0.8781048;4.0
0;0.6345998;0.797796;4.0
0;0.6293606;0.8549937;4.0
0;0.62113404;0.8584556;4.0
0;0.52043784;0.9159302;4.0
0;0.6647513;0.97065014;4.0
0;0.5611676;0.9405135;4.0
0;0.6621683;0.8838997;4.0
0;0.5368578;0.86158854;4.0
0;0.6294514;0.9909201;4.0
0;0.620821;0.8351258;4.0
0;0.6363695;0.90554124;4.0
0;0.7024913;0.86568975;4.0
0;0.540773;0.8863259;4.0
0;0.6683101;0.8823176;4.0
0;0.69683874;0.9102629;4.0
0;0.71661615;0.82715917;4.0
0;0.69592816;0.95483863;4.0
0;0.59509003;0.8273346;4.0
0;0.63752073;0.8500126;4.0
0;0.58295095;0.81956;4.0
0;0.6082541;0.9396485;4.0
0;0.5367704;0.91079396;4.0
0;0.78733724;0.8641484;4.0
0;0.70544076;0.82914203;4.0
0;0.70313925;0.920686;4.0
0;0.8449284;0.80256706;4.0
0;0.59760046;0.8849513;4.0
0;0.5908603;0.85213625;4.0
0;0.6129685;0.9013357;4.0
0;0.5761882;0.95491385;4.0
0;0.69261956;0.8767398;4.0
0;0.6339689;0.9248722;4.0
0;0.61575556;0.9293652;4.0
0;0.6034315;0.8174162;4.0
0;0.61769944;0.9966989;4.0
0;0.6067786;0.8256338;4.0
0;0.6261982;0.80799013;4.0
0;0.6424544;0.8789043;4.0
0;0.78241986;0.88051814;4.0
0;0.5370571;0.8610075;4.0
0;0.60495454;0.8526848;4.0
0;0.5894599;0.8834764;4.0
0;0.5991305;0.87730086;4.0
0;0.65775;0.81328976;4.0
0;0.5258889;0.86333525;4.0
0;0.66109806;0.8534842;4.0
0;0.6318066;0.8320081;4.0
0;0.5899403;0.9258581;4.0
0;0.5984377;0.8905269;4.0
0;0.5820081;0.92501926;4.0
0;0.75069916;0.8356131;4.0
0;0.49376398;0.9441279;4.0
0;0.64223415;0.75044096;4.0
0;0.53844124;0.9396603;4.0
0;0.6418961;0.94863206;4.0
0;0.6346299;0.93363434;4.0
