DY
1002
2

0;0.21557081;0.6633015;1.0
0;0.21242775;0.7017521;1.0
0;0.12934096;0.67957073;1.0
0;0.060435034;0.677237;1.0
0;0.1898752;0.6900274;1.0
0;0.158767;0.659966;1.0
0;0.11876242;0.6579095;1.0
0;0.16363296;0.66888726;1.0
0;0.1299029;0.65646315;1.0
0;0.18706296;0.68426454;1.0
0;0.11417354;0.6583135;1.0
0;0.17750014;0.6760892;1.0
0;0.22908643;0.6803471;1.0
0;0.18291293;0.67214847;1.0
0;0.1587006;0.6630571;1.0
0;0.15719694;0.68219894;1.0
0;0.18087475;0.6720811;1.0
0;0.12087593;0.62947494;1.0
0;0.17045812;0.6828453;1.0
0;0.21730387;0.66897774;1.0
0;0.1410179;0.6767065;1.0
0;0.16934521;0.6529441;1.0
0;0.1908683;0.6901168;1.0
0;0.10985607;0.6528677;1.0
0;0.11682842;0.6695257;1.0
0;0.11680216;0.6531166;1.0
0;0.17768249;0.65949386;1.0
0;0.11342705;0.6749586;1.0
0;0.192147;0.6918701;1.0
0;0.2604449;0.6638348;1.0
0;0.2401485;0.6885217;1.0
0;0.20111217;0.69824725;1.0
0;0.14366278;0.674255;1.0
0;0.067857206;0.6723504;1.0
0;0.18703437;0.69622976;1.0
0;0.16213763;0.6445764;1.0
0;0.11258748;0.6583122;1.0
0;0.18039313;0.6716499;1.0
0;0.20140472;0.69143564;1.0
0;0.1500476;0.63824135;1.0
0;0.16742903;0.67483264;1.0
0;0.27392998;0.6729494;1.0
0;0.095014125;0.6637362;1.0
0;0.21866444;0.6914557;1.0
0;0.18256173;0.6671461;1.0
0;0.20432356;0.6495515;1.0
0;0.15084732;0.6862223;1.0
0;0.2064807;0.6580175;1.0
0;0.09703801;0.64716303;1.0
0;0.047314074;0.6613642;1.0
0;0.14917088;0.6809327;1.0
0;0.15075344;0.6709093;1.0
0;0.16718288;0.65954375;1.0
0;0.11059522;0.68685156;1.0
0;0.16197829;0.67902654;1.0
0;0.073343895;0.6923203;1.0
0;0.2644624;0.6850883;1.0
0;0.22302713;0.67781013;1.0
0;0.044627532;0.65598106;1.0
0;0.15425421;0.632903;1.0
0;0.09143284;0.6577298;1.0
0;0.22851966;0.6851599;1.0
0;0.089080594;0.6708778;1.0
0;0.25417987;0.6493738;1.0
0;0.1133604;0.6831614;1.0
0;0.27932662;0.68167377;1.0
0;0.10245326;0.67017454;1.0
0;0.11333963;0.65386385;1.0
0;0.0994793;0.65184796;1.0
0;0.19782466;0.68478745;1.0
0;0.1645416;0.6861799;1.0
0;0.14252989;0.6556287;1.0
0;0.13155498;0.6779364;1.0
0;0.06351864;0.66157;1.0
0;0.09897016;0.64702606;1.0
0;0.19368915;0.67434597;1.0
0;0.031838942;0.7051323;1.0
0;0.18549487;0.6505684;1.0
0;0.07354903;0.6792381;1.0
0;0.22225341;0.686049;1.0
0;0.04439634;0.65921247;1.0
0;0.20008045;0.6665631;1.0
0;0.17409302;0.64364785;1.0
0;0.18127652;0.65721613;1.0
0;0.07482819;0.6513584;1.0
0;0.119819716;0.68490124;1.0
0;0.24755523;0.632985;1.0
0;0.102121815;0.6735656;1.0
0;0.16464789;0.6622238;1.0
0;0.12572938;0.65506184;1.0
0;0.123565175;0.68114984;1.0
0;0.22745487;0.6657596;1.0
0;0.1322715;0.6596145;1.0
0;0.07294287;0.6536401;1.0
0;0.13827707;0.66443527;1.0
0;0.13478164;0.6448022;1.0
0;0.12171184;0.68565845;1.0
0;0.26378065;0.647277;1.0
0;0.20599255;0.66153544;1.0
0;0.010581142;0.65492857;1.0
0;0.27842298;0.68602854;1.0
0;0.0924674;0.6677874;1.0
0;0.10952209;0.6744787;1.0
0;0.20463379;0.6810558;1.0
0;0.15820453;0.6928369;1.0
0;0.17297256;0.6649083;1.0
0;0.10088723;0.66454124;1.0
0;0.19394681;0.65165174;1.0
0;0.17442441;0.6686964;1.0
0;0.18445472;0.67456436;1.0
0;0.08893022;0.6675656;1.0
0;0.20663983;0.64604205;1.0
0;0.24434745;0.68343765;1.0
0;0.15973601;0.6789389;1.0
0;0.17764717;0.6741408;1.0
0;0.12985311;0.6592701;1.0
0;0.14960738;0.65961194;1.0
0;0.16140135;0.6706301;1.0
0;0.120828755;0.6843621;1.0
0;0.1988369;0.66453344;1.0
0;0.13847174;0.68614715;1.0
0;0.101435535;0.67191523;1.0
0;0.109021895;0.6611915;1.0
0;0.20692691;0.6658607;1.0
0;0.16199458;0.6603394;1.0
0;0.25867066;0.661568;1.0
0;0.15239789;0.6572782;1.0
0;0.18792808;0.68285054;1.0
0;0.04518544;0.6836828;1.0
0;0.070781566;0.67410487;1.0
0;0.1398049;0.64439774;1.0
0;0.1477382;0.6637526;1.0
0;0.17241172;0.6790414;1.0
0;0.0;0.6572985;1.0
0;0.17324135;0.6850371;1.0
0;0.16738272;0.64653885;1.0
0;0.15095891;0.6588246;1.0
0;0.10610616;0.66392124;1.0
0;0.15413174;0.6597354;1.0
0;0.16909316;0.6584473;1.0
0;0.10269829;0.6502352;1.0
0;0.21344407;0.68966895;1.0
0;0.17246991;0.6657357;1.0
0;0.0914157;0.6659959;1.0
0;0.11516011;0.6602982;1.0
0;0.17250982;0.65411323;1.0
0;0.08843511;0.6588488;1.0
0;0.21570908;0.6847301;1.0
0;0.18830141;0.6650387;1.0
0;0.130375;0.6721021;1.0
0;0.17461734;0.6800256;1.0
0;0.1875085;0.6770038;1.0
0;0.11830301;0.6786912;1.0
0;0.24034221;0.688629;1.0
0;0.19191676;0.64908797;1.0
0;0.3059041;0.64606893;1.0
0;0.13896641;0.6729879;1.0
0;0.12273425;0.6601635;1.0
0;0.20740592;0.65644217;1.0
0;0.16993244;0.65166795;1.0
0;0.13767686;0.6660817;1.0
0;0.14514071;0.67914426;1.0
0;0.1604511;0.6545684;1.0
0;0.2627591;0.66327745;1.0
0;0.22354925;0.66483897;1.0
0;0.20203811;0.68135285;1.0
0;0.17231703;0.64847606;1.0
0;0.22171018;0.68215054;1.0
0;0.1905581;0.6603283;1.0
0;0.1516813;0.6488117;1.0
0;0.1384524;0.6614639;1.0
0;0.1656597;0.69307876;1.0
0;0.1086912;0.65132946;1.0
0;0.20088412;0.6823439;1.0
0;0.18927155;0.6705281;1.0
0;0.14752814;0.7164799;1.0
0;0.16353263;0.6681164;1.0
0;0.070967406;0.6590786;1.0
0;0.09547244;0.67931825;1.0
0;0.20873076;0.6689622;1.0
0;0.074119985;0.6605833;1.0
0;0.13568382;0.6849028;1.0
0;0.17482856;0.679682;1.0
0;0.15260123;0.64868;1.0
0;0.07966629;0.6518449;1.0
0;0.1384779;0.63823533;1.0
0;0.1551647;0.6788044;1.0
0;0.15923052;0.6604255;1.0
0;0.18301097;0.67161155;1.0
0;0.058911365;0.6384356;1.0
0;0.192017;0.6678922;1.0
0;0.12246346;0.67119056;1.0
0;0.18158902;0.6561384;1.0
0;0.11500907;0.6724605;1.0
0;0.23240095;0.6724742;1.0
0;0.15270133;0.69127905;1.0
0;0.14915931;0.6538792;1.0
0;0.17779464;0.6819333;1.0
0;0.1561768;0.6755027;1.0
0;0.2183872;0.6545156;1.0
0;0.24640219;0.6621916;1.0
0;0.124408446;0.6999375;1.0
0;0.23291463;0.67636424;1.0
0;0.16648278;0.669487;1.0
0;0.13762483;0.6763689;1.0
0;0.16610846;0.64057916;1.0
0;0.19662686;0.67538625;1.0
0;0.18440184;0.66934156;1.0
0;0.18248178;0.6533371;1.0
0;0.073713206;0.65304756;1.0
0;0.11017855;0.6943254;1.0
0;0.20418024;0.67863506;1.0
0;0.24863665;0.6639633;1.0
0;0.19366352;0.67855877;1.0
0;0.089720234;0.6700327;1.0
0;0.20593038;0.66464025;1.0
0;0.17810301;0.699124;1.0
0;0.24212828;0.6424656;1.0
0;0.15787646;0.66640896;1.0
0;0.22443758;0.6810371;1.0
0;0.21197858;0.65491754;1.0
0;0.10399661;0.6655687;1.0
0;0.26951793;0.6764532;1.0
0;0.17803425;0.657841;1.0
0;0.16517043;0.66308933;1.0
0;0.13602437;0.6792178;1.0
0;0.20912546;0.6800316;1.0
0;0.20334148;0.67911327;1.0
0;0.27359805;0.64299184;1.0
0;0.11112334;0.68291926;1.0
0;0.1307419;0.67666936;1.0
0;0.08187974;0.6809983;1.0
0;0.2518188;0.65288043;1.0
0;0.12598146;0.6749781;1.0
0;0.16325091;0.647465;1.0
0;0.27515122;0.6433392;1.0
0;0.11450125;0.65628874;1.0
0;0.09016764;0.6549817;1.0
0;0.12044466;0.6727603;1.0
0;0.32859275;0.658355;1.0
0;0.24425398;0.6555056;1.0
0;0.1481195;0.66952497;1.0
0;0.22094133;0.65955865;1.0
0;0.24056984;0.6473213;1.0
0;0.112941064;0.6476336;1.0
0;0.07281861;0.67604244;1.0
0;0.16809349;0.67028457;1.0
0;0.2083952;0.67261213;1.0
0;0.18663958;0.66647416;1.0
0;0.1363098;0.6774202;1.0
0;0.16588217;0.68084246;1.0
0;0.14240812;0.6653364;1.0
0;0.119827405;0.69016874;1.0
0;0.16336809;0.6652203;1.0
0;0.03242239;0.68457377;1.0
0;0.075039715;0.67126673;1.0
0;0.20196241;0.66622925;1.0
0;0.19852845;0.66897553;1.0
0;0.15955447;0.6995612;1.0
0;0.13847561;0.7009826;1.0
0;0.06635734;0.6532986;1.0
0;0.20917855;0.6823751;1.0
0;0.19221525;0.6662393;1.0
0;0.09673713;0.6825704;1.0
0;0.21822523;0.65919805;1.0
0;0.06944192;0.6834851;1.0
0;0.19437762;0.64757156;1.0
0;0.07621865;0.67523634;1.0
0;0.22006097;0.6814193;1.0
0;0.11016974;0.67329293;1.0
0;0.1735376;0.64786214;1.0
0;0.07531399;0.6927392;1.0
0;0.17084585;0.68110305;1.0
0;0.08903512;0.6526879;1.0
0;0.094921455;0.64715004;1.0
0;0.35067686;0.6524473;1.0
0;0.123362884;0.6757586;1.0
0;0.17944783;0.67509156;1.0
0;0.17172231;0.6710564;1.0
0;0.17790318;0.6656696;1.0
0;0.17728274;0.6481816;1.0
0;0.18528455;0.66933894;1.0
0;0.09749923;0.6765455;1.0
0;0.18164495;0.6453239;1.0
0;0.16978168;0.6662761;1.0
0;0.13873701;0.6639384;1.0
0;0.24187744;0.67931753;1.0
0;0.14793916;0.6718256;1.0
0;0.23760459;0.66104585;1.0
0;0.049990762;0.6554524;1.0
0;0.14627396;0.67648333;1.0
0;0.21786968;0.6576707;1.0
0;0.13990538;0.6531446;1.0
0;0.23148921;0.6505649;1.0
0;0.13659537;0.6820529;1.0
0;0.14456066;0.68973416;1.0
0;0.14635728;0.6824905;1.0
0;0.171562;0.6668491;1.0
0;0.12687811;0.66485846;1.0
0;0.1917177;0.6621832;1.0
0;0.21102056;0.65993917;1.0
0;0.10637065;0.66726327;1.0
0;0.19363579;0.68019867;1.0
0;0.12800314;0.6740161;1.0
0;0.18841374;0.67550755;1.0
0;0.1697115;0.67226595;1.0
0;0.2169077;0.6711015;1.0
0;0.1580356;0.66842604;1.0
0;0.19117473;0.6699066;1.0
0;0.21089676;0.66022825;1.0
0;0.14237937;0.6859422;1.0
0;0.118701264;0.6811546;1.0
0;0.035181694;0.66969144;1.0
0;0.21228094;0.6918166;1.0
0;0.26259315;0.6903835;1.0
0;0.12528789;0.66434497;1.0
0;0.07230176;0.6655874;1.0
0;0.13305448;0.66578454;1.0
0;0.1503364;0.67557883;1.0
0;0.18463768;0.6930834;1.0
0;0.2615787;0.661389;1.0
0;0.11939521;0.6823937;1.0
0;0.10813598;0.67675847;1.0
0;0.119339;0.66464144;1.0
0;0.1509628;0.66117024;1.0
0;0.19014293;0.6627859;1.0
0;0.16565056;0.65849024;1.0
0;0.15654473;0.66428006;1.0
0;0.13359982;0.64651376;1.0
0;0.19085133;0.6971622;1.0
0;0.122159585;0.6736619;1.0
0;0.18444717;0.644107;1.0
0;0.09749636;0.656273;1.0
0;0.15501165;0.6693601;1.0
0;2.1265864;0.19264196;2.0
0;2.0337658;0.30179587;2.0
0;1.7378265;0.34007916;2.0
0;1.713487;0.24416006;2.0
0;1.698552;0.26809403;2.0
0;1.3465494;0.14135973;2.0
0;1.5986818;0.2161928;2.0
0;1.9222788;0.19017199;2.0
0;1.8780376;0.22995056;2.0
0;1.8925903;0.24908768;2.0
0;1.4782021;0.15038872;2.0
0;2.3353422;0.21434341;2.0
0;1.3135635;0.14300384;2.0
0;2.116805;0.15018117;2.0
0;1.5362189;0.11629605;2.0
0;1.8432782;0.14712088;2.0
0;1.898398;0.11206105;2.0
0;1.980648;0.09740224;2.0
0;1.7021706;0.3009923;2.0
0;1.7086203;0.2228995;2.0
0;2.1196086;0.28802717;2.0
0;1.5153207;0.20386815;2.0
0;1.6155598;0.2462318;2.0
0;1.8344604;0.24568594;2.0
0;1.7847621;0.12662207;2.0
0;1.5532345;0.24392825;2.0
0;1.2828789;0.28274125;2.0
0;1.8285286;0.2470852;2.0
0;1.0564432;0.18008307;2.0
0;1.7074171;0.0;2.0
0;1.9156042;0.18620092;2.0
0;1.5792544;0.12136466;2.0
0;1.7353988;0.15525319;2.0
0;1.6204853;0.20118284;2.0
0;1.8126745;0.32289055;2.0
0;1.6906803;0.30948687;2.0
0;2.1599798;0.21618661;2.0
0;2.3676684;0.33758634;2.0
0;1.7855678;0.16270237;2.0
0;1.6545159;0.30694553;2.0
0;1.7972248;0.2148893;2.0
0;1.6033105;0.3309593;2.0
0;1.6827023;0.18350917;2.0
0;1.3949045;0.15931167;2.0
0;1.5561956;0.1001651;2.0
0;1.9474713;0.18193379;2.0
0;1.8395327;0.03165406;2.0
0;2.059866;0.14075585;2.0
0;1.7529461;0.18828887;2.0
0;1.8710855;0.16030265;2.0
0;2.0355873;0.16662093;2.0
0;1.9014037;0.17752886;2.0
0;1.8650944;0.24071819;2.0
0;1.2908269;0.18211445;2.0
0;1.7397741;0.27786282;2.0
0;1.6251678;0.28243017;2.0
0;2.1393049;0.18052216;2.0
0;1.8173037;0.2508714;2.0
0;1.817252;0.16685057;2.0
0;1.3165526;0.19982782;2.0
0;1.6854241;0.25433472;2.0
0;1.7637798;0.1660634;2.0
0;1.3862854;0.28130758;2.0
0;1.9222764;0.20965497;2.0
0;1.4360911;0.070632935;2.0
0;1.6116356;0.118829586;2.0
0;1.7482892;0.18771619;2.0
0;1.785942;0.16170041;2.0
0;1.8430583;0.2630864;2.0
0;1.8780745;0.06967469;2.0
0;1.7905083;0.17030746;2.0
0;1.8073504;0.2937939;2.0
0;1.785194;0.13397098;2.0
0;1.7056731;0.16822663;2.0
0;2.0297122;0.21039157;2.0
0;1.4619422;0.15865466;2.0
0;1.5779269;0.16529118;2.0
0;1.9228296;0.28968865;2.0
0;2.2333632;0.119981;2.0
0;1.8826518;0.18665953;2.0
0;1.8567855;0.2563155;2.0
0;1.7989694;0.14046854;2.0
0;1.5759255;0.22988914;2.0
0;1.4791226;0.21267433;2.0
0;1.8210402;0.11827763;2.0
0;1.1773895;0.17242397;2.0
0;1.5288757;0.26204646;2.0
0;1.8135605;0.2688624;2.0
0;1.351007;0.24438386;2.0
0;1.3596249;0.19052643;2.0
0;1.5779041;0.19284213;2.0
0;1.8276714;0.18252207;2.0
0;1.5169947;0.25243586;2.0
0;1.9726665;0.18639754;2.0
0;1.6956764;0.32872543;2.0
0;1.1716907;0.2664892;2.0
0;1.5076643;0.037380997;2.0
0;1.8966941;0.1922907;2.0
0;1.7344738;0.09737382;2.0
0;1.9031407;0.2512032;2.0
0;1.8228446;0.24039878;2.0
0;1.6044819;0.27936852;2.0
0;1.8440542;0.17745386;2.0
0;1.8271117;0.1887261;2.0
0;1.8191389;0.17840101;2.0
0;2.132992;0.11583996;2.0
0;2.0427177;0.15891537;2.0
0;1.4325416;0.08640052;2.0
0;1.4447402;0.13913278;2.0
0;1.6523238;0.28070635;2.0
0;1.6182287;0.27741602;2.0
0;1.4454356;0.45491213;2.0
0;1.3822212;0.35515323;2.0
0;1.7507777;0.124684334;2.0
0;1.5221734;0.15074877;2.0
0;1.678737;0.18199553;2.0
0;1.7698624;0.17038794;2.0
0;1.6954097;0.15838414;2.0
0;2.1564043;0.21602012;2.0
0;1.8451191;0.12927498;2.0
0;1.6355188;0.14564675;2.0
0;2.0197713;0.22086674;2.0
0;1.5800134;0.19725965;2.0
0;1.7247412;0.1671419;2.0
0;1.74357;0.2184144;2.0
0;1.9524928;0.21857262;2.0
0;2.3165545;0.19059701;2.0
0;1.7528886;0.18178706;2.0
0;1.997837;0.15813094;2.0
0;1.8264129;0.28081325;2.0
0;1.8366001;0.13157533;2.0
0;1.3789155;0.15423408;2.0
0;1.9229143;0.16419506;2.0
0;1.3583235;0.21445787;2.0
0;2.051803;0.111572035;2.0
0;1.3135462;0.2649753;2.0
0;2.2110555;0.11049589;2.0
0;1.6965169;0.18619606;2.0
0;2.1917539;0.12564757;2.0
0;1.9242799;0.11644743;2.0
0;1.981252;0.0995841;2.0
0;1.8620867;0.1519249;2.0
0;1.969805;0.23423891;2.0
0;1.7596235;0.2284127;2.0
0;1.5673246;0.21133977;2.0
0;1.7682949;0.21239728;2.0
0;1.5506815;0.10106239;2.0
0;1.9464653;0.35351545;2.0
0;1.929565;0.14486879;2.0
0;2.2588189;0.15588093;2.0
0;1.9520525;0.22636414;2.0
0;1.363678;0.35192022;2.0
0;1.7413177;0.28150666;2.0
0;1.8301849;0.19062671;2.0
0;1.797716;0.36891294;2.0
0;1.846457;0.25324473;2.0
0;1.3651162;0.23106486;2.0
0;2.1460245;0.099387966;2.0
0;1.7323904;0.23210959;2.0
0;1.4647973;0.13902186;2.0
0;2.0705068;0.11250155;2.0
0;1.9188801;0.1411724;2.0
0;2.0358207;0.32327798;2.0
0;2.0505786;0.1444054;2.0
0;1.6389086;0.20421512;2.0
0;1.7109607;0.28712258;2.0
0;1.3398677;0.16730918;2.0
0;1.6464014;0.21652241;2.0
0;1.5986693;0.2680913;2.0
0;1.8297764;0.23435545;2.0
0;1.5768228;0.24969232;2.0
0;1.9441481;0.18857968;2.0
0;2.2580123;0.1857366;2.0
0;1.9131067;0.26533964;2.0
0;1.6720864;0.08758999;2.0
0;1.8979305;0.2860608;2.0
0;2.0195546;0.22781081;2.0
0;1.5783352;0.39141086;2.0
0;2.320894;0.15645763;2.0
0;1.9056245;0.32221958;2.0
0;1.5168527;0.18893535;2.0
0;1.6561807;0.11137029;2.0
0;2.08336;0.16461685;2.0
0;1.5455552;0.23109911;2.0
0;1.9775956;0.21726325;2.0
0;1.620418;0.22547546;2.0
0;1.9171816;0.19370817;2.0
0;1.4738863;0.19103096;2.0
0;2.1377192;0.06784776;2.0
0;1.3571451;0.20892146;2.0
0;1.9998593;0.17304169;2.0
0;1.4792039;0.10059688;2.0
0;1.9788951;0.18615955;2.0
0;1.8997381;0.09277054;2.0
0;1.8378397;0.17434035;2.0
0;1.5857831;0.11083035;2.0
0;1.2678875;0.1927192;2.0
0;1.5526042;0.19649188;2.0
0;2.0501552;0.15833703;2.0
0;1.5049136;0.11266976;2.0
0;1.8442419;0.24542567;2.0
0;1.6258454;0.12185355;2.0
0;1.7672955;0.12779899;2.0
0;1.9202777;0.2682841;2.0
0;1.7991911;0.06456163;2.0
0;1.5522088;0.22827624;2.0
0;1.8422306;0.13357109;2.0
0;1.8615875;0.15722199;2.0
0;2.0000196;0.32555056;2.0
0;1.5768118;0.24095719;2.0
0;1.2179496;0.17025469;2.0
0;1.5956528;0.26332876;2.0
0;1.5969534;0.1746213;2.0
0;1.7738466;0.28995314;2.0
0;1.6546605;0.2069291;2.0
0;1.6175857;0.24468085;2.0
0;2.3077528;0.2769346;2.0
0;1.6646432;0.17708407;2.0
0;1.6956862;0.25410908;2.0
0;1.7392378;0.20388569;2.0
0;0.98097426;0.23988302;2.0
0;1.9928858;0.29281175;2.0
0;2.0632102;0.15940717;2.0
0;2.2052093;0.1696234;2.0
0;1.9273617;0.09220117;2.0
0;1.7969799;0.31223843;2.0
0;1.5594219;0.19336508;2.0
0;1.653396;0.2574945;2.0
0;2.2924461;0.15896288;2.0
0;1.3997728;0.2240073;2.0
0;1.6805174;0.109447576;2.0
0;1.8441612;0.21643388;2.0
0;0.94642985;0.16864687;2.0
0;1.680998;0.22681713;2.0
0;1.6421402;0.09507059;2.0
0;1.6785618;0.1386051;2.0
0;1.7929152;0.21615523;2.0
0;1.5447147;0.1430396;2.0
0;1.553253;0.13981016;2.0
0;1.2191958;0.29718223;2.0
0;1.7508535;0.14813419;2.0
0;2.0230312;0.28128454;2.0
0;1.755309;0.16162652;2.0
0;1.4019238;0.16367643;2.0
0;1.314374;0.23447289;2.0
0;1.2503293;0.27116358;2.0
0;1.5943253;0.24035954;2.0
0;1.4282563;0.22765401;2.0
0;1.860869;0.28471413;2.0
0;1.8687276;0.26608315;2.0
0;1.5619814;0.09478522;2.0
0;1.7888384;0.25804144;2.0
0;1.6372911;0.15459087;2.0
0;1.943267;0.14742751;2.0
0;1.5309694;0.23749906;2.0
0;1.6334767;0.2619966;2.0
0;1.3738121;0.12595314;2.0
0;1.6883649;0.15476558;2.0
0;2.2571418;0.13979912;2.0
0;1.8036935;0.17296235;2.0
0;1.6972008;0.07557908;2.0
0;2.044478;0.27126956;2.0
0;1.5114498;0.18603876;2.0
0;1.9641367;0.11068964;2.0
0;1.4281245;0.19318216;2.0
0;1.8617313;0.171951;2.0
0;1.9625989;0.21593063;2.0
0;1.5101858;0.26278296;2.0
0;1.7744913;0.18458413;2.0
0;1.8688866;0.16182385;2.0
0;1.5626384;0.110711336;2.0
0;2.1739724;0.09332855;2.0
0;1.6778513;0.22324696;2.0
0;1.5052869;0.22962926;2.0
0;1.6584275;0.19073118;2.0
0;1.43646;0.19839856;2.0
0;1.3401424;0.2475789;2.0
0;1.6625552;0.18429306;2.0
0;1.8645184;0.2111991;2.0
0;1.5142292;0.19886102;2.0
0;2.0391483;0.2647865;2.0
0;2.0646315;0.2556916;2.0
0;1.5050052;0.21789157;2.0
0;2.3077044;0.19649406;2.0
0;1.8759322;0.11693936;2.0
0;2.2191207;0.18069367;2.0
0;1.5658412;0.034308683;2.0
0;2.0887704;0.16227053;2.0
0;1.7972057;0.155818;2.0
0;1.7921866;0.24235906;2.0
0;1.5169693;0.22128668;2.0
0;1.8445189;0.34034464;2.0
0;1.2741266;0.13838686;2.0
0;1.7824978;0.19094947;2.0
0;1.8290665;0.2378595;2.0
0;1.4590833;0.17506932;2.0
0;1.4972521;0.18318889;2.0
0;1.1981797;0.14017217;2.0
0;1.8765543;0.18578517;2.0
0;1.5164285;0.19402735;2.0
0;1.8629858;0.108284846;2.0
0;1.3303924;0.18117885;2.0
0;1.8116186;0.12058073;2.0
0;2.282654;0.20934552;2.0
0;2.0670505;0.3047556;2.0
0;1.8755883;0.15450363;2.0
0;1.9280729;0.15107255;2.0
0;1.9517217;0.15704666;2.0
0;1.6870114;0.1864318;2.0
0;2.120082;0.17321832;2.0
0;1.4072946;0.15999532;2.0
0;1.5576969;0.19613297;2.0
0;1.9088012;0.19438507;2.0
0;1.6555632;0.14925069;2.0
0;1.8983467;0.2182564;2.0
0;1.9459051;0.16681503;2.0
0;1.5564765;0.1607518;2.0
0;1.5581211;0.15776828;2.0
0;1.7013127;0.20494439;2.0
0;1.5843118;0.1386375;2.0
0;1.3859906;0.28167814;2.0
0;1.4718118;0.23969604;2.0
0;1.5736465;0.21070614;2.0
0;2.162902;0.21556872;2.0
0;1.8556591;0.20607843;2.0
0;1.5639769;0.18789619;2.0
0;1.826836;0.17700015;2.0
0;1.6854599;0.25786778;2.0
0;2.0989003;0.27169862;2.0
0;1.4861133;0.20288904;2.0
0;2.0137014;0.24019137;2.0
0;2.2545815;0.12132135;2.0
0;2.0211828;0.12752043;2.0
0;1.9096774;0.12751852;2.0
0;2.9987833;0.8024993;3.0
0;3.1936812;0.799726;3.0
0;3.5011935;0.759023;3.0
0;3.067497;0.6228038;3.0
0;2.7130387;0.8115941;3.0
0;3.0039546;0.61546946;3.0
0;3.0617108;0.5989655;3.0
0;3.1373456;0.7569164;3.0
0;3.3565392;0.754068;3.0
0;2.9809713;0.8010408;3.0
0;2.7335382;0.6554318;3.0
0;2.5380769;0.62855506;3.0
0;2.9681153;0.71989554;3.0
0;3.3619883;0.6023827;3.0
0;2.9374201;0.8171679;3.0
0;3.1529748;0.6171657;3.0
0;2.783467;0.71861345;3.0
0;2.9755673;0.68129843;3.0
0;3.4416478;0.6922998;3.0
0;3.1750882;0.5788743;3.0
0;2.6227283;0.74168855;3.0
0;2.798343;0.6802521;3.0
0;2.8053849;0.701772;3.0
0;3.2354107;0.65644467;3.0
0;3.1101308;0.7405872;3.0
0;2.42956;0.62384176;3.0
0;3.1648817;0.8975541;3.0
0;2.8066022;0.62559444;3.0
0;3.2680702;0.76426977;3.0
0;2.5204751;0.57120824;3.0
0;3.2663581;0.7532189;3.0
0;2.7397156;0.6425489;3.0
0;2.5231855;0.672726;3.0
0;2.7556353;0.7443324;3.0
0;3.3405552;0.5028517;3.0
0;3.2156165;0.69634485;3.0
0;3.3243515;0.69171536;3.0
0;2.8959844;0.7794894;3.0
0;2.3442044;0.68545943;3.0
0;3.214122;0.63391465;3.0
0;3.101012;0.6386314;3.0
0;2.7063715;0.7230512;3.0
0;2.9990695;0.695932;3.0
0;2.2606585;0.76412684;3.0
0;3.858697;0.7138562;3.0
0;3.1563277;0.65814346;3.0
0;3.273805;0.72120637;3.0
0;2.8133361;0.68940836;3.0
0;3.3610272;0.8083699;3.0
0;3.2931874;0.609976;3.0
0;2.7775705;0.6517311;3.0
0;2.7413564;0.64752537;3.0
0;2.9864526;0.7297861;3.0
0;3.160413;0.82700175;3.0
0;2.9670262;0.64821786;3.0
0;2.6422882;0.57425356;3.0
0;2.9295065;0.79411596;3.0
0;2.9238846;0.6725151;3.0
0;2.7431843;0.71480596;3.0
0;3.0737188;0.4816692;3.0
0;2.7953155;0.5912976;3.0
0;2.9394162;0.6674635;3.0
0;3.0969772;0.6561566;3.0
0;2.9492989;0.7178964;3.0
0;3.4988482;0.5982403;3.0
0;2.6049287;0.83576405;3.0
0;3.4201317;0.67131835;3.0
0;2.162542;0.6847184;3.0
0;3.3930643;0.5399343;3.0
0;2.7151878;0.6960884;3.0
0;2.3730474;0.6477871;3.0
0;3.290071;0.67173374;3.0
0;2.398717;1.0;3.0
0;2.2913947;0.5654054;3.0
0;2.9537873;0.8308764;3.0
0;2.6952987;0.6982714;3.0
0;2.8630452;0.7866161;3.0
0;3.2906466;0.8173911;3.0
0;3.183727;0.80845124;3.0
0;3.4896104;0.6109587;3.0
0;2.7211864;0.65626097;3.0
0;2.7889464;0.6199965;3.0
0;3.6832736;0.7494309;3.0
0;3.3168557;0.61612076;3.0
0;3.777109;0.54913986;3.0
0;2.7778184;0.8855415;3.0
0;3.6452076;0.5803771;3.0
0;3.389648;0.70500654;3.0
0;3.0791042;0.81427836;3.0
0;3.791242;0.5631837;3.0
0;3.8231127;0.856263;3.0
0;3.2286763;0.8888905;3.0
0;2.7755103;0.755103;3.0
0;3.0236187;0.5052045;3.0
0;2.877668;0.722089;3.0
0;2.9404354;0.4117971;3.0
0;2.7048004;0.7234274;3.0
0;2.6304207;0.8145048;3.0
0;2.9709294;0.7888504;3.0
0;2.9252517;0.73300076;3.0
0;2.2767744;0.61524445;3.0
0;2.9467502;0.6451162;3.0
0;3.2117615;0.6437568;3.0
0;2.7911685;0.7491035;3.0
0;2.2747464;0.61379045;3.0
0;2.7009296;0.77219826;3.0
0;3.0303328;0.6815578;3.0
0;3.319146;0.7519874;3.0
0;3.185453;0.7813388;3.0
0;3.464333;0.69597846;3.0
0;2.6751924;0.4531283;3.0
0;2.9902568;0.5902291;3.0
0;3.0465963;0.6393888;3.0
0;2.6566553;0.7195647;3.0
0;2.034752;0.61734575;3.0
0;2.609078;0.74243474;3.0
0;2.2868686;0.79249233;3.0
0;2.7779472;0.5263838;3.0
0;2.3047361;0.7689402;3.0
0;2.8260787;0.6421554;3.0
0;2.9987724;0.63244843;3.0
0;3.066741;0.80064696;3.0
0;3.2035453;0.62469435;3.0
0;3.6794534;0.74932235;3.0
0;3.3207662;0.71102947;3.0
0;2.7434416;0.827786;3.0
0;2.5261993;0.7544818;3.0
0;3.0655525;0.767457;3.0
0;3.7804601;0.6067233;3.0
0;3.2053494;0.76499933;3.0
0;2.747336;0.68352515;3.0
0;3.2734017;0.77765876;3.0
0;2.4415886;0.6289082;3.0
0;2.7573729;0.7448988;3.0
0;3.349087;0.82917637;3.0
0;3.2713764;0.6402521;3.0
0;3.027755;0.7535264;3.0
0;2.7303934;0.7466054;3.0
0;3.2865424;0.69129354;3.0
0;3.0215201;0.70993686;3.0
0;2.505995;0.7736638;3.0
0;3.0598104;0.7311873;3.0
0;2.6721132;0.7252728;3.0
0;2.9744995;0.7568838;3.0
0;2.6114206;0.6647218;3.0
0;2.8690639;0.73119485;3.0
0;2.9370115;0.6455337;3.0
0;2.8430343;0.7427896;3.0
0;3.163457;0.7773055;3.0
0;3.0111077;0.682275;3.0
0;3.2033362;0.6217222;3.0
0;3.2443;0.7769101;3.0
0;3.0940886;0.70735514;3.0
0;3.0988328;0.7369708;3.0
0;2.9311333;0.6994523;3.0
0;3.3114994;0.6305221;3.0
0;2.989249;0.6799896;3.0
0;2.6452417;0.7493145;3.0
0;2.7215748;0.74696887;3.0
0;4.0;0.64743847;3.0
0;2.4422092;0.5602163;3.0
0;2.6891923;0.67949104;3.0
0;3.3819082;0.7884449;3.0
0;3.084257;0.70055956;3.0
0;2.2731338;0.65204287;3.0
0;3.1714637;0.7758351;3.0
0;3.2986047;0.8580395;3.0
0;3.3245962;0.50609297;3.0
0;3.3219185;0.61586964;3.0
0;3.3077562;0.7001875;3.0
0;2.5699081;0.54748565;3.0
0;2.985185;0.6329916;3.0
0;3.1519725;0.70521456;3.0
0;2.8792796;0.8325576;3.0
0;2.5603366;0.6777838;3.0
0;3.0727916;0.63234806;3.0
0;3.0966153;0.7546935;3.0
0;3.3061378;0.6806385;3.0
0;3.2170863;0.71864593;3.0
0;3.0001292;0.61226225;3.0
0;2.7448637;0.75707805;3.0
0;2.9056227;0.87913424;3.0
0;2.291405;0.87907046;3.0
0;3.128298;0.73763967;3.0
0;2.70206;0.541216;3.0
0;2.6248612;0.70377624;3.0
0;2.688738;0.68618715;3.0
0;2.797088;0.7129446;3.0
0;3.1791816;0.64362466;3.0
0;2.9979763;0.60864455;3.0
0;3.200891;0.72459334;3.0
0;3.0049036;0.76138055;3.0
0;2.9062936;0.6909681;3.0
0;3.171805;0.74934214;3.0
0;2.649598;0.70267004;3.0
0;2.860776;0.7642326;3.0
0;3.4570308;0.6764684;3.0
0;2.961735;0.7772064;3.0
0;2.3231785;0.8321495;3.0
0;2.7377493;0.80818355;3.0
0;2.7296574;0.7307533;3.0
0;3.3101747;0.6095772;3.0
0;3.3840215;0.70722854;3.0
0;2.994648;0.68113494;3.0
0;3.0754578;0.7208646;3.0
0;3.6465251;0.47137836;3.0
0;2.6769838;0.81892455;3.0
0;2.6663795;0.6615078;3.0
0;2.8650188;0.660688;3.0
0;2.389397;0.7771413;3.0
0;3.0048826;0.6005817;3.0
0;3.0412464;0.65212023;3.0
0;2.6547523;0.77686346;3.0
0;3.0361323;0.7059406;3.0
0;3.1873484;0.7924469;3.0
0;3.508118;0.5832223;3.0
0;2.9723744;0.49369627;3.0
0;2.869136;0.7949381;3.0
0;2.3407207;0.6942156;3.0
0;3.2458146;0.719529;3.0
0;3.4011016;0.74676126;3.0
0;2.9265213;0.8372518;3.0
0;2.311369;0.81102467;3.0
0;2.7387257;0.6870798;3.0
0;2.3879874;0.588805;3.0
0;2.8945708;0.80577874;3.0
0;2.8338156;0.70902747;3.0
0;2.3453822;0.6041667;3.0
0;2.84124;0.96994233;3.0
0;2.869759;0.9263043;3.0
0;2.618317;0.72505605;3.0
0;3.2311697;0.6618011;3.0
0;3.426349;0.6591781;3.0
0;2.6742432;0.60357344;3.0
0;3.2661176;0.71071124;3.0
0;2.9379802;0.61962265;3.0
0;3.1853194;0.7611024;3.0
0;2.973748;0.71243495;3.0
0;2.5475159;0.69921726;3.0
0;2.51966;0.65170944;3.0
0;3.4725597;0.5773644;3.0
0;3.374703;0.7216661;3.0
0;2.8393624;0.69607687;3.0
0;3.1316319;0.77318895;3.0
0;3.0042124;0.83120006;3.0
0;3.3637567;0.7079165;3.0
0;3.3402247;0.7203562;3.0
0;3.2222512;0.71710235;3.0
0;3.5421426;0.71195465;3.0
0;3.2208633;0.66044766;3.0
0;2.7618814;0.7891618;3.0
0;3.692424;0.5667834;3.0
0;2.5388944;0.7463878;3.0
0;3.4332879;0.6502979;3.0
0;3.2435937;0.79812026;3.0
0;3.2295382;0.5922171;3.0
0;2.7913086;0.92499346;3.0
0;3.0287676;0.6780404;3.0
0;2.7212503;0.5695698;3.0
0;2.810576;0.39444426;3.0
0;2.8589725;0.72705096;3.0
0;3.197239;0.62069297;3.0
0;2.9631808;0.5656584;3.0
0;2.4792814;0.62527746;3.0
0;2.7053823;0.6386111;3.0
0;2.6224213;0.7064345;3.0
0;3.0054674;0.73851526;3.0
0;3.093771;0.6845471;3.0
0;3.0845594;0.6538776;3.0
0;3.2117038;0.69715524;3.0
0;3.3058455;0.65669584;3.0
0;3.1236908;0.75981075;3.0
0;3.3681898;0.6592077;3.0
0;2.9668927;0.6715181;3.0
0;2.8455596;0.82239085;3.0
0;3.2021806;0.7423129;3.0
0;3.5163667;0.8114079;3.0
0;3.060483;0.7405005;3.0
0;3.0127857;0.522047;3.0
0;2.992313;0.77586347;3.0
0;2.986306;0.5721645;3.0
0;2.6243873;0.82167953;3.0
0;3.2309783;0.7025673;3.0
0;2.7336283;0.73011804;3.0
0;2.8808477;0.75773835;3.0
0;3.1577828;0.58051187;3.0
0;3.3184135;0.68727446;3.0
0;2.8140922;0.7509731;3.0
0;3.2476687;0.53996646;3.0
0;3.3009694;0.60989136;3.0
0;3.1668885;0.7091848;3.0
0;3.5703478;0.83337265;3.0
0;3.339605;0.67757255;3.0
0;3.302843;0.5087174;3.0
0;2.9345305;0.688843;3.0
0;3.573812;0.759445;3.0
0;2.629053;0.6994128;3.0
0;3.5726438;0.59040135;3.0
0;3.2297456;0.7019983;3.0
0;3.2305765;0.7411905;3.0
0;2.2232442;0.47222787;3.0
0;2.6304686;0.73121387;3.0
0;3.0041175;0.7059418;3.0
0;3.407596;0.49889433;3.0
0;3.03687;0.6144387;3.0
0;2.5337331;0.5835951;3.0
0;2.8348868;0.67746806;3.0
0;2.253126;0.73382545;3.0
0;2.1735454;0.63580644;3.0
0;3.035193;0.68872184;3.0
0;3.197333;0.8302295;3.0
0;2.600156;0.6591756;3.0
0;3.194544;0.8792794;3.0
0;3.0136487;0.60314316;3.0
0;3.2658176;0.5212405;3.0
0;3.070458;0.63265073;3.0
0;2.7028167;0.5591682;3.0
0;2.8275678;0.7377008;3.0
0;2.4628205;0.7559125;3.0
0;2.223103;0.808038;3.0
0;2.5630949;0.6362218;3.0
0;2.219956;0.67052203;3.0
0;2.924864;0.6354044;3.0
0;2.8131716;0.61254096;3.0
0;2.3660867;0.7931036;3.0
0;3.4019601;0.6323645;3.0
0;3.2095873;0.7895533;3.0
0;2.3691096;0.67055273;3.0
0;2.205262;0.66105735;3.0
0;3.0722184;0.6154185;3.0
0;3.5277367;0.7733097;3.0
0;2.8210444;0.69194573;3.0
0;3.4821484;0.6874645;3.0
0;3.3275971;0.6121303;3.0
