DY
876
2

0;1.0890379;0.3896888;1.0
0;1.6389716;0.22652149;1.0
0;2.0206609;0.10732118;1.0
0;1.4574531;0.3117346;1.0
0;2.4347217;0.299357;1.0
0;1.3791203;0.15684284;1.0
0;0.9160358;0.25467655;1.0
0;1.4388391;0.15951431;1.0
0;1.267144;0.30886742;1.0
0;1.4063114;0.31058502;1.0
0;1.3512261;0.23308563;1.0
0;1.7475004;0.12685654;1.0
0;1.6908777;0.24413987;1.0
0;1.1454396;0.29382238;1.0
0;2.0446482;0.20356514;1.0
0;1.0962512;0.22591448;1.0
0;0.9439153;0.2099275;1.0
0;1.4227521;0.2653925;1.0
0;1.575526;0.4118222;1.0
0;1.5001717;0.21692234;1.0
0;1.2857698;0.19387464;1.0
0;1.515057;0.18536673;1.0
0;1.9189498;0.1114664;1.0
0;1.7227992;0.31832412;1.0
0;1.6823827;0.22567244;1.0
0;1.3485425;0.154166;1.0
0;1.4967903;0.1491586;1.0
0;1.1833838;0.1360753;1.0
0;1.1067353;0.2574463;1.0
0;2.0528197;0.21868537;1.0
0;2.096477;0.33592945;1.0
0;1.1587043;0.18468845;1.0
0;1.0458654;0.24329996;1.0
0;0.87422216;0.31621474;1.0
0;0.6159292;0.17021115;1.0
0;1.6770782;0.27997133;1.0
0;1.9083724;0.23549138;1.0
0;1.47541;0.27880025;1.0
0;0.0024098335;0.25066587;1.0
0;1.1994675;0.27797222;1.0
0;1.0036416;0.3983141;1.0
0;1.4167212;0.2607097;1.0
0;0.9179334;0.17743242;1.0
0;1.4597555;0.2896828;1.0
0;1.9663485;0.08640787;1.0
0;1.9612074;0.20441934;1.0
0;1.3732036;0.17791957;1.0
0;1.4979159;0.36693898;1.0
0;1.6420594;0.2963673;1.0
0;1.9351506;0.23734152;1.0
0;1.2000512;0.17732212;1.0
0;1.4895755;0.19468229;1.0
0;1.612276;0.2810879;1.0
0;0.6586342;0.108974434;1.0
0;0.8357231;0.049204066;1.0
0;1.6413074;0.28978184;1.0
0;1.5653516;0.045411903;1.0
0;1.2537255;0.40496632;1.0
0;1.3222872;0.29992744;1.0
0;1.7034427;0.24549825;1.0
0;1.7320803;0.32737547;1.0
0;1.3879622;0.23226237;1.0
0;1.5954655;0.3660635;1.0
0;1.5763248;0.21728154;1.0
0;1.695892;0.22585946;1.0
0;1.137428;0.24369812;1.0
0;1.6931788;0.14667465;1.0
0;1.8251108;0.2553177;1.0
0;1.5349684;0.1111739;1.0
0;1.7340022;0.2016807;1.0
0;2.4359033;0.12788492;1.0
0;2.2673087;0.10527286;1.0
0;1.0521955;0.17594428;1.0
0;1.0463408;0.2446868;1.0
0;1.590532;0.31101167;1.0
0;1.9108465;0.21086454;1.0
0;1.9783057;0.17461437;1.0
0;1.7654965;0.10407907;1.0
0;1.4104217;0.18814524;1.0
0;1.9300379;0.29893738;1.0
0;1.3448912;0.3385094;1.0
0;1.4775789;0.3350975;1.0
0;1.689174;0.3635681;1.0
0;0.17982367;0.27719426;1.0
0;1.0432847;0.20490745;1.0
0;1.2149369;0.31407425;1.0
0;1.4445795;0.23328698;1.0
0;1.950759;0.12928785;1.0
0;2.0031633;0.18967646;1.0
0;1.4511484;0.25544715;1.0
0;0.9930444;0.076341584;1.0
0;1.4989522;0.24690564;1.0
0;1.3214862;0.23527306;1.0
0;1.4610242;0.22971582;1.0
0;1.361663;0.15123476;1.0
0;1.7399082;0.34467041;1.0
0;1.7732171;0.34315944;1.0
0;1.8030773;0.19899914;1.0
0;1.5176479;0.24217205;1.0
0;1.6338999;0.26735172;1.0
0;1.8317404;0.07093499;1.0
0;1.3261554;0.18242604;1.0
0;1.7545666;0.32338348;1.0
0;1.2605692;0.2022848;1.0
0;1.8993143;0.23399368;1.0
0;1.7066242;0.2842865;1.0
0;1.6999125;0.27093503;1.0
0;1.3682208;0.12324499;1.0
0;1.3152922;0.33236015;1.0
0;1.2009629;0.20327327;1.0
0;1.8787323;0.23505796;1.0
0;1.266718;0.11188586;1.0
0;1.3106443;0.23110384;1.0
0;1.3990947;0.2640289;1.0
0;0.36936018;0.3145629;1.0
0;1.6746244;0.25328606;1.0
0;1.8831543;0.25270528;1.0
0;1.2079381;0.10777013;1.0
0;1.2265923;0.20029917;1.0
0;0.8075121;0.23473251;1.0
0;2.1414108;0.14671582;1.0
0;1.50032;0.2482434;1.0
0;1.9708298;0.15196641;1.0
0;0.95255667;0.23948522;1.0
0;1.5618558;0.038357876;1.0
0;1.1559557;0.2999978;1.0
0;0.9095254;0.25164014;1.0
0;1.6702905;0.34102547;1.0
0;1.714416;0.16648613;1.0
0;1.0323963;0.26036125;1.0
0;1.3885893;0.21674465;1.0
0;1.4567733;0.056272674;1.0
0;0.85458314;0.13619612;1.0
0;0.69307077;0.29311442;1.0
0;1.1221628;0.13142616;1.0
0;1.0586379;0.18562055;1.0
0;1.1072794;0.22258446;1.0
0;0.44784203;0.2723439;1.0
0;1.1218101;0.18929914;1.0
0;0.896545;0.18425451;1.0
0;0.92878056;0.1145967;1.0
0;1.5798025;0.22997378;1.0
0;1.9044925;0.12455465;1.0
0;1.0080268;0.35132924;1.0
0;1.3285872;0.084480785;1.0
0;1.7312577;0.15412802;1.0
0;1.0563861;0.24926907;1.0
0;1.9034401;0.032516725;1.0
0;1.8385551;0.30998003;1.0
0;1.6932635;0.21797217;1.0
0;1.8018407;0.26168606;1.0
0;1.5717245;0.047826156;1.0
0;1.1936928;0.2089807;1.0
0;1.4917005;0.18171872;1.0
0;1.2647052;7.461316E-4;1.0
0;1.260562;0.12512892;1.0
0;1.7208014;0.23253313;1.0
0;1.4955189;0.09514198;1.0
0;1.869482;0.21562415;1.0
0;1.6997954;0.26011494;1.0
0;1.3828532;0.25657028;1.0
0;0.83296883;0.20426781;1.0
0;1.931078;0.2948809;1.0
0;1.6410958;0.19736843;1.0
0;1.9193861;0.14263438;1.0
0;1.4123483;0.15675056;1.0
0;1.3789403;0.1160174;1.0
0;1.3126795;0.2723354;1.0
0;1.0843912;0.3535065;1.0
0;1.7327533;0.27261183;1.0
0;1.3409134;0.36684433;1.0
0;1.5150714;0.24073385;1.0
0;1.2880862;0.26454037;1.0
0;0.876204;0.09198622;1.0
0;1.1166737;0.21019994;1.0
0;1.340933;0.24894543;1.0
0;1.5618545;0.1826254;1.0
0;0.7433549;0.24073763;1.0
0;1.6884408;0.2766097;1.0
0;1.5397742;0.35750154;1.0
0;1.4815052;0.2197823;1.0
0;1.5165862;0.25712323;1.0
0;1.6079488;0.0;1.0
0;0.7175907;0.22446431;1.0
0;1.9535538;0.3023747;1.0
0;1.0938853;0.21294802;1.0
0;0.9118354;0.22624083;1.0
0;1.2477534;0.14553858;1.0
0;1.1365566;0.2537414;1.0
0;1.3276485;0.16961916;1.0
0;1.318919;0.3041721;1.0
0;1.5151501;0.2709558;1.0
0;0.6953184;0.04277601;1.0
0;0.9948916;0.3328852;1.0
0;1.3813306;0.22488834;1.0
0;1.501431;0.17595786;1.0
0;1.8050215;0.15296407;1.0
0;2.102658;0.050923243;1.0
0;1.4032881;0.24581236;1.0
0;1.3904855;0.23038018;1.0
0;1.1854707;0.3240648;1.0
0;1.6288959;0.3957226;1.0
0;1.0556443;0.24031994;1.0
0;1.1713632;0.27409053;1.0
0;1.6644994;0.2944124;1.0
0;0.8888376;0.13601977;1.0
0;1.6350237;0.2346412;1.0
0;1.27612;0.1500361;1.0
0;1.8455485;0.10922712;1.0
0;1.1587874;0.08725299;1.0
0;1.2348626;0.19774537;1.0
0;1.1841625;0.2759007;1.0
0;1.662131;0.2617064;1.0
0;1.1178398;0.22656175;1.0
0;1.7577906;0.22953555;1.0
0;1.2693624;0.14827637;1.0
0;0.9651004;0.23101568;1.0
0;1.5006013;0.15938771;1.0
0;1.3399163;0.26230755;1.0
0;1.4899441;0.33178434;1.0
0;1.662491;0.2700095;1.0
0;1.4352996;0.2551491;1.0
0;1.6918895;0.15036057;1.0
0;0.8369394;0.27771476;1.0
0;1.7363802;0.22337885;1.0
0;1.4528843;0.38766298;1.0
0;1.5830942;0.39128447;1.0
0;2.0543;0.19038813;1.0
0;1.5013888;0.29634976;1.0
0;1.4993594;0.21281557;1.0
0;1.6332686;0.19650228;1.0
0;0.8496104;0.3184423;1.0
0;1.2937328;0.23820391;1.0
0;1.0814701;0.43913764;1.0
0;1.4030997;0.45468324;1.0
0;2.3028061;0.17853205;1.0
0;1.6528933;0.26462987;1.0
0;2.0278084;0.20804884;1.0
0;1.7573162;0.28367442;1.0
0;2.1743488;0.3889441;1.0
0;1.6682203;0.15636599;1.0
0;1.4555035;0.18435465;1.0
0;1.4665481;0.36922666;1.0
0;1.7047893;0.16482718;1.0
0;1.2150218;0.23980756;1.0
0;0.8469775;0.32048738;1.0
0;1.3255668;0.11633264;1.0
0;1.0969017;0.28138605;1.0
0;1.6480675;0.33795306;1.0
0;1.594961;0.32042897;1.0
0;1.6919135;0.22049022;1.0
0;1.6441175;0.24251983;1.0
0;2.3723369;0.18446621;1.0
0;2.3097835;0.15412892;1.0
0;1.6417013;0.2349657;1.0
0;1.0024035;0.10057372;1.0
0;1.6067023;0.094162226;1.0
0;1.3248638;0.2532608;1.0
0;1.3477187;0.21152002;1.0
0;1.6163788;0.28564647;1.0
0;1.4710064;0.20521607;1.0
0;1.5919118;0.19823268;1.0
0;1.604212;0.17273574;1.0
0;1.3847519;0.20882301;1.0
0;1.3022174;0.26884213;1.0
0;1.7250254;0.34557194;1.0
0;1.7258576;0.30073154;1.0
0;1.4539329;0.15932994;1.0
0;1.1627338;0.25576505;1.0
0;1.2070698;0.4178557;1.0
0;1.9186692;0.22942035;1.0
0;1.4375829;0.30478004;1.0
0;1.5670156;0.26438484;1.0
0;1.2659621;0.19277997;1.0
0;1.7392598;0.2437067;1.0
0;1.5188909;0.17311428;1.0
0;1.8286314;0.23142046;1.0
0;1.8255601;0.06527997;1.0
0;1.7562479;0.2422479;1.0
0;1.6968081;0.21102296;1.0
0;1.4042941;0.27150822;1.0
0;1.6314639;0.19312398;1.0
0;1.0922704;0.25190538;1.0
0;1.4690661;0.32812518;1.0
0;1.2311518;0.28548637;1.0
0;1.1361357;0.18931615;1.0
0;1.1592183;0.27894393;1.0
0;1.7557379;0.15839271;1.0
0;1.4769125;0.23449202;1.0
0;1.4224066;0.33628312;1.0
0;1.4720987;0.32281467;1.0
0;1.2666341;0.32948846;1.0
0;2.7133212;0.6521006;2.0
0;2.8005219;0.6735775;2.0
0;2.7109416;0.61302847;2.0
0;2.6686866;0.53678167;2.0
0;2.9158852;0.60873497;2.0
0;2.6387138;0.525132;2.0
0;2.922629;0.48355383;2.0
0;3.3515577;0.57025903;2.0
0;2.708318;0.6689933;2.0
0;3.1970987;0.57882506;2.0
0;3.1204832;0.5003261;2.0
0;3.294386;0.70790243;2.0
0;3.0480475;0.55949384;2.0
0;2.4489248;0.6137136;2.0
0;2.8742518;0.666956;2.0
0;2.7259672;0.5589977;2.0
0;2.7114244;0.53230906;2.0
0;2.803128;0.5938071;2.0
0;2.8475735;0.62592936;2.0
0;3.057232;0.5385805;2.0
0;3.0087035;0.46137157;2.0
0;3.4349465;0.6706267;2.0
0;2.8966973;0.5421212;2.0
0;3.1062524;0.50648755;2.0
0;2.8534465;0.5336053;2.0
0;2.5437026;0.5473439;2.0
0;2.4955137;0.623234;2.0
0;2.9916084;0.6105129;2.0
0;2.7939527;0.42262018;2.0
0;3.485945;0.6222465;2.0
0;2.9784725;0.5129431;2.0
0;3.0752385;0.58537537;2.0
0;3.0348842;0.5798185;2.0
0;3.5382586;0.49545908;2.0
0;2.73018;0.5269886;2.0
0;2.539011;0.62016886;2.0
0;2.7230346;0.7478596;2.0
0;2.9413803;0.5846529;2.0
0;3.5115674;0.60395795;2.0
0;2.8469222;0.41315648;2.0
0;2.6061695;0.51197916;2.0
0;2.5318694;0.659242;2.0
0;2.5252492;0.77470785;2.0
0;3.297156;0.5597012;2.0
0;2.5732079;0.60424984;2.0
0;3.1566234;0.60786897;2.0
0;2.7795923;0.53841424;2.0
0;2.5933774;0.44373068;2.0
0;2.4735768;0.5679476;2.0
0;2.824647;0.49697402;2.0
0;2.924864;0.5634077;2.0
0;2.7460122;0.39176118;2.0
0;2.350371;0.6067233;2.0
0;3.1080112;0.45867884;2.0
0;2.8937721;0.54173964;2.0
0;2.9327157;0.6080336;2.0
0;2.951274;0.6113202;2.0
0;3.1621141;0.6591832;2.0
0;2.8748279;0.460536;2.0
0;2.7464972;0.694395;2.0
0;3.299476;0.51531684;2.0
0;3.2891672;0.5788483;2.0
0;2.7106276;0.5620486;2.0
0;3.4932997;0.6383974;2.0
0;2.8120346;0.6080771;2.0
0;3.0902832;0.59864855;2.0
0;2.557761;0.46841282;2.0
0;2.5266094;0.61744994;2.0
0;2.4883733;0.53752995;2.0
0;2.9471602;0.5981157;2.0
0;2.7044523;0.5195364;2.0
0;2.6726294;0.54956543;2.0
0;2.2669823;0.5213135;2.0
0;2.9114041;0.46401;2.0
0;2.9482007;0.621072;2.0
0;3.2011979;0.48763633;2.0
0;3.1146402;0.46101493;2.0
0;3.0550578;0.69566727;2.0
0;3.3888645;0.5693618;2.0
0;2.364422;0.51958275;2.0
0;2.8340714;0.5055291;2.0
0;2.8278906;0.67788506;2.0
0;2.7694368;0.631041;2.0
0;2.265251;0.4261965;2.0
0;2.18039;0.46692166;2.0
0;2.691361;0.618722;2.0
0;2.0314016;0.56479746;2.0
0;2.9182951;0.5696872;2.0
0;3.0596454;0.59282094;2.0
0;3.3975592;0.69137144;2.0
0;2.8175015;0.51797307;2.0
0;2.742942;0.5889541;2.0
0;2.9742742;0.59357214;2.0
0;2.990973;0.5224437;2.0
0;3.2460613;0.5400777;2.0
0;2.7470148;0.7138647;2.0
0;2.3994296;0.61933774;2.0
0;3.2773857;0.61517525;2.0
0;3.3625739;0.5913861;2.0
0;2.8035593;0.5225528;2.0
0;2.9443388;0.471678;2.0
0;2.3622751;0.5039526;2.0
0;3.2439768;0.5120837;2.0
0;2.572012;0.77774364;2.0
0;2.399277;0.53498876;2.0
0;2.5145981;0.48886377;2.0
0;2.6816103;0.47939724;2.0
0;3.0611346;0.45052376;2.0
0;2.7292504;0.48016226;2.0
0;2.8675835;0.4363089;2.0
0;2.9453146;0.61342996;2.0
0;2.533099;0.6563287;2.0
0;3.1009228;0.53248495;2.0
0;2.9466033;0.58480614;2.0
0;2.9110613;0.49708313;2.0
0;3.1121144;0.56951314;2.0
0;3.0675833;0.53945065;2.0
0;3.1244524;0.6218917;2.0
0;2.4743834;0.5613025;2.0
0;3.0713422;0.6081365;2.0
0;3.1139393;0.43122992;2.0
0;2.950667;0.59317255;2.0
0;2.911865;0.49968374;2.0
0;3.2990553;0.65452033;2.0
0;3.1446853;0.5145943;2.0
0;2.3639736;0.56681544;2.0
0;3.4179525;0.49941018;2.0
0;3.6179395;0.5929074;2.0
0;3.1469805;0.67176807;2.0
0;2.5298083;0.5805753;2.0
0;2.8214426;0.46332476;2.0
0;2.9680023;0.7220303;2.0
0;2.5709827;0.42702025;2.0
0;2.8258317;0.5398461;2.0
0;2.8705823;0.6749762;2.0
0;2.0406718;0.5112519;2.0
0;2.1820936;0.4639365;2.0
0;3.464585;0.6418123;2.0
0;2.586159;0.60002464;2.0
0;2.7188582;0.4802635;2.0
0;3.0353267;0.44779697;2.0
0;2.6214707;0.48850372;2.0
0;2.9754038;0.54958695;2.0
0;2.5417035;0.67256665;2.0
0;2.7678785;0.51061964;2.0
0;3.1747851;0.58270276;2.0
0;2.6306872;0.62767977;2.0
0;2.645223;0.5248236;2.0
0;3.1372395;0.65324223;2.0
0;3.1812916;0.71034545;2.0
0;3.0338745;0.7111608;2.0
0;2.8451564;0.6101239;2.0
0;3.0504994;0.45035496;2.0
0;4.0;0.6622547;2.0
0;2.7140088;0.71028346;2.0
0;2.5788865;0.52063113;2.0
0;2.9691973;0.6467837;2.0
0;2.931421;0.40659282;2.0
0;2.3895862;0.5129792;2.0
0;3.0698178;0.4895054;2.0
0;2.7290428;0.62049514;2.0
0;2.8377705;0.4626505;2.0
0;2.8381333;0.590522;2.0
0;2.7944915;0.69701904;2.0
0;3.5517473;0.52511656;2.0
0;2.8806443;0.6524662;2.0
0;3.0125074;0.50880253;2.0
0;3.0522609;0.7096458;2.0
0;2.4158974;0.48815575;2.0
0;2.8426185;0.58248883;2.0
0;2.943643;0.6954152;2.0
0;2.6598015;0.47329682;2.0
0;3.0927804;0.5722304;2.0
0;2.6799328;0.5996603;2.0
0;2.923523;0.60112226;2.0
0;2.7313128;0.5263452;2.0
0;2.9122083;0.64644384;2.0
0;2.6119382;0.56041527;2.0
0;2.672093;0.5583311;2.0
0;2.5432296;0.55540866;2.0
0;2.8176038;0.56126684;2.0
0;2.6910849;0.5342748;2.0
0;2.9225168;0.56185263;2.0
0;3.0016544;0.55661225;2.0
0;3.2159247;0.6018369;2.0
0;3.0392206;0.6305021;2.0
0;2.5305371;0.6358885;2.0
0;2.0712988;0.54291034;2.0
0;2.5228314;0.65839624;2.0
0;3.3222275;0.45085242;2.0
0;3.2954545;0.58116966;2.0
0;2.5802653;0.5339557;2.0
0;3.0532012;0.56195;2.0
0;2.4980333;0.536049;2.0
0;3.0015972;0.5592471;2.0
0;2.926939;0.59111476;2.0
0;3.024742;0.61064005;2.0
0;2.5918124;0.4461046;2.0
0;2.7673848;0.5968987;2.0
0;2.768642;0.42812523;2.0
0;2.969392;0.5479719;2.0
0;2.2718675;0.52836025;2.0
0;3.148153;0.5969406;2.0
0;2.4531908;0.55996615;2.0
0;3.6401978;0.5854554;2.0
0;2.6732457;0.47066894;2.0
0;3.1897643;0.63192654;2.0
0;2.754766;0.66483194;2.0
0;2.780675;0.57571256;2.0
0;2.8049476;0.5519498;2.0
0;3.3317747;0.66869104;2.0
0;2.7829306;0.56499714;2.0
0;3.0885527;0.5535068;2.0
0;2.3115826;0.719372;2.0
0;3.244653;0.62314135;2.0
0;3.3132477;0.49621937;2.0
0;2.9366593;0.516736;2.0
0;2.6746604;0.49653962;2.0
0;2.9971557;0.4618788;2.0
0;2.8961039;0.62733805;2.0
0;2.412495;0.38699108;2.0
0;3.0102766;0.741123;2.0
0;2.8247085;0.5619287;2.0
0;2.7202508;0.531687;2.0
0;2.9943004;0.6081849;2.0
0;2.626774;0.61024827;2.0
0;2.8991387;0.50887537;2.0
0;2.6783082;0.51214385;2.0
0;2.8263903;0.6591767;2.0
0;3.109494;0.6417897;2.0
0;2.5877588;0.50824183;2.0
0;2.5434763;0.5253463;2.0
0;2.2793853;0.66027236;2.0
0;2.5794423;0.5470799;2.0
0;2.986231;0.60768783;2.0
0;2.4128358;0.66381323;2.0
0;3.2506363;0.60817564;2.0
0;2.5934885;0.5967062;2.0
0;2.804094;0.6182367;2.0
0;2.665276;0.6403204;2.0
0;2.7809317;0.5356996;2.0
0;2.8007238;0.66351455;2.0
0;3.1677978;0.51347303;2.0
0;2.603945;0.6635711;2.0
0;2.823648;0.57380944;2.0
0;2.8695083;0.6445711;2.0
0;3.1998794;0.56122833;2.0
0;2.8602743;0.5296004;2.0
0;3.0499296;0.71992296;2.0
0;2.7782602;0.63113946;2.0
0;2.5212624;0.5361221;2.0
0;2.9319088;0.57516795;2.0
0;2.749009;0.64205563;2.0
0;2.4515886;0.6074693;2.0
0;2.9316869;0.58640015;2.0
0;2.9613085;0.6218568;2.0
0;3.2134004;0.5299412;2.0
0;2.9174528;0.6693493;2.0
0;3.3804083;0.60845697;2.0
0;2.6654162;0.57218903;2.0
0;3.1300719;0.58246255;2.0
0;3.4525774;0.5735311;2.0
0;3.4109974;0.67773277;2.0
0;2.2298677;0.6202876;2.0
0;2.8960028;0.45343345;2.0
0;3.8383474;0.58809835;2.0
0;2.5747566;0.66893;2.0
0;3.3420634;0.5196597;2.0
0;2.8282497;0.5671371;2.0
0;2.8546925;0.37178642;2.0
0;3.4047525;0.5809154;2.0
0;3.5458982;0.6640399;2.0
0;2.2643142;0.5216322;2.0
0;3.0312011;0.605569;2.0
0;3.19023;0.5963505;2.0
0;3.3863435;0.539081;2.0
0;2.558754;0.6242665;2.0
0;2.8106003;0.60575616;2.0
0;3.0945196;0.430432;2.0
0;2.5769873;0.62529784;2.0
0;3.0453942;0.68217546;2.0
0;2.3899865;0.7720064;2.0
0;3.3915398;0.5823743;2.0
0;3.0908308;0.48224136;2.0
0;3.0876303;0.6052536;2.0
0;3.059259;0.617873;2.0
0;2.6378214;0.5408479;2.0
0;2.753036;0.7494305;2.0
0;2.9745805;0.44969317;2.0
0;3.2493675;0.5153336;2.0
0;3.376207;0.55747813;2.0
0;2.9904864;0.5080391;2.0
0;0.4317287;0.8094685;3.0
0;1.1009082;0.6537927;3.0
0;0.8042341;0.8428562;3.0
0;0.9172052;0.6739444;3.0
0;0.84664047;0.8389871;3.0
0;1.0669551;0.78952235;3.0
0;1.0002109;0.73432815;3.0
0;1.0231779;0.8220524;3.0
0;1.0181808;0.8375674;3.0
0;0.6045136;0.65666676;3.0
0;1.1440748;0.79148376;3.0
0;0.77188;0.97591656;3.0
0;1.0253348;0.841634;3.0
0;1.2489536;0.77227485;3.0
0;0.39241323;0.8488449;3.0
0;1.3747176;0.73804194;3.0
0;0.9574781;0.73042333;3.0
0;0.9760541;0.6760644;3.0
0;1.1891415;0.7930313;3.0
0;1.0194062;0.79836136;3.0
0;0.8340971;0.8412006;3.0
0;1.0614035;0.8100153;3.0
0;1.2497954;0.88798887;3.0
0;1.7698392;0.8428821;3.0
0;0.9531783;0.76558274;3.0
0;1.2357095;0.78775924;3.0
0;1.2602873;0.7914879;3.0
0;0.71502775;0.803659;3.0
0;1.1092124;0.8193377;3.0
0;1.3060387;0.796192;3.0
0;0.82013667;0.8184353;3.0
0;0.6785827;0.6836572;3.0
0;1.6524615;0.7625639;3.0
0;1.3245475;0.73549193;3.0
0;1.3556529;0.7490825;3.0
0;1.0384653;0.78492314;3.0
0;1.2526848;0.8003965;3.0
0;1.1725852;1.0;3.0
0;1.3018684;0.7497512;3.0
0;0.7903177;0.77270377;3.0
0;1.1531935;0.75940657;3.0
0;0.6959167;0.74019116;3.0
0;1.203967;0.74593645;3.0
0;1.1250647;0.7076332;3.0
0;1.2044773;0.7950559;3.0
0;1.0516676;0.76633817;3.0
0;2.0151374;0.7409414;3.0
0;1.3984051;0.6358717;3.0
0;0.73641133;0.8344526;3.0
0;1.3994017;0.7911511;3.0
0;1.0547036;0.7652853;3.0
0;1.4429494;0.66664696;3.0
0;1.3123949;0.7872708;3.0
0;1.0236983;0.60216373;3.0
0;0.97563446;0.78319186;3.0
0;0.9961565;0.8426983;3.0
0;0.7959026;0.72781515;3.0
0;1.2102276;0.686752;3.0
0;1.5904224;0.8148119;3.0
0;1.4591388;0.8046659;3.0
0;1.4101721;0.8627229;3.0
0;1.118199;0.7935798;3.0
0;1.2199614;0.76093507;3.0
0;1.6865526;0.70844793;3.0
0;1.4448681;0.6023632;3.0
0;1.1370484;0.7768847;3.0
0;1.8238099;0.74191374;3.0
0;0.0;0.82135856;3.0
0;0.7450522;0.82068723;3.0
0;0.9829741;0.7250818;3.0
0;1.1611822;0.8788501;3.0
0;1.1853262;0.6756387;3.0
0;0.7079739;0.9108163;3.0
0;1.304587;0.7917155;3.0
0;0.47450498;0.77549857;3.0
0;1.0478548;0.90747166;3.0
0;0.563385;0.77622706;3.0
0;1.3643879;0.72947526;3.0
0;1.2848588;0.71532243;3.0
0;1.3310119;0.9206512;3.0
0;0.77090997;0.86559135;3.0
0;1.3401976;0.91337985;3.0
0;0.9109965;0.7043286;3.0
0;0.7084978;0.93305254;3.0
0;1.2513819;0.82075584;3.0
0;1.280098;0.81749195;3.0
0;1.2942942;0.7943518;3.0
0;1.5743258;0.7644739;3.0
0;1.2657609;0.7646201;3.0
0;1.4094791;0.81486666;3.0
0;1.3021017;0.83467436;3.0
0;0.26225036;0.8306603;3.0
0;1.5282892;0.8546199;3.0
0;0.65953416;0.8619437;3.0
0;1.0602529;0.85076314;3.0
0;1.0416081;0.767002;3.0
0;1.3115413;0.7380204;3.0
0;1.164554;0.69904536;3.0
0;0.6094154;0.73190594;3.0
0;0.5698356;0.8233016;3.0
0;1.3520035;0.7115596;3.0
0;0.910898;0.72538537;3.0
0;0.93845296;0.8019131;3.0
0;0.6580653;0.7853342;3.0
0;0.8899393;0.8117336;3.0
0;1.4475473;0.72312605;3.0
0;1.2489434;0.8130639;3.0
0;0.9242526;0.746577;3.0
0;1.4179302;0.8697673;3.0
0;1.086906;0.7548008;3.0
0;0.84117985;0.6477456;3.0
0;1.3125043;0.81741494;3.0
0;1.126515;0.7605692;3.0
0;1.4590434;0.9304192;3.0
0;1.4318821;0.63708085;3.0
0;1.0226178;0.83629465;3.0
0;0.817125;0.7226482;3.0
0;1.2854961;0.68309885;3.0
0;1.393523;0.751827;3.0
0;1.309894;0.7478883;3.0
0;0.6959967;0.7534434;3.0
0;1.2118673;0.8330162;3.0
0;0.76057744;0.6309554;3.0
0;1.0398568;0.9549541;3.0
0;1.0913299;0.70327556;3.0
0;0.8181289;0.69612205;3.0
0;0.80290633;0.7816082;3.0
0;0.69562006;0.7098397;3.0
0;0.35096085;0.73941046;3.0
0;1.3331575;0.73648494;3.0
0;0.9454319;0.81729716;3.0
0;0.94835865;0.6370432;3.0
0;0.9792384;0.8216133;3.0
0;0.8641798;0.6725933;3.0
0;0.49909514;0.7142091;3.0
0;0.7737259;0.8199199;3.0
0;1.6501436;0.9033391;3.0
0;1.3479172;0.8348801;3.0
0;0.8972572;0.75215405;3.0
0;0.47680885;0.70361686;3.0
0;1.1084567;0.6683835;3.0
0;0.75228506;0.6811506;3.0
0;1.1485287;0.78447384;3.0
0;1.8310611;0.72561175;3.0
0;1.3376389;0.8934564;3.0
0;0.7944967;0.6740102;3.0
0;1.3504443;0.89401203;3.0
0;0.34717488;0.96548617;3.0
0;0.92593515;0.7302108;3.0
0;1.5251406;0.729468;3.0
0;0.82438713;0.7220556;3.0
0;0.86142606;0.625736;3.0
0;1.4412495;0.6356069;3.0
0;1.0296787;0.7402635;3.0
0;1.4030262;0.7727091;3.0
0;0.9796661;0.774153;3.0
0;1.1219245;0.7804642;3.0
0;0.73749566;0.774028;3.0
0;0.97568214;0.8747524;3.0
0;1.3778274;0.8450504;3.0
0;1.0315083;0.9052926;3.0
0;1.115355;0.84668696;3.0
0;0.75131196;0.65115017;3.0
0;0.6503738;0.7473996;3.0
0;0.67607635;0.79751444;3.0
0;1.1616206;0.7796087;3.0
0;1.5221082;0.71054983;3.0
0;1.5206151;0.8135514;3.0
0;0.54486436;0.77037096;3.0
0;0.7972787;0.7836534;3.0
0;1.1495156;0.72545433;3.0
0;1.0946168;0.9363487;3.0
0;1.0206671;0.77216643;3.0
0;1.4559188;0.6530208;3.0
0;1.1124029;0.6670979;3.0
0;1.2983751;0.7609769;3.0
0;0.84513;0.7689316;3.0
0;0.83873266;0.73498017;3.0
0;0.79455024;0.8935475;3.0
0;1.288847;0.7621301;3.0
0;1.4098561;0.74111694;3.0
0;0.94325966;0.7332783;3.0
0;1.3526032;0.8397229;3.0
0;1.2927735;0.7703692;3.0
0;0.9511207;0.6542304;3.0
0;1.5433165;0.8237602;3.0
0;0.7110258;0.8199159;3.0
0;0.46398175;0.8129876;3.0
0;1.4002539;0.8514737;3.0
0;1.2523963;0.85869306;3.0
0;0.8042312;0.8461835;3.0
0;1.1753308;0.769434;3.0
0;1.7558153;0.8001024;3.0
0;0.429148;0.8573787;3.0
0;0.77922803;0.78989905;3.0
0;1.2102764;0.7389408;3.0
0;1.2678901;0.78136855;3.0
0;1.2147737;0.8194638;3.0
0;1.3187532;0.8498025;3.0
0;1.3656263;0.7405803;3.0
0;0.66567206;0.64143986;3.0
0;1.3180107;0.710817;3.0
0;0.9551244;0.7920477;3.0
0;1.318348;0.61592805;3.0
0;0.9274195;0.82465327;3.0
0;0.819693;0.73790586;3.0
0;0.8070981;0.7991702;3.0
0;0.6297617;0.75891215;3.0
0;1.4429462;0.8570171;3.0
0;1.1549346;0.7676759;3.0
0;0.98395526;0.71595603;3.0
0;2.0184755;0.79112417;3.0
0;0.73823535;0.7589084;3.0
0;1.342552;0.8237211;3.0
0;0.8492123;0.7611978;3.0
0;1.314041;0.7391719;3.0
0;0.43001023;0.87613386;3.0
0;0.50747705;0.8356224;3.0
0;0.9264882;0.83734673;3.0
0;1.13987;0.77871144;3.0
0;1.4200367;0.7844913;3.0
0;1.3890747;0.8234569;3.0
0;1.1137502;0.68258256;3.0
0;0.6620951;0.6414668;3.0
0;1.6565293;0.7379468;3.0
0;1.1367831;0.7694036;3.0
0;0.94485325;0.6464186;3.0
0;1.4654;0.82673925;3.0
0;1.1190131;0.70597184;3.0
0;1.5843569;0.814031;3.0
0;0.6022749;0.8265494;3.0
0;1.3864524;0.64914536;3.0
0;1.1136011;0.674752;3.0
0;0.93952215;0.8217995;3.0
0;0.86584044;0.88214546;3.0
0;0.7209075;0.7612941;3.0
0;0.8969379;0.93630093;3.0
0;1.3050792;0.7279063;3.0
0;0.8366473;0.82751566;3.0
0;1.2341492;0.79435575;3.0
0;1.2843655;0.8626781;3.0
0;1.043854;0.85703576;3.0
0;1.2441881;0.8599075;3.0
0;1.5923513;0.72538173;3.0
0;0.5706621;0.7894517;3.0
0;0.94759035;0.75733536;3.0
0;1.2665907;0.77908474;3.0
0;1.1730211;0.6681132;3.0
0;0.5940513;0.89981157;3.0
0;0.70506793;0.80748576;3.0
0;1.3835267;0.73848325;3.0
0;1.4548347;0.88986164;3.0
0;1.0893677;0.7544814;3.0
0;1.2345583;0.8696027;3.0
0;0.8501519;0.7758836;3.0
0;0.91370344;0.7346057;3.0
0;1.0988636;0.7566613;3.0
0;1.129598;0.8646889;3.0
0;1.4236346;0.74251056;3.0
0;0.61525184;0.7030826;3.0
0;1.3193064;0.79101175;3.0
0;1.3453777;0.5814836;3.0
0;1.8482267;0.6984084;3.0
0;1.0949419;0.7202293;3.0
0;0.79996705;0.7334363;3.0
0;1.138333;0.8958103;3.0
0;1.0363253;0.70643175;3.0
0;1.5035524;0.69445455;3.0
0;1.117352;0.67515504;3.0
0;0.92414534;0.8515258;3.0
0;1.1106843;0.7597373;3.0
0;1.7077116;0.80418736;3.0
0;1.1362675;0.7240387;3.0
0;0.99103653;0.775357;3.0
0;0.78638303;0.716519;3.0
0;1.3882328;0.76521355;3.0
0;0.7202783;0.7196624;3.0
0;1.194325;0.7084145;3.0
0;0.9473141;0.7313882;3.0
0;1.4873569;0.829996;3.0
0;0.71923244;0.6856104;3.0
0;0.75957054;0.6921932;3.0
0;0.81974155;0.753686;3.0
0;1.3898834;0.8773196;3.0
0;0.72506917;0.64446265;3.0
0;0.91530305;0.7585599;3.0
0;0.8160827;0.68117183;3.0
0;0.88656014;0.8572803;3.0
0;0.6090252;0.76277816;3.0
0;0.80546236;0.7113861;3.0
0;0.86942923;0.7259581;3.0
0;0.73367465;0.76737314;3.0
