DY
755
2

0;1.2606208;0.97822535;1.0
0;1.2932642;0.9711582;1.0
0;1.3344765;0.96330965;1.0
0;1.3962988;0.96252906;1.0
0;1.3692415;0.97019047;1.0
0;1.3328267;0.96567076;1.0
0;1.3622669;0.971449;1.0
0;1.2961941;0.96581244;1.0
0;1.3555422;0.9767943;1.0
0;1.319987;0.96581703;1.0
0;1.2766834;0.9688018;1.0
0;1.4021828;0.9655766;1.0
0;1.2994524;0.9559964;1.0
0;1.3525248;0.97567147;1.0
0;1.3189547;0.9703103;1.0
0;1.3739997;0.96937746;1.0
0;1.288518;0.9651344;1.0
0;1.3780837;0.965448;1.0
0;1.416465;0.9689708;1.0
0;1.356114;0.97728384;1.0
0;1.215779;0.96343166;1.0
0;1.3138651;0.9674877;1.0
0;1.2228096;0.9637943;1.0
0;1.3875563;0.969417;1.0
0;1.3614702;0.9655263;1.0
0;1.3257296;0.9786793;1.0
0;1.3619852;0.9669718;1.0
0;1.3266174;0.97412354;1.0
0;1.4154105;0.96441185;1.0
0;1.2895496;0.96803814;1.0
0;1.3089689;0.9750964;1.0
0;1.3372353;0.9728372;1.0
0;1.3384947;0.96225685;1.0
0;1.3063892;0.9676342;1.0
0;1.31298;0.966755;1.0
0;1.3527644;0.97468626;1.0
0;1.3381209;0.9689757;1.0
0;1.3286057;0.95398766;1.0
0;1.3529772;0.95903194;1.0
0;1.3248998;0.96787643;1.0
0;1.2975668;0.96177256;1.0
0;1.387804;0.9592003;1.0
0;1.3314042;0.9665481;1.0
0;1.3931068;0.96331507;1.0
0;1.2953866;0.96201134;1.0
0;1.462986;0.9602314;1.0
0;1.4065067;0.95842147;1.0
0;1.3023168;0.9582876;1.0
0;1.3014269;0.9668841;1.0
0;1.3797246;0.9560077;1.0
0;1.366098;0.9638099;1.0
0;1.3362112;0.965012;1.0
0;1.2854929;0.97284937;1.0
0;1.3441596;0.96708995;1.0
0;1.3577168;0.95552844;1.0
0;1.3228964;0.96070784;1.0
0;1.3922495;0.9644633;1.0
0;1.3731763;0.9609062;1.0
0;1.3173237;0.96669626;1.0
0;1.2859206;0.96073645;1.0
0;1.291416;0.9590416;1.0
0;1.2383974;0.97037196;1.0
0;1.275032;0.9687536;1.0
0;1.2597986;0.96683705;1.0
0;1.412734;0.9594571;1.0
0;1.3455871;0.9635947;1.0
0;1.3674371;0.9717235;1.0
0;1.333324;0.9697183;1.0
0;1.2860777;0.9676185;1.0
0;1.2777601;0.97598046;1.0
0;1.3794813;0.9779816;1.0
0;1.339177;0.9577751;1.0
0;1.3549929;0.963916;1.0
0;1.2721176;0.96574706;1.0
0;1.3662448;0.96476215;1.0
0;1.3808736;0.96040505;1.0
0;1.345116;0.96235585;1.0
0;1.2488968;0.96203387;1.0
0;1.3134286;0.97156537;1.0
0;1.3349124;0.97830874;1.0
0;1.3100576;0.97401005;1.0
0;1.3373196;0.9598134;1.0
0;1.4204974;0.968271;1.0
0;1.3370857;0.96502125;1.0
0;1.3670398;0.9645049;1.0
0;1.3137467;0.96777475;1.0
0;1.2702265;0.9601201;1.0
0;1.3155142;0.9617887;1.0
0;1.3527637;0.96394676;1.0
0;1.4008687;0.9703138;1.0
0;1.3249241;0.96774465;1.0
0;1.2718488;0.9597756;1.0
0;1.2512207;0.95510036;1.0
0;1.3150972;0.9661978;1.0
0;1.3718927;0.9679183;1.0
0;1.3438554;0.96491295;1.0
0;1.2280647;0.9706158;1.0
0;1.3471167;0.9679004;1.0
0;1.3322043;0.9668339;1.0
0;1.2846178;0.95942926;1.0
0;1.3272018;0.9744957;1.0
0;1.3253586;0.9669149;1.0
0;1.3403385;0.96508545;1.0
0;1.3722037;0.9617303;1.0
0;1.3591703;0.9720497;1.0
0;1.3392454;0.9724414;1.0
0;1.3244114;0.972149;1.0
0;1.2866275;0.9732672;1.0
0;1.2549303;0.9698917;1.0
0;1.3067976;0.9666614;1.0
0;1.2921348;0.97383124;1.0
0;1.3212287;0.96861494;1.0
0;1.2739861;0.96915954;1.0
0;1.3193604;0.953234;1.0
0;1.3016114;0.9710027;1.0
0;1.3219755;0.966391;1.0
0;1.3883002;0.9691474;1.0
0;1.330064;0.9754596;1.0
0;1.3984736;0.96218556;1.0
0;1.3942688;0.95650446;1.0
0;1.3753879;0.9628375;1.0
0;1.3240569;0.9716259;1.0
0;1.3292937;0.9707744;1.0
0;1.2788336;0.9607366;1.0
0;1.284022;0.9598406;1.0
0;1.3845114;0.9771667;1.0
0;1.3233367;0.97086173;1.0
0;1.316503;0.9613596;1.0
0;1.3335513;0.9648786;1.0
0;1.3539994;0.97098106;1.0
0;1.3139511;0.96809;1.0
0;1.3779161;0.9739553;1.0
0;1.3473748;0.9685218;1.0
0;1.2495724;0.9654109;1.0
0;1.3213528;0.9656932;1.0
0;1.2886177;0.9671429;1.0
0;1.3145715;0.9664186;1.0
0;1.3853394;0.9727729;1.0
0;1.3805217;0.97053736;1.0
0;1.2906749;0.9602957;1.0
0;1.3512456;0.9643286;1.0
0;1.1980729;0.9682883;1.0
0;1.2402081;0.96236014;1.0
0;1.3732954;0.964959;1.0
0;1.3943659;0.9676522;1.0
0;1.3219682;0.96557605;1.0
0;1.3527005;0.9596245;1.0
0;1.2654314;0.97222024;1.0
0;1.3817074;0.96063715;1.0
0;1.3563433;0.9589993;1.0
0;1.2680023;0.96824414;1.0
0;2.886832;0.98655534;2.0
0;2.932839;0.9999958;2.0
0;2.905533;0.9906639;2.0
0;2.8660738;0.9914658;2.0
0;2.9038792;0.9909289;2.0
0;2.986028;0.9860122;2.0
0;2.939088;0.9847384;2.0
0;2.9746425;0.9934931;2.0
0;2.9479496;0.9923038;2.0
0;2.9002857;0.98938525;2.0
0;2.9352527;0.9858867;2.0
0;2.929162;0.99518704;2.0
0;2.916111;0.99205023;2.0
0;2.8532662;0.9889846;2.0
0;2.9393272;0.9893427;2.0
0;2.9465594;0.9935624;2.0
0;2.9141645;0.99454355;2.0
0;2.844912;0.9928619;2.0
0;2.9309337;0.9858094;2.0
0;2.891596;0.98961085;2.0
0;2.965557;0.99076915;2.0
0;2.9290133;0.9987038;2.0
0;2.9028175;0.9908641;2.0
0;2.9235134;0.99199903;2.0
0;2.929655;0.98991084;2.0
0;2.9439895;0.98647976;2.0
0;2.9726536;0.9886618;2.0
0;2.9134562;0.98802996;2.0
0;2.9473982;0.990265;2.0
0;2.9269462;0.98964685;2.0
0;2.9264915;0.99079156;2.0
0;2.9292736;0.9915175;2.0
0;2.9206512;0.99115807;2.0
0;2.90442;0.99697155;2.0
0;2.9164696;0.9909125;2.0
0;2.9870741;0.9862948;2.0
0;2.8647697;0.9902645;2.0
0;2.8981209;0.99520326;2.0
0;2.9882689;0.9921812;2.0
0;2.830859;0.99035364;2.0
0;2.941101;0.9893011;2.0
0;2.9731066;0.99122095;2.0
0;2.9437187;0.9894944;2.0
0;2.9721577;0.9883791;2.0
0;2.9001791;0.99185985;2.0
0;2.9384356;0.993458;2.0
0;2.9143674;0.99000806;2.0
0;2.9917293;0.9916629;2.0
0;2.9709988;0.9801481;2.0
0;2.9265006;0.98684675;2.0
0;2.9574401;0.9862265;2.0
0;2.8939424;0.9871962;2.0
0;2.971646;0.9973194;2.0
0;2.8555245;0.98863125;2.0
0;2.975078;0.9869972;2.0
0;2.9571059;0.98996544;2.0
0;2.9550848;0.98887986;2.0
0;2.940371;0.9883756;2.0
0;2.941322;0.9862682;2.0
0;2.9299824;0.9837396;2.0
0;2.9636662;0.9931628;2.0
0;2.9686496;0.98875207;2.0
0;2.9029706;0.9899037;2.0
0;2.973;0.98726916;2.0
0;2.9071262;0.9834522;2.0
0;2.9201467;0.9933166;2.0
0;2.949232;0.99096334;2.0
0;2.9844322;0.9860394;2.0
0;2.9522617;0.98885983;2.0
0;2.909349;0.9915612;2.0
0;2.9455;0.9953854;2.0
0;2.91803;0.9932564;2.0
0;2.8952656;0.9899066;2.0
0;2.9082956;0.9865099;2.0
0;2.9692767;0.9934598;2.0
0;2.9769344;1.0;2.0
0;2.9504423;0.9869966;2.0
0;2.91927;0.9944275;2.0
0;2.9339828;0.9910252;2.0
0;2.9983726;0.98353815;2.0
0;2.8759544;0.9864247;2.0
0;2.8506513;0.99214995;2.0
0;2.933577;0.99205893;2.0
0;2.9868233;0.9872071;2.0
0;2.9197218;0.99501777;2.0
0;2.943984;0.9905712;2.0
0;2.8822713;0.98755395;2.0
0;2.941081;0.990399;2.0
0;2.8754668;0.9911667;2.0
0;2.861178;0.9954468;2.0
0;2.9205894;0.991353;2.0
0;2.93393;0.987166;2.0
0;2.972475;0.9891646;2.0
0;2.969229;0.9889558;2.0
0;2.955867;0.9912401;2.0
0;2.8924587;0.99062574;2.0
0;2.8953276;0.99373126;2.0
0;2.9464636;0.98845613;2.0
0;2.9150271;0.9870828;2.0
0;2.949284;0.98867273;2.0
0;2.944407;0.9901781;2.0
0;2.9842782;0.98875064;2.0
0;2.9157763;0.98838377;2.0
0;2.9820461;0.9940358;2.0
0;2.9570577;0.9908596;2.0
0;2.9166791;0.98944783;2.0
0;2.896448;0.9949529;2.0
0;2.909544;0.98681885;2.0
0;2.9258528;0.9958844;2.0
0;2.9244566;0.99440074;2.0
0;2.9161823;0.98880446;2.0
0;2.9480903;0.9886871;2.0
0;2.9690642;0.98761255;2.0
0;2.9350955;0.9911445;2.0
0;2.9770026;0.9904488;2.0
0;2.93859;0.9883852;2.0
0;2.9712992;0.9819254;2.0
0;2.9566934;0.99187106;2.0
0;2.9078846;0.98420864;2.0
0;2.9305308;0.9948369;2.0
0;2.9171996;0.9904677;2.0
0;2.9420538;0.9914477;2.0
0;2.9204926;0.9876907;2.0
0;2.9527378;0.99416333;2.0
0;2.9640832;0.9876414;2.0
0;2.9532688;0.9928183;2.0
0;2.9505098;0.99446636;2.0
0;2.9583585;0.9898277;2.0
0;2.8914318;0.9869349;2.0
0;2.9950159;0.99132615;2.0
0;2.9471564;0.99479985;2.0
0;2.8855073;0.9864033;2.0
0;2.905173;0.98966527;2.0
0;2.9540012;0.99013805;2.0
0;2.8729424;0.98962474;2.0
0;2.9258685;0.9907438;2.0
0;2.9216151;0.9916197;2.0
0;2.9980197;0.9878046;2.0
0;2.8979669;0.9926328;2.0
0;2.9041479;0.99018353;2.0
0;2.979791;0.98688835;2.0
0;2.9027505;0.993029;2.0
0;2.947411;0.99033356;2.0
0;2.9107685;0.9956615;2.0
0;2.9759936;0.9949414;2.0
0;3.0;0.99404305;2.0
0;2.8834257;0.9862368;2.0
0;2.974666;0.98970354;2.0
0;2.8657498;0.9910701;2.0
0;2.953417;0.99515194;2.0
0;2.8935823;0.98983425;2.0
0;2.624299;0.70926905;3.0
0;2.7719467;0.7145795;3.0
0;2.7599034;0.7136626;3.0
0;2.6906984;0.71089137;3.0
0;2.750081;0.73701227;3.0
0;2.7428174;0.7296483;3.0
0;2.703515;0.73176175;3.0
0;2.6892006;0.7256368;3.0
0;2.7209435;0.7142674;3.0
0;2.7845929;0.72014284;3.0
0;2.7642038;0.73267764;3.0
0;2.7714767;0.72011536;3.0
0;2.796485;0.71633637;3.0
0;2.7098837;0.72007656;3.0
0;2.6573749;0.7211284;3.0
0;2.7073178;0.72565097;3.0
0;2.7967203;0.72188896;3.0
0;2.709617;0.7109706;3.0
0;2.7228458;0.7154285;3.0
0;2.7673268;0.72988474;3.0
0;2.700995;0.7290058;3.0
0;2.7077122;0.7332091;3.0
0;2.7037935;0.72610754;3.0
0;2.6715035;0.72520226;3.0
0;2.7933807;0.729824;3.0
0;2.765896;0.7321484;3.0
0;2.7055502;0.71644866;3.0
0;2.6728501;0.7243867;3.0
0;2.769949;0.72099245;3.0
0;2.769309;0.71423006;3.0
0;2.786234;0.712098;3.0
0;2.803607;0.7139875;3.0
0;2.7344115;0.72175086;3.0
0;2.657871;0.724482;3.0
0;2.7970185;0.72418493;3.0
0;2.6441083;0.7182186;3.0
0;2.719757;0.711614;3.0
0;2.782662;0.7239879;3.0
0;2.6339266;0.72954524;3.0
0;2.5792794;0.72799426;3.0
0;2.752637;0.72164196;3.0
0;2.7544773;0.71528226;3.0
0;2.74754;0.71778697;3.0
0;2.7270198;0.7252092;3.0
0;2.7708426;0.7088738;3.0
0;2.7647743;0.7343363;3.0
0;2.7223897;0.72796327;3.0
0;2.8360543;0.71255094;3.0
0;2.7286167;0.72104144;3.0
0;2.864544;0.71022385;3.0
0;2.7481837;0.7156191;3.0
0;2.7532127;0.7146132;3.0
0;2.7216961;0.72667027;3.0
0;2.6991873;0.71611595;3.0
0;2.8007898;0.7016976;3.0
0;2.6907966;0.72072387;3.0
0;2.7376344;0.72972095;3.0
0;2.7206845;0.72428745;3.0
0;2.7116275;0.7209195;3.0
0;2.7592845;0.7353964;3.0
0;2.7472305;0.71933246;3.0
0;2.736938;0.71693397;3.0
0;2.7209625;0.72081053;3.0
0;2.7913036;0.724978;3.0
0;2.682565;0.7159514;3.0
0;2.781128;0.7118267;3.0
0;2.6896296;0.72579527;3.0
0;2.768859;0.7316813;3.0
0;2.7068326;0.7268408;3.0
0;2.6885617;0.73525035;3.0
0;2.7740817;0.710676;3.0
0;2.6807947;0.7272837;3.0
0;2.6877918;0.7142614;3.0
0;2.7319841;0.724039;3.0
0;2.7966204;0.71829516;3.0
0;2.8055224;0.71806747;3.0
0;2.796124;0.71026367;3.0
0;2.638447;0.7225105;3.0
0;2.7914221;0.7200106;3.0
0;2.7076375;0.72361547;3.0
0;2.7075403;0.7363404;3.0
0;2.8050182;0.7316962;3.0
0;2.7688775;0.7226599;3.0
0;2.7598474;0.7274349;3.0
0;2.709512;0.7312106;3.0
0;2.7805243;0.7174661;3.0
0;2.8179014;0.72042716;3.0
0;2.672357;0.7308615;3.0
0;2.7102466;0.72092944;3.0
0;2.793234;0.7231906;3.0
0;2.7484505;0.7275415;3.0
0;2.8283553;0.71418595;3.0
0;2.7218647;0.7212586;3.0
0;2.7119548;0.7156317;3.0
0;2.7267976;0.71448874;3.0
0;2.8229527;0.7301336;3.0
0;2.7722132;0.7313942;3.0
0;2.7093651;0.7226283;3.0
0;2.7333922;0.7210827;3.0
0;2.6276498;0.71857417;3.0
0;2.6520157;0.7131722;3.0
0;2.8039274;0.71710753;3.0
0;2.723928;0.7225733;3.0
0;2.6433895;0.7132571;3.0
0;2.7277496;0.7217345;3.0
0;2.6491513;0.71804297;3.0
0;2.8235297;0.71639174;3.0
0;2.7833016;0.7298948;3.0
0;2.7218113;0.71637;3.0
0;2.7552927;0.72028494;3.0
0;2.7982078;0.71804345;3.0
0;2.6534264;0.70959425;3.0
0;2.7178054;0.72527325;3.0
0;2.8035603;0.72150874;3.0
0;2.6966476;0.72447264;3.0
0;2.752788;0.7097139;3.0
0;2.603985;0.7178659;3.0
0;2.7913623;0.7186048;3.0
0;2.7259235;0.7257746;3.0
0;2.8085203;0.7181125;3.0
0;2.817871;0.71236616;3.0
0;2.7733417;0.7204675;3.0
0;2.7567945;0.7185652;3.0
0;2.8017356;0.722581;3.0
0;2.8480458;0.71753687;3.0
0;2.8990707;0.7130263;3.0
0;2.7430139;0.7123538;3.0
0;2.7571661;0.7235947;3.0
0;2.6861262;0.7237476;3.0
0;2.6849809;0.7278939;3.0
0;2.7086003;0.7218142;3.0
0;2.6909993;0.7181667;3.0
0;2.6984596;0.7243413;3.0
0;2.7591774;0.7240791;3.0
0;2.7175264;0.72508556;3.0
0;2.762172;0.7243898;3.0
0;2.750011;0.7164244;3.0
0;2.7603936;0.7087814;3.0
0;2.846663;0.7093632;3.0
0;2.7447786;0.73059446;3.0
0;2.726606;0.714691;3.0
0;2.6848671;0.7151554;3.0
0;2.7790544;0.7241364;3.0
0;2.7035573;0.72050613;3.0
0;2.7450023;0.7301526;3.0
0;2.746777;0.7237151;3.0
0;2.813459;0.7230651;3.0
0;2.8474536;0.7205605;3.0
0;2.7570624;0.72777927;3.0
0;2.669055;0.72323376;3.0
0;2.714018;0.7124108;3.0
0;1.3461103;0.5130668;4.0
0;2.3393388;0.47055617;4.0
0;2.183408;0.337582;4.0
0;1.1834754;0.35859647;4.0
0;1.7300881;0.4026668;4.0
0;1.5570595;0.4279117;4.0
0;1.6444824;0.42763072;4.0
0;1.214465;0.45343134;4.0
0;1.059844;0.4100689;4.0
0;1.1136894;0.41186884;4.0
0;1.5731523;0.38189346;4.0
0;1.6387249;0.41462;4.0
0;1.2655121;0.40247646;4.0
0;1.9344623;0.44295788;4.0
0;1.6254333;0.35349873;4.0
0;1.747541;0.4502582;4.0
0;1.0147526;0.4619323;4.0
0;1.5521691;0.46674186;4.0
0;1.8957777;0.44811726;4.0
0;1.5592736;0.40751466;4.0
0;1.0654975;0.38026685;4.0
0;2.4695404;0.43614906;4.0
0;1.3184698;0.43528834;4.0
0;1.2782301;0.4208942;4.0
0;2.0007346;0.42528585;4.0
0;1.4187604;0.48757076;4.0
0;1.3909397;0.4898984;4.0
0;2.1685133;0.40740559;4.0
0;2.854979;0.45267773;4.0
0;1.5664666;0.40970168;4.0
0;1.9844108;0.39798623;4.0
0;1.692076;0.48219636;4.0
0;1.1233544;0.5066292;4.0
0;1.2595474;0.49918565;4.0
0;1.2519941;0.40269658;4.0
0;1.7493527;0.37705803;4.0
0;2.033602;0.46864814;4.0
0;1.720506;0.4296028;4.0
0;1.6666242;0.44093463;4.0
0;0.933553;0.2989425;4.0
0;2.4611254;0.41492268;4.0
0;0.42482302;0.46198356;4.0
0;1.8884271;0.4951169;4.0
0;1.6074319;0.3636419;4.0
0;1.5720203;0.4214059;4.0
0;2.032689;0.509413;4.0
0;1.5049336;0.44331005;4.0
0;2.0501895;0.45565042;4.0
0;1.9075625;0.4339078;4.0
0;0.5909066;0.4077484;4.0
0;1.5886978;0.2959658;4.0
0;1.5420789;0.441696;4.0
0;1.7242129;0.3673923;4.0
0;1.3180549;0.48830006;4.0
0;2.3064177;0.40971935;4.0
0;1.6982157;0.39662406;4.0
0;2.1058211;0.39913914;4.0
0;1.1851412;0.4075164;4.0
0;2.2036831;0.36624882;4.0
0;2.0015883;0.37747246;4.0
0;0.9772078;0.42702988;4.0
0;1.6180269;0.4864353;4.0
0;1.7557458;0.5034976;4.0
0;1.4789677;0.45003366;4.0
0;1.5535841;0.40428427;4.0
0;1.6731074;0.3834972;4.0
0;1.696912;0.3690887;4.0
0;1.7146103;0.5539105;4.0
0;2.223596;0.46836984;4.0
0;1.7461878;0.34076798;4.0
0;1.9598849;0.5065158;4.0
0;0.9075714;0.4370768;4.0
0;1.8366382;0.44896826;4.0
0;0.8849289;0.44246066;4.0
0;1.2628896;0.47587523;4.0
0;1.9778264;0.44611874;4.0
0;1.8802428;0.41004363;4.0
0;1.5315537;0.3756382;4.0
0;1.2360419;0.43487525;4.0
0;2.0037105;0.4632806;4.0
0;1.5453726;0.436801;4.0
0;2.3668866;0.46952003;4.0
0;1.4406573;0.43533453;4.0
0;1.421238;0.47436246;4.0
0;2.0501676;0.46119428;4.0
0;1.0960418;0.46051893;4.0
0;1.6710207;0.444272;4.0
0;1.750591;0.46333036;4.0
0;1.3394771;0.42108646;4.0
0;1.7826009;0.3252163;4.0
0;1.7120408;0.34200707;4.0
0;1.643565;0.4577579;4.0
0;1.9178377;0.3520726;4.0
0;1.8050435;0.42560476;4.0
0;2.0683806;0.38225433;4.0
0;1.5610281;0.42616564;4.0
0;2.287146;0.49041903;4.0
0;1.4725646;0.44516084;4.0
0;1.505646;0.41223103;4.0
0;1.9290385;0.44378012;4.0
0;1.6251111;0.45324257;4.0
0;1.3979841;0.3740732;4.0
0;1.6565176;0.46213737;4.0
0;1.0451103;0.4144896;4.0
0;1.2755806;0.4345485;4.0
0;1.9022545;0.38421673;4.0
0;1.5685916;0.3535103;4.0
0;1.106674;0.41292262;4.0
0;1.6744938;0.47547388;4.0
0;0.87876344;0.3969119;4.0
0;2.0770378;0.42674378;4.0
0;1.6218445;0.29806075;4.0
0;1.1489137;0.4511496;4.0
0;1.0523659;0.45721152;4.0
0;2.1656828;0.3676044;4.0
0;1.7314786;0.39011538;4.0
0;1.5518353;0.42121658;4.0
0;2.0060337;0.43917394;4.0
0;1.5179188;0.403942;4.0
0;2.082488;0.5034586;4.0
0;2.0138745;0.3569216;4.0
0;1.9950693;0.36416426;4.0
0;1.1864392;0.5126239;4.0
0;1.4237657;0.48349056;4.0
0;0.7833632;0.41787142;4.0
0;1.4643809;0.48721275;4.0
0;1.4625614;0.49131808;4.0
0;1.539144;0.33744466;4.0
0;2.3097792;0.360375;4.0
0;1.7155049;0.35085765;4.0
0;1.5120932;0.37363347;4.0
0;0.8027446;0.51730394;4.0
0;1.4697344;0.40926495;4.0
0;1.3727573;0.40924287;4.0
0;2.2296145;0.33866218;4.0
0;1.66275;0.41866052;4.0
0;1.6126733;0.34873512;4.0
0;1.3810258;0.38965523;4.0
0;1.854784;0.52542204;4.0
0;2.002823;0.42716232;4.0
0;1.3009628;0.3652063;4.0
0;1.5107027;0.43662912;4.0
0;1.6618363;0.39141497;4.0
0;1.4517684;0.4597212;4.0
0;2.1236963;0.35537344;4.0
0;1.7268856;0.44632113;4.0
0;1.9766219;0.45777595;4.0
0;1.3994044;0.36726457;4.0
0;2.2148604;0.3756126;4.0
0;2.0471225;0.3963488;4.0
0;2.161201;0.49151066;4.0
0;0.5092089;0.11637847;5.0
0;0.9376893;0.13128813;5.0
0;1.3145406;0.04128022;5.0
0;0.9906591;0.12186418;5.0
0;0.52747154;0.16209483;5.0
0;1.1276009;0.116524205;5.0
0;0.7447402;0.13500042;5.0
0;1.54919;0.12901562;5.0
0;0.8580791;0.14929083;5.0
0;0.8885294;0.20452565;5.0
0;0.13282727;0.08702115;5.0
0;0.933768;0.19712444;5.0
0;0.5649709;0.14711356;5.0
0;0.9676634;0.13915719;5.0
0;0.9831793;0.14392498;5.0
0;0.86543965;0.22991014;5.0
0;0.9142704;0.07711754;5.0
0;1.0626174;0.13326608;5.0
0;0.79390293;0.16068825;5.0
0;1.0279064;0.099587046;5.0
0;0.47046238;0.0;5.0
0;0.87156653;0.2369379;5.0
0;0.9934285;0.14903542;5.0
0;1.467132;0.13689846;5.0
0;1.1960264;0.16239628;5.0
0;0.7650572;0.14350507;5.0
0;0.98053896;0.10671752;5.0
0;0.69533813;0.035748176;5.0
0;1.3754647;0.053711962;5.0
0;1.0038245;0.19285463;5.0
0;0.8185153;0.15963298;5.0
0;0.25945354;0.14075129;5.0
0;1.277307;0.12466649;5.0
0;0.686349;0.17513138;5.0
0;0.89914834;0.11171433;5.0
0;0.4851535;0.13073134;5.0
0;0.5364601;0.15137802;5.0
0;0.9045665;0.22895029;5.0
0;1.0718982;0.10844072;5.0
0;0.7238289;0.09889039;5.0
0;0.32230607;0.17923228;5.0
0;0.66743314;0.1489767;5.0
0;1.3977382;0.14741215;5.0
0;0.13223152;0.17992608;5.0
0;0.71409076;0.18633255;5.0
0;1.2978492;0.13861573;5.0
0;1.2038014;0.22696832;5.0
0;1.3121707;0.05115516;5.0
0;0.9456396;0.09578399;5.0
0;0.7873344;0.09317867;5.0
0;1.7363386;0.11366347;5.0
0;0.7356814;0.11299005;5.0
0;0.96079016;0.033431906;5.0
0;0.057185143;0.19022526;5.0
0;1.1811311;0.124908045;5.0
0;1.2784659;0.07881897;5.0
0;1.0155213;0.17539176;5.0
0;1.3914268;0.026726993;5.0
0;1.1316137;0.1687906;5.0
0;0.5923317;0.10248692;5.0
0;1.2697823;0.090939514;5.0
0;1.1320769;0.13562399;5.0
0;1.392056;0.13513523;5.0
0;1.111408;0.1271145;5.0
0;0.80904293;0.149999;5.0
0;0.9343266;0.17864771;5.0
0;0.5110946;0.08740338;5.0
0;1.3872888;0.101635225;5.0
0;1.5325166;0.09840009;5.0
0;1.1877894;0.14457655;5.0
0;0.49446994;0.14996931;5.0
0;0.8465404;0.26092577;5.0
0;0.7256167;0.1378009;5.0
0;1.3908222;0.09579528;5.0
0;0.7737288;0.106740095;5.0
0;1.2869116;0.1383373;5.0
0;1.1992241;0.12676387;5.0
0;0.8033825;0.17985769;5.0
0;0.5004324;0.10487079;5.0
0;0.24142754;0.13733853;5.0
0;0.9934008;0.07544492;5.0
0;0.9232751;0.11500708;5.0
0;1.1330172;0.08430637;5.0
0;0.19361074;0.107302524;5.0
0;0.7137904;0.12453087;5.0
0;0.891646;0.190224;5.0
0;1.1956701;0.12662685;5.0
0;0.6271411;0.11141853;5.0
0;0.8466829;0.14401911;5.0
0;0.3007409;0.14652276;5.0
0;0.0;0.1566004;5.0
0;0.9946792;0.13114671;5.0
0;1.115654;0.069236316;5.0
0;0.9237876;0.08796896;5.0
0;1.5731602;0.13697933;5.0
0;0.42927516;0.1431946;5.0
0;0.9008038;0.16537797;5.0
0;0.5310483;0.10322185;5.0
0;0.9484343;0.1938657;5.0
0;0.7139014;0.16659945;5.0
0;0.8292616;0.08021705;5.0
0;0.74107456;0.09629012;5.0
0;0.9099133;0.16231073;5.0
0;0.5541074;0.09278075;5.0
0;0.59758204;0.23313852;5.0
0;1.2442471;0.1818722;5.0
0;0.92594945;0.059360493;5.0
0;1.3700345;0.09511527;5.0
0;0.61629283;0.14459679;5.0
0;0.5100497;0.20212711;5.0
0;1.1698927;0.12187349;5.0
0;1.0960035;0.10518367;5.0
0;1.3007461;0.107523546;5.0
0;0.95402443;0.19625345;5.0
0;0.9687479;0.130512;5.0
0;1.2723948;0.06020846;5.0
0;0.8192734;0.07651025;5.0
0;0.83071995;0.18899;5.0
0;1.4479173;0.09834174;5.0
0;0.62957066;0.076693304;5.0
0;0.576347;0.0946205;5.0
0;1.4850304;0.21806905;5.0
0;0.93956155;0.12609924;5.0
0;0.8616166;0.21131377;5.0
0;0.9576114;0.084181815;5.0
0;1.4344854;0.16795363;5.0
0;0.72123915;0.13742805;5.0
0;0.6711601;0.107879095;5.0
0;0.93094915;0.05706526;5.0
0;1.230546;0.1924963;5.0
0;0.50664675;0.10191878;5.0
0;1.030481;0.07301686;5.0
0;0.12158908;0.13174455;5.0
0;1.0768548;0.099390574;5.0
0;1.0997256;0.09298527;5.0
0;0.43180096;0.08357577;5.0
0;1.3312367;0.10718493;5.0
0;1.1451448;0.15184389;5.0
0;1.158304;0.08362555;5.0
0;0.59589624;0.16716012;5.0
0;0.35339287;0.09976636;5.0
0;0.79497206;0.12072283;5.0
0;1.1553108;0.11783959;5.0
0;0.915373;0.07528651;5.0
0;0.6098342;0.22045305;5.0
0;0.3534122;0.09887015;5.0
0;0.9149617;0.10981812;5.0
0;1.525955;0.15325817;5.0
0;0.9848544;0.17198649;5.0
0;0.20943363;0.14656432;5.0
0;1.1149406;0.014293201;5.0
