DY
502
2

0;1.9173472;0.89594775;1.0
0;1.9719659;0.92369884;1.0
0;1.9382471;0.9252071;1.0
0;1.9613107;0.9332228;1.0
0;1.9231995;0.9249172;1.0
0;1.9614017;0.91436726;1.0
0;1.9717817;0.93609595;1.0
0;1.9365664;0.9102208;1.0
0;1.9646177;0.90668803;1.0
0;1.9635111;0.8946642;1.0
0;1.9542603;0.8752678;1.0
0;1.9442039;0.9350496;1.0
0;1.9566642;0.9182243;1.0
0;1.9460207;0.90847665;1.0
0;1.9555956;0.9089139;1.0
0;1.9516748;0.9182442;1.0
0;1.9537823;0.9224562;1.0
0;1.9724331;0.9247801;1.0
0;1.939952;0.9236375;1.0
0;1.9769632;0.88257664;1.0
0;1.9494708;0.8895169;1.0
0;1.967625;0.9278392;1.0
0;1.926778;0.8475074;1.0
0;1.9844794;0.934382;1.0
0;1.8964579;0.92772394;1.0
0;1.9480909;0.96711034;1.0
0;1.9955745;0.920403;1.0
0;1.9975479;0.9491416;1.0
0;1.968375;0.8859002;1.0
0;1.9686884;0.88560694;1.0
0;1.9486123;0.9057251;1.0
0;1.9525055;0.9187824;1.0
0;1.9390461;0.9139051;1.0
0;1.980699;0.92469716;1.0
0;1.9600286;0.8567401;1.0
0;1.9637316;0.90554446;1.0
0;1.9729538;0.9379736;1.0
0;1.9484096;0.9529475;1.0
0;1.9322675;0.95013994;1.0
0;1.9471563;0.9314676;1.0
0;1.9576545;0.89988464;1.0
0;1.9202814;0.9071661;1.0
0;1.9786793;0.8964218;1.0
0;1.9453633;0.9130052;1.0
0;1.9734479;0.9882231;1.0
0;1.9680679;0.91813636;1.0
0;1.9819237;0.84462154;1.0
0;1.9172947;0.9435465;1.0
0;1.9633586;0.90598583;1.0
0;1.9812361;0.9159393;1.0
0;1.9631177;0.9002703;1.0
0;1.9595689;0.91368294;1.0
0;1.9718453;0.8711885;1.0
0;1.9660355;0.90956783;1.0
0;1.9378177;0.98134035;1.0
0;1.9860532;0.93108237;1.0
0;1.9551815;0.91904205;1.0
0;1.9604523;0.88347566;1.0
0;1.9638605;0.8661836;1.0
0;1.9868855;0.93028235;1.0
0;1.9539403;0.9004365;1.0
0;1.9288484;0.90468323;1.0
0;1.9448278;0.89834404;1.0
0;1.988824;0.88754165;1.0
0;1.9726173;0.9045718;1.0
0;1.9416037;0.9135297;1.0
0;1.975456;0.94998693;1.0
0;1.973674;0.8933353;1.0
0;1.9936801;0.88572115;1.0
0;1.9917012;0.90267843;1.0
0;1.9461243;0.908695;1.0
0;1.9550052;0.9606216;1.0
0;1.9534887;0.86423874;1.0
0;1.9576926;0.976033;1.0
0;1.9547586;0.90417916;1.0
0;1.9505705;0.9552631;1.0
0;1.9405048;0.9399306;1.0
0;1.9429635;0.8785212;1.0
0;1.9511507;0.89014816;1.0
0;1.9351969;0.8840001;1.0
0;1.9587638;0.96648383;1.0
0;1.9537898;0.88042974;1.0
0;1.9464823;0.8482715;1.0
0;1.9804436;0.94063115;1.0
0;1.9630815;0.9205327;1.0
0;1.9625566;0.89585066;1.0
0;1.9677513;0.95839196;1.0
0;1.9782571;0.91378826;1.0
0;1.9475696;0.8697439;1.0
0;1.9628997;0.90448713;1.0
0;1.9498932;0.92173636;1.0
0;1.9487362;0.8919532;1.0
0;1.9373405;0.9256352;1.0
0;1.989306;0.9545756;1.0
0;1.9800788;0.86626214;1.0
0;1.9742589;0.91742164;1.0
0;1.9584376;0.96761954;1.0
0;1.9568899;0.8991686;1.0
0;1.9659361;0.9083057;1.0
0;1.9742268;0.8917309;1.0
0;1.9589702;0.8635201;1.0
0;1.9611233;0.9402184;1.0
0;1.9521077;0.9494759;1.0
0;1.9846901;0.8811103;1.0
0;1.9405477;0.8943493;1.0
0;1.9594908;0.91517276;1.0
0;1.935725;0.9379551;1.0
0;1.9692696;0.9041324;1.0
0;1.9762986;0.9057673;1.0
0;1.9482437;0.92923105;1.0
0;1.9591943;0.85226065;1.0
0;1.9689001;0.95613354;1.0
0;1.9623486;0.91679007;1.0
0;1.9569498;0.90129715;1.0
0;1.9701557;0.8996225;1.0
0;1.9570867;0.9001863;1.0
0;1.9777119;0.9261643;1.0
0;1.9303888;0.9001113;1.0
0;1.9949183;0.900431;1.0
0;1.9632965;0.9084727;1.0
0;1.950624;0.93473274;1.0
0;1.9890977;0.9289311;1.0
0;1.9326597;0.91423327;1.0
0;1.9013602;0.9038527;1.0
0;1.9724216;0.92404693;1.0
0;1.9708321;0.90327734;1.0
0;1.9381666;0.88754463;1.0
0;1.9598212;0.905979;1.0
0;1.9725294;0.93133897;1.0
0;1.9753191;0.8846216;1.0
0;1.9408154;0.9296743;1.0
0;1.9787681;0.9345132;1.0
0;1.946343;0.89074254;1.0
0;1.9501821;0.94378144;1.0
0;1.9626437;0.93554103;1.0
0;1.9852164;0.827371;1.0
0;1.9752283;0.9111935;1.0
0;1.9477465;0.97890955;1.0
0;1.9512881;0.92310107;1.0
0;1.9771341;0.91429096;1.0
0;1.9640065;1.0;1.0
0;1.95343;0.95770705;1.0
0;1.9641289;0.93052787;1.0
0;1.9597;0.8832598;1.0
0;1.9331764;0.86927265;1.0
0;1.9385422;0.9081441;1.0
0;1.9511712;0.90852314;1.0
0;1.9311109;0.96071905;1.0
0;1.9604158;0.9086076;1.0
0;1.9493563;0.9394459;1.0
0;1.9746343;0.9245506;1.0
0;1.9471207;0.8616453;1.0
0;1.958759;0.9031448;1.0
0;1.9412906;0.9520228;1.0
0;1.9727261;0.9167368;1.0
0;2.0;0.89117163;1.0
0;1.9633448;0.88783157;1.0
0;1.9348335;0.9273083;1.0
0;1.9804467;0.9240998;1.0
0;1.9514427;0.84581155;1.0
0;1.9331908;0.93425786;1.0
0;1.9670175;0.8880333;1.0
0;1.9351335;0.9312947;1.0
0;1.9688672;0.92861605;1.0
0;1.9436618;0.87632;1.0
0;1.9571799;0.9236685;1.0
0;1.9275885;0.90307295;1.0
0;1.9449457;0.89706284;1.0
0;1.9712662;0.94343936;1.0
0;1.9760845;0.9020987;1.0
0;1.9652426;0.9302277;1.0
0;1.9609138;0.8764178;1.0
0;1.9758364;0.98299503;1.0
0;1.9468013;0.9153102;1.0
0;1.9493479;0.9100024;1.0
0;1.9820352;0.9479128;1.0
0;1.9390435;0.8995671;1.0
0;1.9421132;0.9599941;1.0
0;1.9722571;0.93026257;1.0
0;1.9605716;0.94894767;1.0
0;1.9250371;0.8921863;1.0
0;1.925709;0.94154716;1.0
0;1.9513004;0.9222494;1.0
0;1.9397337;0.8713105;1.0
0;1.9524348;0.9580022;1.0
0;1.9507899;0.920064;1.0
0;1.9529852;0.933285;1.0
0;1.9746188;0.91839916;1.0
0;1.9512892;0.893178;1.0
0;1.9759538;0.90001535;1.0
0;1.9466662;0.88930357;1.0
0;1.9696604;0.91879374;1.0
0;1.976028;0.87066436;1.0
0;1.9683609;0.94019145;1.0
0;1.9572537;0.95335644;1.0
0;1.9551562;0.9082362;1.0
0;1.9642513;0.8692908;1.0
0;1.9043056;0.9373561;1.0
0;1.9592324;0.8945032;1.0
0;1.9485567;0.8572585;1.0
0;1.9609869;0.9157433;1.0
0;1.9520099;0.92583567;1.0
0;1.9446472;0.9238294;1.0
0;1.958405;0.94108045;1.0
0;1.9882451;0.9052995;1.0
0;1.9775995;0.93747675;1.0
0;1.9273031;0.9335433;1.0
0;1.9573052;0.9608072;1.0
0;1.9632139;0.84759104;1.0
0;1.9432485;0.95862085;1.0
0;1.9386438;0.88104475;1.0
0;1.9568225;0.953001;1.0
0;1.9484494;0.94549346;1.0
0;1.9496108;0.8878937;1.0
0;1.9559882;0.87029827;1.0
0;1.9476942;0.9439652;1.0
0;1.9588206;0.9057756;1.0
0;1.9539247;0.8972573;1.0
0;1.9503895;0.9324856;1.0
0;1.9262357;0.91220576;1.0
0;1.9521227;0.9122301;1.0
0;1.9542894;0.9495144;1.0
0;1.9659683;0.9457259;1.0
0;1.9289764;0.89435333;1.0
0;1.9691775;0.9448452;1.0
0;1.954819;0.90225613;1.0
0;1.9760356;0.9261107;1.0
0;1.9392333;0.89243585;1.0
0;1.9315233;0.90644;1.0
0;1.9269608;0.9279616;1.0
0;1.9246756;0.9352352;1.0
0;1.9493521;0.93343043;1.0
0;1.9634746;0.9103551;1.0
0;1.9410129;0.92963713;1.0
0;1.9332496;0.9383936;1.0
0;1.9514352;0.90268433;1.0
0;1.8949888;0.9127018;1.0
0;1.917795;0.9283154;1.0
0;1.9502157;0.8732225;1.0
0;1.9373676;0.8771892;1.0
0;1.958439;0.9541396;1.0
0;1.9887979;0.9346747;1.0
0;1.9596506;0.94307727;1.0
0;1.9660035;0.9185878;1.0
0;1.9700019;0.9233465;1.0
0;1.9356668;0.8731812;1.0
0;1.9452447;0.8921845;1.0
0;1.9772648;0.8488711;1.0
0;1.9677833;0.9221292;1.0
0;1.9405622;0.8751459;1.0
0;1.9234134;0.90252525;1.0
0;0.05684288;0.042867076;2.0
0;0.07468927;0.073432714;2.0
0;0.07039487;0.06713309;2.0
0;0.055945802;0.05795117;2.0
0;0.048691604;0.02940446;2.0
0;0.07293459;0.08169864;2.0
0;0.06513826;0.13931446;2.0
0;0.039221164;0.069027156;2.0
0;0.0772322;0.117474966;2.0
0;0.059103217;0.11768178;2.0
0;0.0631511;0.025157614;2.0
0;0.06040314;0.07622861;2.0
0;0.07337812;0.08526657;2.0
0;0.06448288;0.03403367;2.0
0;0.04837574;0.11578151;2.0
0;0.07934061;0.12777507;2.0
0;0.078298025;0.07370154;2.0
0;0.06799103;0.083621286;2.0
0;0.06351947;0.10271935;2.0
0;0.086803444;0.041556906;2.0
0;0.047795124;0.07970376;2.0
0;0.047586888;0.118236765;2.0
0;0.07782343;0.01802764;2.0
0;0.017725334;0.043007016;2.0
0;0.028409915;0.045407306;2.0
0;0.055403665;0.084505014;2.0
0;0.08627253;0.12509204;2.0
0;0.091476634;0.07591831;2.0
0;0.055494454;0.08610755;2.0
0;0.056697577;0.070708886;2.0
0;0.046639305;0.1177794;2.0
0;0.07814932;0.11506697;2.0
0;0.06811068;0.0;2.0
0;0.06262459;0.039013825;2.0
0;0.08146787;0.025890924;2.0
0;0.07199202;0.12253908;2.0
0;0.04697;0.097188234;2.0
0;0.103296;0.13286492;2.0
0;0.057217866;0.10658216;2.0
0;0.07125728;0.0975732;2.0
0;0.056320187;0.086882345;2.0
0;0.06451796;0.07018431;2.0
0;0.10136996;0.06278233;2.0
0;0.0434853;0.09544743;2.0
0;0.06703684;0.12112291;2.0
0;0.09472825;0.018904159;2.0
0;0.07732258;0.07369282;2.0
0;0.0;0.18565811;2.0
0;0.07347713;0.050023865;2.0
0;0.04521412;0.085714206;2.0
0;0.045636605;0.075073294;2.0
0;0.044093974;0.09439494;2.0
0;0.05866049;0.09339146;2.0
0;0.057857808;0.055580128;2.0
0;0.09897915;0.06423806;2.0
0;0.05597827;0.107573226;2.0
0;0.06579784;0.08266768;2.0
0;0.07116989;0.13481052;2.0
0;0.06600588;0.043076906;2.0
0;0.048147265;0.08992066;2.0
0;0.04493674;0.08905328;2.0
0;0.032763638;0.08259301;2.0
0;0.08080488;0.03986487;2.0
0;0.08631943;0.1310828;2.0
0;0.07985208;0.0835478;2.0
0;0.042424876;0.098839544;2.0
0;0.06023198;0.07828349;2.0
0;0.10687389;0.09156351;2.0
0;0.03339115;0.048514593;2.0
0;0.070513315;0.17561175;2.0
0;0.05204062;0.09034149;2.0
0;0.080289;0.037622456;2.0
0;0.08104238;0.05896478;2.0
0;0.039307144;0.028892374;2.0
0;0.056395143;0.058609314;2.0
0;0.05151612;0.062736414;2.0
0;0.08889603;0.05901908;2.0
0;0.028293872;0.061820257;2.0
0;0.060691945;0.0980252;2.0
0;0.060071643;0.0585913;2.0
0;0.08221724;0.05597481;2.0
0;0.057208244;0.10167876;2.0
0;0.07830564;0.07646844;2.0
0;0.085495904;0.11997941;2.0
0;0.023630705;0.14602251;2.0
0;0.077916026;0.08636121;2.0
0;0.048205987;0.06281183;2.0
0;0.059547346;0.023207735;2.0
0;0.06210651;0.056524772;2.0
0;0.07932859;0.113775395;2.0
0;0.08144402;0.07783961;2.0
0;0.031930894;0.14518973;2.0
0;0.092480935;0.07008384;2.0
0;0.059508666;0.115367465;2.0
0;0.07257464;0.07531296;2.0
0;0.07577374;0.15753064;2.0
0;0.03320877;0.12768625;2.0
0;0.04802601;0.13084348;2.0
0;0.08595908;0.10796146;2.0
0;0.055915136;0.06836549;2.0
0;0.056375302;0.09627065;2.0
0;0.04557788;0.13175803;2.0
0;0.042140078;0.045869615;2.0
0;0.090914056;0.15120353;2.0
0;0.06937393;0.051069822;2.0
0;0.056109343;0.13286257;2.0
0;0.0451087;0.14313921;2.0
0;0.036885273;0.0910836;2.0
0;0.02209609;0.07615981;2.0
0;0.08238799;0.01569062;2.0
0;0.08222184;0.050720055;2.0
0;0.046091158;0.095114;2.0
0;0.08794644;0.07317144;2.0
0;0.094502375;0.12293268;2.0
0;0.093620725;0.06810698;2.0
0;0.098828234;0.085004024;2.0
0;0.050065883;0.06017339;2.0
0;0.0661123;0.04505209;2.0
0;0.07524323;0.067364365;2.0
0;0.07426478;0.079114504;2.0
0;0.08004068;0.12278369;2.0
0;0.07146952;0.059139;2.0
0;0.075340234;0.093389034;2.0
0;0.06704846;0.10041543;2.0
0;0.10169785;0.021644749;2.0
0;0.055686258;0.053391594;2.0
0;0.07507607;0.005116996;2.0
0;0.069720656;0.101217456;2.0
0;0.034717932;0.1520291;2.0
0;0.05379269;0.10886513;2.0
0;0.095635146;0.08462158;2.0
0;0.08498383;0.07482299;2.0
0;0.027341878;0.10165228;2.0
0;0.082139276;0.07535385;2.0
0;0.048426047;0.015758326;2.0
0;0.09965096;0.035761822;2.0
0;0.05340167;0.11388744;2.0
0;0.06414317;0.14938362;2.0
0;0.048624665;0.07299035;2.0
0;0.0922254;0.08138482;2.0
0;0.08293935;0.09578346;2.0
0;0.05666611;0.08551561;2.0
0;0.089729175;0.06818868;2.0
0;0.110056154;0.026793169;2.0
0;0.07315185;0.16192488;2.0
0;0.057782847;0.0634176;2.0
0;0.06909495;0.11653526;2.0
0;0.061588623;0.067064375;2.0
0;0.051511712;0.029335998;2.0
0;0.054796394;0.08500151;2.0
0;0.06761685;0.075775936;2.0
0;0.0830095;0.08678991;2.0
0;0.070351176;0.12011843;2.0
0;0.08246836;0.12675677;2.0
0;0.03585812;0.07127301;2.0
0;0.05119625;0.022366496;2.0
0;0.063174546;0.05152392;2.0
0;0.078535125;0.10986601;2.0
0;0.059784442;0.07573446;2.0
0;0.07053336;0.10891968;2.0
0;0.11632429;0.0652598;2.0
0;0.06469253;0.034929212;2.0
0;0.052319806;0.08565588;2.0
0;0.049016483;0.12200043;2.0
0;0.07704019;0.10251129;2.0
0;0.08217234;0.053729966;2.0
0;0.09329384;0.057288837;2.0
0;0.075003326;0.083375596;2.0
0;0.052529443;0.11719466;2.0
0;0.07801243;0.089609526;2.0
0;0.060166843;0.09696802;2.0
0;0.084708855;0.09542221;2.0
0;0.050332643;0.08966081;2.0
0;0.078138694;0.13863763;2.0
0;0.057297833;0.09712279;2.0
0;0.076331906;0.04285149;2.0
0;0.06106252;0.12640013;2.0
0;0.07622147;0.06274957;2.0
0;0.04438238;0.08534944;2.0
0;0.07166473;0.04291568;2.0
0;0.008679583;0.113294065;2.0
0;0.08246255;0.12444329;2.0
0;0.10059133;0.057103895;2.0
0;0.08106502;0.08089352;2.0
0;0.046079934;0.07554122;2.0
0;0.06675524;0.048882715;2.0
0;0.07757531;0.084103204;2.0
0;0.03677464;0.08633171;2.0
0;0.05202158;0.09422818;2.0
0;0.060344215;0.06757587;2.0
0;0.073472515;0.14189567;2.0
0;0.07143205;0.089790866;2.0
0;0.08282331;0.10418681;2.0
0;0.04036897;0.09845701;2.0
0;0.046075124;0.08725172;2.0
0;0.06362368;0.10253416;2.0
0;0.06462498;0.08266818;2.0
0;0.08980934;0.07265273;2.0
0;0.08382721;0.040159672;2.0
0;0.060019534;0.08611903;2.0
0;0.04276178;0.07116776;2.0
0;0.0644915;0.08692566;2.0
0;0.058400944;0.1398867;2.0
0;0.06927974;0.101247795;2.0
0;0.089253776;0.08153767;2.0
0;0.05319985;0.0913541;2.0
0;0.09030639;0.08783889;2.0
0;0.10053581;0.1432365;2.0
0;0.071238235;0.08597792;2.0
0;0.02217245;0.08491411;2.0
0;0.060554255;0.0647964;2.0
0;0.0793344;0.09311979;2.0
0;0.11399782;0.13008;2.0
0;0.019144306;0.08110184;2.0
0;0.04681908;0.08995929;2.0
0;0.062476683;0.038838103;2.0
0;0.050141443;0.12377459;2.0
0;0.048357304;0.08786353;2.0
0;0.12050344;0.075026706;2.0
0;0.05555899;0.030185869;2.0
0;0.058796972;0.13363568;2.0
0;0.062427178;0.076505646;2.0
0;0.07913578;0.10176943;2.0
0;0.07278889;0.09560731;2.0
0;0.06909054;0.11440857;2.0
0;0.045241978;0.076303355;2.0
0;0.04884753;0.06926808;2.0
0;0.08661846;0.04091217;2.0
0;0.06493283;0.082084864;2.0
0;0.089063175;0.113502055;2.0
0;0.012041626;0.10321292;2.0
0;0.07431548;0.09700648;2.0
0;0.066596515;0.055312645;2.0
0;0.0677369;0.10735326;2.0
0;0.05512448;0.08923638;2.0
0;0.08197734;0.08605803;2.0
0;0.041884743;0.025610203;2.0
0;0.08397652;0.07701178;2.0
0;0.065304406;0.07020032;2.0
0;0.054179903;0.10158583;2.0
0;0.061775412;0.08877264;2.0
0;0.03313622;0.11356942;2.0
0;0.0304069;0.05518452;2.0
0;0.03962962;0.050515756;2.0
0;0.08052329;0.091769315;2.0
0;0.02809225;0.063958846;2.0
0;0.07508971;0.11506387;2.0
0;0.058526408;0.06415862;2.0
0;0.03969255;0.117939115;2.0
0;0.062863894;0.08362682;2.0
0;0.06996136;0.04310104;2.0
