DY
505
2

0;2.4819827;0.014862529;1.0
0;2.4429047;0.039561406;1.0
0;2.4395058;0.031252198;1.0
0;2.3937483;0.05858504;1.0
0;2.4101877;0.018564587;1.0
0;2.429554;0.027299818;1.0
0;2.3612175;0.06139125;1.0
0;2.4413886;0.019118754;1.0
0;2.4221737;0.011032921;1.0
0;2.4373903;0.029487254;1.0
0;2.434;0.05906129;1.0
0;2.3660707;0.016690318;1.0
0;2.4436846;0.026110437;1.0
0;2.4863458;0.02923974;1.0
0;2.3407207;0.04426005;1.0
0;2.372522;0.028641548;1.0
0;2.3875747;0.047738332;1.0
0;2.413896;0.0480664;1.0
0;2.4382067;0.033434454;1.0
0;2.4793015;0.010309893;1.0
0;2.3487046;0.02972532;1.0
0;2.3645184;0.03398282;1.0
0;2.3960662;0.035765775;1.0
0;2.3669105;0.024208171;1.0
0;2.3863068;0.010837006;1.0
0;2.4474497;0.016947918;1.0
0;2.338225;0.027767885;1.0
0;2.445722;0.03800678;1.0
0;2.409389;0.05635835;1.0
0;2.4186893;0.025456645;1.0
0;2.434328;0.052074183;1.0
0;2.4432962;0.01908453;1.0
0;2.4056265;0.04259333;1.0
0;2.3985646;0.027384449;1.0
0;2.4278195;0.038609862;1.0
0;2.3942778;0.01997297;1.0
0;2.384451;0.04438826;1.0
0;2.425544;0.018094594;1.0
0;2.3961465;0.02920398;1.0
0;2.4748986;0.03700932;1.0
0;2.4362094;0.031908687;1.0
0;2.439165;0.025706386;1.0
0;2.4306703;0.027158054;1.0
0;2.403048;0.040744666;1.0
0;2.3618324;0.041985087;1.0
0;2.3807356;0.03290634;1.0
0;2.3260713;0.023065541;1.0
0;2.430341;0.03586888;1.0
0;2.3827982;0.03269551;1.0
0;2.3697066;0.051326115;1.0
0;2.3865132;0.022380756;1.0
0;2.5077753;0.031970114;1.0
0;2.46236;0.03309055;1.0
0;2.5002112;0.027122773;1.0
0;2.3882837;0.02859458;1.0
0;2.4406977;0.017292844;1.0
0;2.442459;0.03244577;1.0
0;2.4344618;0.037744265;1.0
0;2.3300638;0.056191728;1.0
0;2.4739318;0.0280043;1.0
0;2.449624;0.03923477;1.0
0;2.4891648;0.034151897;1.0
0;2.4246378;0.028567046;1.0
0;2.2975516;0.010587804;1.0
0;2.3755856;0.03507647;1.0
0;2.506644;0.051027812;1.0
0;2.4234936;0.004433606;1.0
0;2.4595418;0.03150955;1.0
0;2.3392334;0.043239914;1.0
0;2.3231769;0.023465592;1.0
0;2.4143095;0.035372045;1.0
0;2.3848557;0.0;1.0
0;2.4709687;0.03750942;1.0
0;2.339521;0.05633737;1.0
0;2.3667393;0.042192914;1.0
0;2.4896717;0.053893298;1.0
0;2.488615;0.05314883;1.0
0;2.4526286;0.024767863;1.0
0;2.455594;0.0476435;1.0
0;2.485803;0.04359389;1.0
0;2.4591398;0.034411106;1.0
0;2.4309692;0.018288232;1.0
0;2.4428036;0.036464322;1.0
0;2.4359746;0.023555452;1.0
0;2.4041522;0.045387518;1.0
0;2.4187455;0.021339674;1.0
0;2.4436917;0.03285136;1.0
0;2.464715;0.05162559;1.0
0;2.3912075;0.033144563;1.0
0;2.405768;0.031669464;1.0
0;2.4309874;0.019232119;1.0
0;2.4086707;0.023765592;1.0
0;2.3665302;0.029812533;1.0
0;2.4122827;0.009594189;1.0
0;2.2986436;0.0614077;1.0
0;2.4099503;0.052877;1.0
0;2.47114;0.035976585;1.0
0;2.4648552;0.014045822;1.0
0;2.3439727;0.037163973;1.0
0;2.4260635;0.034244902;1.0
0;2.3984776;0.038007163;1.0
0;2.9783645;0.3111295;2.0
0;3.0;0.31269184;2.0
0;2.9679468;0.3143588;2.0
0;2.9809604;0.31381148;2.0
0;2.9782295;0.31295907;2.0
0;2.9834628;0.31425142;2.0
0;2.9854398;0.31154355;2.0
0;2.979861;0.30978724;2.0
0;2.9936366;0.31525642;2.0
0;2.9706705;0.3142902;2.0
0;2.9719675;0.3148205;2.0
0;2.9708629;0.31079522;2.0
0;2.962543;0.3130792;2.0
0;2.980642;0.3150434;2.0
0;2.967309;0.31026706;2.0
0;2.9847026;0.31345212;2.0
0;2.9787269;0.3112909;2.0
0;2.9875185;0.31207463;2.0
0;2.9776416;0.31197357;2.0
0;2.961979;0.31168318;2.0
0;2.9752836;0.31322926;2.0
0;2.9765651;0.31387645;2.0
0;2.986393;0.31398702;2.0
0;2.981029;0.3130442;2.0
0;2.982421;0.31236482;2.0
0;2.9618788;0.3092069;2.0
0;2.9835837;0.31501588;2.0
0;2.9808848;0.3126623;2.0
0;2.9836993;0.31135845;2.0
0;2.9724445;0.31521013;2.0
0;2.9783916;0.31601587;2.0
0;2.9733832;0.3118916;2.0
0;2.9700646;0.31433252;2.0
0;2.9746025;0.31261015;2.0
0;2.985366;0.31411165;2.0
0;2.9775815;0.31366026;2.0
0;2.9760609;0.30949113;2.0
0;2.973014;0.3118044;2.0
0;2.9732761;0.31089374;2.0
0;2.9762602;0.312843;2.0
0;2.9804175;0.3119175;2.0
0;2.979332;0.31354603;2.0
0;2.9597516;0.31237808;2.0
0;2.968303;0.3126934;2.0
0;2.9771514;0.31345084;2.0
0;2.9796858;0.31546554;2.0
0;2.981796;0.31266123;2.0
0;2.9881988;0.31467155;2.0
0;2.9690762;0.3118224;2.0
0;2.960235;0.31037202;2.0
0;2.9817863;0.31240177;2.0
0;2.9744086;0.3099447;2.0
0;2.9725332;0.3133339;2.0
0;2.979447;0.31081346;2.0
0;2.9900782;0.3112768;2.0
0;2.9810498;0.3125995;2.0
0;2.9827814;0.31370023;2.0
0;2.9696078;0.31466717;2.0
0;2.9593835;0.3112001;2.0
0;2.9710226;0.3116908;2.0
0;2.9768972;0.31288093;2.0
0;2.9758794;0.30750853;2.0
0;2.9706488;0.31379643;2.0
0;2.9716153;0.31360155;2.0
0;2.9830365;0.31417882;2.0
0;2.9743526;0.3109874;2.0
0;2.9734726;0.31189832;2.0
0;2.9818053;0.31505352;2.0
0;2.9730017;0.31259653;2.0
0;2.9675753;0.31440815;2.0
0;2.9746447;0.31117383;2.0
0;2.9819365;0.3131629;2.0
0;2.9821868;0.31014118;2.0
0;2.9754086;0.31143576;2.0
0;2.9655423;0.3146607;2.0
0;2.9829097;0.30987248;2.0
0;2.970151;0.31380326;2.0
0;2.9715323;0.31489444;2.0
0;2.9868844;0.31435236;2.0
0;2.9829175;0.31272197;2.0
0;2.9646416;0.31448454;2.0
0;2.98688;0.3111431;2.0
0;2.9787421;0.31241882;2.0
0;2.9784746;0.31277287;2.0
0;2.9713697;0.31182158;2.0
0;2.97749;0.31194162;2.0
0;2.9830105;0.31434;2.0
0;2.9801292;0.31340185;2.0
0;2.9665031;0.3146672;2.0
0;2.991788;0.31206486;2.0
0;2.9784064;0.31186035;2.0
0;2.979075;0.31710136;2.0
0;2.980423;0.31403288;2.0
0;2.9717948;0.31255212;2.0
0;2.985079;0.31195763;2.0
0;2.9864593;0.31464636;2.0
0;2.9761603;0.31215495;2.0
0;2.9813414;0.31072634;2.0
0;2.9773173;0.3130835;2.0
0;2.9746957;0.31196317;2.0
0;2.9664683;0.31173512;2.0
0;1.6539733;0.6910439;3.0
0;1.6669554;0.69211835;3.0
0;1.676028;0.6986574;3.0
0;1.6703372;0.70004416;3.0
0;1.6612569;0.7018414;3.0
0;1.656791;0.695184;3.0
0;1.6767142;0.69671303;3.0
0;1.6699529;0.7033912;3.0
0;1.6882396;0.6951753;3.0
0;1.6709535;0.6975715;3.0
0;1.6821644;0.70535046;3.0
0;1.6967437;0.70332944;3.0
0;1.6633649;0.6932376;3.0
0;1.681405;0.69742304;3.0
0;1.6667637;0.7003958;3.0
0;1.6679116;0.70050454;3.0
0;1.6535857;0.69970345;3.0
0;1.6532911;0.6958468;3.0
0;1.6450658;0.7002057;3.0
0;1.6773119;0.69963;3.0
0;1.659378;0.7051528;3.0
0;1.6608443;0.6988422;3.0
0;1.6951702;0.70292467;3.0
0;1.6636702;0.6993653;3.0
0;1.6681721;0.6929088;3.0
0;1.6739995;0.70020413;3.0
0;1.6819689;0.69733495;3.0
0;1.6693218;0.69559073;3.0
0;1.6602304;0.694028;3.0
0;1.665772;0.7029396;3.0
0;1.6607534;0.6973049;3.0
0;1.6823677;0.700749;3.0
0;1.6668515;0.70183253;3.0
0;1.6578734;0.69519454;3.0
0;1.6779437;0.7011057;3.0
0;1.6827209;0.69067764;3.0
0;1.6855245;0.69741136;3.0
0;1.6554108;0.70490724;3.0
0;1.6566;0.69955647;3.0
0;1.6444945;0.6934625;3.0
0;1.6673924;0.6962755;3.0
0;1.6864976;0.70380926;3.0
0;1.6630272;0.6936901;3.0
0;1.6616652;0.6999473;3.0
0;1.6666272;0.6999676;3.0
0;1.6829592;0.6978625;3.0
0;1.6643246;0.69786346;3.0
0;1.7145777;0.6947152;3.0
0;1.6537347;0.6980714;3.0
0;1.6531854;0.6974992;3.0
0;1.6809118;0.69973576;3.0
0;1.6932209;0.69454914;3.0
0;1.6717267;0.6918286;3.0
0;1.6657932;0.6981545;3.0
0;1.6561142;0.70285296;3.0
0;1.669621;0.7000487;3.0
0;1.6820905;0.6958021;3.0
0;1.6751161;0.70033324;3.0
0;1.6655892;0.6964564;3.0
0;1.7002518;0.6972087;3.0
0;1.6644963;0.6981677;3.0
0;1.664909;0.69912195;3.0
0;1.6719528;0.7031753;3.0
0;1.6701804;0.6965694;3.0
0;1.6771038;0.69491786;3.0
0;1.6887755;0.7026579;3.0
0;1.6965251;0.7027255;3.0
0;1.6771457;0.6972016;3.0
0;1.6736386;0.70249736;3.0
0;1.6782727;0.69956607;3.0
0;1.6759827;0.6937684;3.0
0;1.6811953;0.7001865;3.0
0;1.6758896;0.6922657;3.0
0;1.6957465;0.6951288;3.0
0;1.6869442;0.7006275;3.0
0;1.6675658;0.69716936;3.0
0;1.6904943;0.70116705;3.0
0;1.6559511;0.7022352;3.0
0;1.667897;0.69938064;3.0
0;1.6523144;0.6955397;3.0
0;1.6824582;0.6980671;3.0
0;1.6761807;0.70150185;3.0
0;1.6803043;0.69934464;3.0
0;1.7041402;0.6995866;3.0
0;1.6645193;0.69615614;3.0
0;1.6611702;0.69630694;3.0
0;1.6905766;0.6994145;3.0
0;1.6521704;0.6948844;3.0
0;1.6786902;0.70072395;3.0
0;1.6675998;0.69819653;3.0
0;1.6442673;0.6973186;3.0
0;1.6884689;0.6950316;3.0
0;1.6912792;0.69101197;3.0
0;1.680209;0.6958571;3.0
0;1.6813363;0.6994392;3.0
0;1.6588578;0.69779396;3.0
0;1.6725376;0.6997594;3.0
0;1.671143;0.6914268;3.0
0;1.6613867;0.69685686;3.0
0;1.6707723;0.6952531;3.0
0;1.664696;0.6973283;3.0
0;0.49418998;0.5013347;4.0
0;0.51464325;0.4990195;4.0
0;0.46199894;0.48326603;4.0
0;0.47101137;0.508956;4.0
0;0.47390085;0.4965099;4.0
0;0.45931232;0.5141475;4.0
0;0.3919041;0.5070707;4.0
0;0.50461435;0.5058143;4.0
0;0.45123905;0.5055289;4.0
0;0.40859592;0.49916255;4.0
0;0.4938926;0.5044512;4.0
0;0.4572155;0.5033603;4.0
0;0.4208424;0.5121016;4.0
0;0.42511845;0.5048988;4.0
0;0.42390597;0.5069479;4.0
0;0.54354817;0.50025016;4.0
0;0.4580624;0.50721925;4.0
0;0.49629432;0.50114614;4.0
0;0.37147388;0.5042505;4.0
0;0.49279124;0.4970164;4.0
0;0.46560115;0.49979728;4.0
0;0.45969105;0.5052181;4.0
0;0.4857254;0.50110286;4.0
0;0.5264733;0.5181553;4.0
0;0.45007932;0.51533794;4.0
0;0.4501204;0.5075755;4.0
0;0.4431189;0.5079289;4.0
0;0.45498216;0.49851772;4.0
0;0.4500078;0.49614224;4.0
0;0.4068991;0.50431865;4.0
0;0.45621789;0.5032788;4.0
0;0.4188497;0.5030266;4.0
0;0.52916557;0.5061949;4.0
0;0.4726026;0.49592975;4.0
0;0.4626888;0.50331694;4.0
0;0.48179996;0.50500154;4.0
0;0.5005748;0.5113414;4.0
0;0.44945002;0.49504146;4.0
0;0.46234846;0.4970485;4.0
0;0.45783618;0.5025581;4.0
0;0.43071297;0.51184535;4.0
0;0.43131307;0.51537114;4.0
0;0.4504795;0.49533072;4.0
0;0.4576004;0.48721662;4.0
0;0.5134503;0.49436232;4.0
0;0.43255314;0.50645864;4.0
0;0.5146654;0.5102668;4.0
0;0.41306615;0.5064904;4.0
0;0.51782817;0.5131118;4.0
0;0.4283536;0.5168326;4.0
0;0.42731458;0.49981835;4.0
0;0.42079479;0.50198936;4.0
0;0.43189296;0.5047463;4.0
0;0.4522885;0.51660115;4.0
0;0.4382727;0.50832653;4.0
0;0.53062594;0.5080075;4.0
0;0.377707;0.5047974;4.0
0;0.47316563;0.5024045;4.0
0;0.45771402;0.5015611;4.0
0;0.48640618;0.49875134;4.0
0;0.433141;0.50125057;4.0
0;0.47175604;0.5072934;4.0
0;0.48731512;0.49465;4.0
0;0.4375385;0.52296704;4.0
0;0.48582512;0.49475712;4.0
0;0.42614642;0.495077;4.0
0;0.43746465;0.50854397;4.0
0;0.47599635;0.5046407;4.0
0;0.46781904;0.49513462;4.0
0;0.4280153;0.49308524;4.0
0;0.46047807;0.4925593;4.0
0;0.5227113;0.5275133;4.0
0;0.4662022;0.51700187;4.0
0;0.4606877;0.5008017;4.0
0;0.45848638;0.49874002;4.0
0;0.4971649;0.50867355;4.0
0;0.4935126;0.5037169;4.0
0;0.4386389;0.5178262;4.0
0;0.4975335;0.4937431;4.0
0;0.44008213;0.4939078;4.0
0;0.42657053;0.5243205;4.0
0;0.45482728;0.513099;4.0
0;0.5408356;0.49859113;4.0
0;0.46037441;0.5165143;4.0
0;0.49542582;0.49596715;4.0
0;0.4867401;0.510588;4.0
0;0.40064558;0.5078852;4.0
0;0.46792507;0.51587963;4.0
0;0.4126647;0.5093047;4.0
0;0.4221856;0.5014848;4.0
0;0.414671;0.5043114;4.0
0;0.45274088;0.50306624;4.0
0;0.42621619;0.50990874;4.0
0;0.43641156;0.5061864;4.0
0;0.5124134;0.50024056;4.0
0;0.44576812;0.48744088;4.0
0;0.41216993;0.50658303;4.0
0;0.43051034;0.49566033;4.0
0;0.5470209;0.50726044;4.0
0;0.4601735;0.5111896;4.0
0;0.39296794;0.49966815;4.0
0;0.09746556;0.9732757;5.0
0;0.0993983;0.98185444;5.0
0;0.1779225;0.9923024;5.0
0;0.09974897;0.98187536;5.0
0;0.06784709;0.99859285;5.0
0;0.062430054;0.9604085;5.0
0;0.118725345;0.9826283;5.0
0;0.11764763;0.98240083;5.0
0;0.1271241;0.97571594;5.0
0;0.0017586532;0.9853537;5.0
0;0.09334819;0.99184525;5.0
0;0.0777158;0.9679946;5.0
0;0.033005044;0.9847922;5.0
0;0.050645236;0.98009336;5.0
0;0.04816357;0.97373474;5.0
0;0.078529745;0.9565639;5.0
0;0.08503659;0.96886367;5.0
0;0.09393693;0.9875356;5.0
0;0.015670177;0.96110266;5.0
0;0.020596724;0.97725785;5.0
0;0.03425079;0.9800562;5.0
0;0.03175703;0.97958505;5.0
0;0.15064916;0.9640234;5.0
0;0.112013444;0.9815848;5.0
0;0.0;0.9991544;5.0
0;0.06503138;0.96413404;5.0
0;0.09323885;0.9728119;5.0
0;0.04403158;0.9762855;5.0
0;0.1196776;0.9692863;5.0
0;0.071567185;0.988068;5.0
0;0.13172063;0.9776384;5.0
0;0.13903287;0.9688296;5.0
0;0.0825257;0.9771961;5.0
0;0.17823741;0.9648548;5.0
0;0.14751703;0.9953352;5.0
0;0.04599227;0.97983307;5.0
0;0.09462719;0.98248327;5.0
0;0.058199562;0.98418665;5.0
0;0.13756292;0.9649819;5.0
0;0.029086176;0.9659107;5.0
0;0.077249244;0.97802573;5.0
0;0.07784302;0.972946;5.0
0;0.10351921;0.9716887;5.0
0;0.13583726;0.9914399;5.0
0;0.07726083;0.95868707;5.0
0;0.13789469;0.980096;5.0
0;0.17491433;0.9729944;5.0
0;0.123311296;0.98448867;5.0
0;0.07947118;0.9720376;5.0
0;0.08469574;0.98762417;5.0
0;0.07453304;0.9665617;5.0
0;0.032879837;0.97340626;5.0
0;0.10675965;0.9779841;5.0
0;0.1055061;0.9542385;5.0
0;0.037056167;0.97142625;5.0
0;0.022124367;0.9715082;5.0
0;0.10341793;0.99051553;5.0
0;0.16466446;0.9550467;5.0
0;0.025252458;0.9775253;5.0
0;0.14811155;0.9812622;5.0
0;0.022138726;0.97854555;5.0
0;0.039249633;0.9859797;5.0
0;0.16197571;0.98511326;5.0
0;0.08554018;0.9727734;5.0
0;0.09346205;0.9762232;5.0
0;0.081839226;0.9591883;5.0
0;0.052892614;0.9959005;5.0
0;0.01570721;0.9783903;5.0
0;0.116268374;0.9766378;5.0
0;0.1616573;0.9795921;5.0
0;0.08807727;0.9940805;5.0
0;0.036663424;0.97462404;5.0
0;0.12500975;0.9684124;5.0
0;0.13962059;0.96191746;5.0
0;0.061431438;0.9955232;5.0
0;0.05647113;0.9884852;5.0
0;0.05073542;0.97954047;5.0
0;0.06700164;0.99626106;5.0
0;0.05173529;0.9891323;5.0
0;0.07817933;0.98754793;5.0
0;0.09546306;0.9449194;5.0
0;0.06773725;0.9777366;5.0
0;0.06269558;0.9691126;5.0
0;0.14211535;0.97449964;5.0
0;0.2054745;0.9814387;5.0
0;0.1446454;0.99973965;5.0
0;0.180283;0.9817383;5.0
0;0.100652605;0.9688219;5.0
0;0.1266908;0.9769072;5.0
0;0.11680446;0.98796964;5.0
0;0.1343318;0.9857403;5.0
0;0.06919738;0.97501284;5.0
0;0.1173947;0.98094237;5.0
0;0.020573547;0.97339684;5.0
0;0.15914716;0.9717974;5.0
0;0.078144565;1.0;5.0
0;0.10683648;0.9938743;5.0
0;0.06727876;0.98703015;5.0
0;0.16393667;0.9772321;5.0
0;0.13935305;0.9835158;5.0
0;0.061449826;0.98010916;5.0
