DY
501
2

0;2.1976633;0.46878842;1.0
0;0.915574;0.5394482;1.0
0;1.6100482;0.38048464;1.0
0;2.3336003;0.19615267;1.0
0;1.4954268;0.40832826;1.0
0;1.5544256;0.40682817;1.0
0;1.662426;0.3723678;1.0
0;1.412206;0.5015648;1.0
0;1.5233513;0.4723065;1.0
0;1.3337708;0.41303298;1.0
0;1.6132071;0.19656353;1.0
0;1.5744321;0.028829722;1.0
0;1.7516189;0.54849386;1.0
0;1.706573;0.69483685;1.0
0;2.0308442;0.5247738;1.0
0;1.7213604;0.48045027;1.0
0;1.3668683;0.46883398;1.0
0;1.4382123;0.7012052;1.0
0;1.7660075;0.45757723;1.0
0;0.81389284;0.5654257;1.0
0;1.1538802;0.5303478;1.0
0;1.7603748;0.38489255;1.0
0;2.545208;0.13420768;1.0
0;2.2645543;0.52246577;1.0
0;1.2366803;0.42479473;1.0
0;1.145127;0.2331869;1.0
0;1.3523829;0.7359055;1.0
0;1.2455364;0.571813;1.0
0;0.6583966;0.34666675;1.0
0;1.6657808;0.3897039;1.0
0;2.3879108;0.70759416;1.0
0;1.7829635;0.2582183;1.0
0;0.6268665;0.43383712;1.0
0;1.3429773;0.4500857;1.0
0;1.2316759;0.48707646;1.0
0;1.392854;0.5440154;1.0
0;2.005912;0.36381325;1.0
0;1.3799913;0.6305569;1.0
0;1.9525992;0.47375056;1.0
0;1.6283473;0.28387645;1.0
0;1.3830132;0.6348381;1.0
0;2.4050014;0.4597956;1.0
0;1.736573;0.41988662;1.0
0;2.1428056;0.36788753;1.0
0;1.5300703;0.49450356;1.0
0;1.6919429;0.45687044;1.0
0;1.6654469;0.47876787;1.0
0;2.2906237;0.26445687;1.0
0;1.3550122;0.64702606;1.0
0;1.9404445;0.3318696;1.0
0;1.28899;0.34294719;1.0
0;1.8912697;0.7110122;1.0
0;1.527863;0.28438833;1.0
0;1.4497523;0.347281;1.0
0;1.9398955;0.58863485;1.0
0;1.7923696;0.33692396;1.0
0;1.6100053;0.5396982;1.0
0;1.8126944;0.60817164;1.0
0;1.6103872;0.39211982;1.0
0;1.8110569;0.13925973;1.0
0;1.1496657;0.72203463;1.0
0;1.2422789;0.16783154;1.0
0;2.4880662;0.3093709;1.0
0;1.15612;0.755271;1.0
0;2.2672784;0.21068779;1.0
0;1.9269927;0.51877207;1.0
0;2.0418067;0.37380916;1.0
0;1.5643885;0.5848297;1.0
0;1.659958;0.11294269;1.0
0;2.6534095;0.40594116;1.0
0;1.2150828;0.7478007;1.0
0;2.2933006;0.4491546;1.0
0;1.541923;0.38884482;1.0
0;1.4423794;0.4144586;1.0
0;2.4507422;0.5275493;1.0
0;1.3298509;0.5279918;1.0
0;2.4634256;0.46013698;1.0
0;2.0830023;0.74939984;1.0
0;1.8606093;0.49351105;1.0
0;1.6014426;0.6228334;1.0
0;1.1802366;0.6751097;1.0
0;1.5099695;0.49948585;1.0
0;1.6329322;0.47100115;1.0
0;1.9864873;0.57388467;1.0
0;1.2660829;0.32789046;1.0
0;2.2772818;0.4093607;1.0
0;0.99710494;0.75617456;1.0
0;1.7673748;0.37809002;1.0
0;1.5094113;0.5541588;1.0
0;1.3643364;0.4809651;1.0
0;2.0170484;0.40968356;1.0
0;1.4371488;0.44411865;1.0
0;1.4182136;0.6627507;1.0
0;1.1171787;0.3208881;1.0
0;0.36309546;0.46138898;1.0
0;1.4099842;0.3396347;1.0
0;1.6668489;0.3196328;1.0
0;1.6467501;0.35849336;1.0
0;1.9398941;0.5676637;1.0
0;1.6424811;0.37893075;1.0
0;1.6077726;0.46776345;1.0
0;2.0013075;0.2827382;1.0
0;1.3604138;0.35258582;1.0
0;2.3064556;0.6680555;1.0
0;1.911635;0.17556699;1.0
0;1.8080553;0.49639717;1.0
0;1.7617314;0.20097095;1.0
0;2.0180595;0.6310262;1.0
0;1.451617;0.60932875;1.0
0;1.8940091;0.5798321;1.0
0;1.9845511;0.49152708;1.0
0;1.4273366;0.8013089;1.0
0;1.1796501;0.5202469;1.0
0;2.1134343;0.71704704;1.0
0;0.9827249;0.49243823;1.0
0;0.69871545;0.39351937;1.0
0;1.4061428;0.29184702;1.0
0;1.9683213;0.69444305;1.0
0;1.6369755;0.47980934;1.0
0;1.3581699;0.35691482;1.0
0;1.7071517;0.6067969;1.0
0;1.9695535;0.4843603;1.0
0;0.6665156;0.18082246;1.0
0;2.0691807;0.42112437;1.0
0;2.4310694;0.562456;1.0
0;2.1416063;0.73048794;1.0
0;1.9216044;0.33677763;1.0
0;2.380809;0.60738397;1.0
0;1.395129;0.32865593;1.0
0;1.1563084;0.53600836;1.0
0;1.2144912;0.8678528;1.0
0;0.9135624;0.5228084;1.0
0;1.96241;0.67859197;1.0
0;1.80679;0.4997576;1.0
0;1.4512215;0.7549778;1.0
0;1.9909995;0.48430687;1.0
0;1.6011024;0.2523211;1.0
0;1.8842046;0.6783245;1.0
0;1.5651283;0.3490893;1.0
0;1.5156586;0.4042812;1.0
0;1.6215947;0.4259185;1.0
0;2.1908252;0.408125;1.0
0;1.9425592;0.263984;1.0
0;1.5880852;0.22527201;1.0
0;1.1966828;0.6495241;1.0
0;1.455307;0.49847117;1.0
0;0.48993993;0.43278754;1.0
0;2.7181432;0.5778177;1.0
0;1.7588468;0.48899478;1.0
0;2.359333;0.4429863;1.0
0;1.529419;0.44468287;1.0
0;1.963715;0.30213928;1.0
0;1.4348365;0.6498612;1.0
0;1.7118273;0.34131056;1.0
0;0.92419314;0.8466081;1.0
0;1.8405833;0.5924131;1.0
0;1.7788649;0.27271459;1.0
0;1.6170362;0.24753773;1.0
0;0.8684283;0.3294704;1.0
0;1.7240951;0.3742594;1.0
0;1.2828938;0.18297954;1.0
0;1.4348098;0.6306939;1.0
0;1.4223598;0.56354946;1.0
0;1.4486616;0.68008095;1.0
0;1.430196;0.4580029;1.0
0;1.2584128;0.49895847;1.0
0;2.2617583;0.50395626;1.0
0;1.5826442;0.44241852;1.0
0;2.580333;0.46985117;1.0
0;0.68452716;0.6106122;1.0
0;2.044857;0.52121115;1.0
0;1.9806867;0.67770207;1.0
0;1.4711134;0.27766612;1.0
0;2.0170486;0.19336753;1.0
0;0.704678;0.53806484;1.0
0;1.7013327;0.5676366;1.0
0;2.722348;0.2601617;1.0
0;1.6023729;0.56738764;1.0
0;1.4894214;0.5034253;1.0
0;1.9912326;0.26441476;1.0
0;2.202383;0.46003816;1.0
0;1.9134588;0.6060672;1.0
0;2.3780851;0.64249265;1.0
0;1.8565267;0.7356128;1.0
0;1.3868213;0.78899896;1.0
0;2.0043888;0.2502704;1.0
0;1.8124106;0.82858986;1.0
0;1.7938008;0.4934637;1.0
0;1.1994727;0.2791906;1.0
0;1.861026;0.3859797;1.0
0;2.0810997;0.22842525;1.0
0;2.4384747;0.684508;1.0
0;1.4358344;0.35085285;1.0
0;2.0307617;0.5452602;1.0
0;1.245916;0.8169612;1.0
0;2.0010622;0.5705618;1.0
0;1.6840765;0.4946535;1.0
0;1.8048563;0.26871797;1.0
0;2.0347633;0.67176104;1.0
0;2.1330342;0.5689141;1.0
0;1.039059;0.50634074;1.0
0;2.0140734;0.6906898;1.0
0;1.9503565;0.4363425;1.0
0;1.437989;0.30473593;1.0
0;1.7778915;0.44333002;1.0
0;1.7408307;0.6324193;1.0
0;1.2465539;0.43072328;1.0
0;1.536516;0.59705263;1.0
0;2.0666792;0.55822194;1.0
0;1.6618819;0.32774043;1.0
0;1.9232521;0.6367158;1.0
0;1.3326273;0.56100523;1.0
0;2.5423968;0.12737222;1.0
0;1.3054433;0.4817443;1.0
0;1.6190984;0.35240644;1.0
0;2.0405567;0.2229496;1.0
0;1.3713014;0.5359386;1.0
0;2.2315626;0.0;1.0
0;0.6258091;0.3152923;1.0
0;1.2698503;0.48405108;1.0
0;1.7055262;0.69917035;1.0
0;2.1836412;0.5299804;1.0
0;1.0602257;0.69618744;1.0
0;1.9701387;0.54627603;1.0
0;1.8122783;0.46798348;1.0
0;2.1547685;0.26708242;1.0
0;1.1070261;0.5102521;1.0
0;1.7400453;0.46793467;1.0
0;1.1071024;0.80720246;1.0
0;1.2682874;0.64507806;1.0
0;1.6214767;0.43339434;1.0
0;1.6189551;0.43401995;1.0
0;1.3703953;0.45633808;1.0
0;1.9004571;0.58709043;1.0
0;1.7262222;0.4498649;1.0
0;1.3770307;0.55856586;1.0
0;1.3182089;0.48137194;1.0
0;2.8236456;0.48136923;1.0
0;1.5406199;0.5915628;1.0
0;1.9312788;0.44431564;1.0
0;1.7915049;0.19203666;1.0
0;1.9151359;0.48875836;1.0
0;1.5859702;0.48494658;1.0
0;1.3886349;0.690695;1.0
0;1.0933053;0.38986057;1.0
0;1.8913953;0.39929172;1.0
0;1.2188162;0.3235306;1.0
0;1.4217935;0.5715357;1.0
0;2.0515232;0.4053893;1.0
0;1.9386417;0.28935128;1.0
0;1.3279657;0.42670786;1.0
0;1.5428634;0.4678549;1.0
0;1.4090455;0.63762087;1.0
0;2.0348399;0.71075565;1.0
0;2.5602913;0.5280591;1.0
0;0.83694166;0.33230075;1.0
0;1.8699807;0.32542777;1.0
0;2.3120759;0.50940716;1.0
0;1.4880753;0.4297328;1.0
0;1.2075118;0.46688262;1.0
0;1.8660853;0.4242203;1.0
0;2.1741605;0.61014575;1.0
0;1.2423244;0.48364165;1.0
0;1.454593;0.42981857;1.0
0;1.3871406;0.06260049;1.0
0;1.6851206;0.23564234;1.0
0;1.6921694;0.41904873;1.0
0;1.7419493;0.34915954;1.0
0;1.295892;0.4896793;1.0
0;1.0753872;0.43670943;1.0
0;0.0;0.46679613;1.0
0;1.4447227;0.54279107;1.0
0;1.4359212;0.41962564;1.0
0;1.1498117;0.7527695;1.0
0;1.0595738;0.6424259;1.0
0;1.7502882;0.6598363;1.0
0;1.1686889;0.60328394;1.0
0;1.4875337;0.40711385;1.0
0;1.501914;0.4999781;1.0
0;1.4759531;0.26804957;1.0
0;1.5564408;0.6356373;1.0
0;1.4864749;0.478997;1.0
0;1.8850468;0.12144315;1.0
0;0.75023943;0.7191049;1.0
0;1.702328;0.64482015;1.0
0;1.704856;0.33996734;1.0
0;2.370981;0.28970996;1.0
0;1.3728158;0.46560216;1.0
0;2.3268762;0.3646343;1.0
0;2.0037518;0.31156033;1.0
0;1.4023113;0.5693946;1.0
0;1.4550573;0.44066367;1.0
0;1.5599449;0.7336417;1.0
0;1.8093426;0.8187577;1.0
0;1.8849261;0.09077304;1.0
0;1.835172;0.60405594;1.0
0;1.204504;0.6081611;1.0
0;1.4141512;0.47118706;1.0
0;2.0231018;0.7174599;1.0
0;2.0383885;0.5433627;1.0
0;1.8079629;0.24703217;1.0
0;1.6342868;0.481154;1.0
0;2.0287373;0.8735268;1.0
0;1.6230628;0.33650073;1.0
0;2.0541506;0.60696906;1.0
0;2.0685458;0.5384705;1.0
0;1.8512144;0.6997184;1.0
0;1.3876897;0.61053234;1.0
0;2.0636916;0.41043493;1.0
0;1.620373;0.4432382;1.0
0;1.5422621;0.39240116;1.0
0;1.6624167;0.36826694;1.0
0;2.0004282;0.5437982;1.0
0;2.357;0.19612609;1.0
0;1.7539097;0.29918858;1.0
0;1.4607862;0.5058648;1.0
0;1.9111435;0.3708548;1.0
0;1.4466454;0.6122879;1.0
0;1.8963015;0.3668232;1.0
0;1.9271612;0.49839067;1.0
0;1.788656;0.04734721;1.0
0;2.463456;0.6129051;1.0
0;2.2081232;0.1779849;1.0
0;1.465985;0.6357151;1.0
0;2.0098765;0.37290356;1.0
0;2.0690818;0.37006578;1.0
0;1.6526302;0.7625307;1.0
0;1.9202547;0.3328823;1.0
0;1.3998759;0.6259604;1.0
0;0.6406361;0.37687826;1.0
0;2.1857574;0.17998832;1.0
0;1.7147548;0.77880853;1.0
0;1.2436074;0.6094883;1.0
0;1.6456679;0.28354487;1.0
0;1.2679129;0.57886094;1.0
0;1.6905475;0.28467697;1.0
0;1.9698576;0.7813026;1.0
0;1.5738335;0.44721973;1.0
0;1.9519587;0.4889886;1.0
0;1.0278735;0.48125428;1.0
0;2.0141766;0.42542377;1.0
0;1.8051741;0.43168807;1.0
0;1.07076;0.3543076;1.0
0;1.6645346;0.4411009;1.0
0;2.2924843;0.22283481;1.0
0;1.1024723;0.4091498;1.0
0;1.8741686;0.3051169;1.0
0;1.9691396;0.52126485;1.0
0;1.0268292;0.3428259;1.0
0;1.5967072;0.5955481;1.0
0;1.7773207;0.5262435;1.0
0;1.7053288;0.40125147;1.0
0;0.93797183;0.50656354;1.0
0;1.1873904;0.4013366;1.0
0;2.165308;0.6005938;1.0
0;2.1387355;0.6330668;1.0
0;2.3452704;0.1611573;1.0
0;1.9108026;0.30559915;1.0
0;1.8646435;0.4610614;1.0
0;2.2222369;0.38691372;1.0
0;1.2285147;0.5190463;1.0
0;2.4513106;0.43663105;1.0
0;1.2185962;0.76519555;1.0
0;1.4942603;0.4541868;1.0
0;1.0167994;0.65773827;1.0
0;2.0637987;0.3889897;1.0
0;2.0178993;0.5671764;1.0
0;1.7566713;0.77237546;1.0
0;1.162561;0.84237015;1.0
0;1.3861336;0.3644772;1.0
0;1.1272984;0.43003464;1.0
0;2.0852008;0.4765201;1.0
0;1.7968509;0.4600708;1.0
0;2.7418497;0.4168132;1.0
0;1.8234293;0.25896654;1.0
0;1.8845835;0.39980382;1.0
0;1.4000298;0.07828718;1.0
0;1.5838711;0.42706716;1.0
0;1.354987;0.34900808;1.0
0;1.4314502;0.6780968;1.0
0;1.5237274;0.8105417;1.0
0;1.412942;0.21379204;1.0
0;1.5468211;0.46586564;1.0
0;2.0797787;0.42760205;1.0
0;1.8140655;0.57386214;1.0
0;1.4441819;0.5402567;1.0
0;2.4162111;0.42733958;1.0
0;2.0553885;0.18864235;1.0
0;1.1289567;0.5250239;1.0
0;1.8762528;0.57178634;1.0
0;1.8567891;0.30362174;1.0
0;1.6574187;0.46545827;1.0
0;0.95934093;0.53428024;1.0
0;0.7596787;0.3089566;1.0
0;1.5724001;0.8618675;1.0
0;2.7091882;0.24703611;1.0
0;1.6283517;0.48654708;1.0
0;2.3550277;0.49445176;1.0
0;1.4920216;0.36105284;1.0
0;1.4866142;0.34915537;1.0
0;1.4786394;0.30377665;1.0
0;1.8788342;0.3530891;1.0
0;1.4439337;0.34016305;1.0
0;2.096581;0.6021043;1.0
0;1.6290934;0.51586854;1.0
0;1.7306654;0.6101916;1.0
0;0.013601932;0.28370643;1.0
0;2.0211365;0.6121839;1.0
0;1.7955942;1.0;1.0
0;1.9712352;0.4010865;1.0
0;1.8466506;0.8102866;1.0
0;1.3631184;0.49077675;1.0
0;1.318244;0.2777835;1.0
0;2.2495966;0.36267045;1.0
0;1.6646444;0.52194595;1.0
0;1.9217995;0.5359948;1.0
0;2.046032;0.6490965;1.0
0;1.2271873;0.49088398;1.0
0;1.8283228;0.37820885;1.0
0;1.3629193;0.10388425;1.0
0;1.9757214;0.4857744;1.0
0;1.6523459;0.37931284;1.0
0;1.5512078;0.2588846;1.0
0;1.4866968;0.40961164;1.0
0;1.4835181;0.67457265;1.0
0;1.6595898;0.5253423;1.0
0;2.1200864;0.20740674;1.0
0;1.2773645;0.39320245;1.0
0;1.6219513;0.29609057;1.0
0;2.0494804;0.3135764;1.0
0;2.0227098;0.4475569;1.0
0;2.1457825;0.31826887;1.0
0;1.175071;0.9255003;1.0
0;1.6609042;0.29021347;1.0
0;0.15580472;0.34800938;1.0
0;1.9143322;0.38623416;1.0
0;1.2031128;0.29839617;1.0
0;1.8035874;0.4346312;1.0
0;1.5096577;0.38477072;1.0
0;1.5026854;0.4731791;1.0
0;3.0;0.2568491;1.0
0;1.7355492;0.38068768;1.0
0;1.7740285;0.37790248;1.0
0;1.1892743;0.3365797;1.0
0;1.3674808;0.4212623;1.0
0;0.862432;0.6752739;1.0
0;1.0171257;0.65924394;1.0
0;1.9284949;0.55962783;1.0
0;1.292579;0.5732648;1.0
0;1.6010163;0.28293696;1.0
0;1.4621707;0.37610176;1.0
0;1.5842965;0.44816753;1.0
0;1.8074169;0.59830976;1.0
0;1.989337;0.42007014;1.0
0;2.4650652;0.24979104;1.0
0;1.4532884;0.5178978;1.0
0;1.7135155;0.6365394;1.0
0;2.1695454;0.28627074;1.0
0;1.730133;0.56333303;1.0
0;1.3309138;0.08341534;1.0
0;2.6480722;0.34333852;1.0
0;1.8487322;0.5967269;1.0
0;1.3903911;0.28099942;1.0
0;1.3938987;0.6733941;1.0
0;1.5182737;0.45878658;1.0
0;1.6173775;0.62514776;1.0
0;1.127486;0.56072617;1.0
0;1.676403;0.6291195;1.0
0;1.9915142;0.47201818;1.0
0;1.776442;0.39531407;1.0
0;1.9952965;0.27045497;1.0
0;0.9514881;0.5598394;1.0
0;1.449451;0.74114627;1.0
0;2.1567767;0.33020243;1.0
0;1.9630582;0.34393692;1.0
0;1.4814272;0.38251606;1.0
0;1.2046942;0.2034751;1.0
0;2.294567;0.44759718;1.0
0;1.2046219;0.36859906;1.0
0;2.005941;0.75520766;1.0
0;1.5374486;0.3191607;1.0
0;1.9165597;0.33028713;1.0
0;2.0836272;0.67900074;1.0
0;1.4038408;0.46891868;1.0
0;1.9832771;0.45742154;1.0
0;1.4741979;0.6214516;1.0
0;1.8362871;0.44723424;1.0
0;1.2252991;0.60365546;1.0
0;1.6871717;0.60592395;1.0
0;1.2989986;0.32954544;1.0
0;1.9903028;0.5113148;1.0
0;1.0211735;0.6561514;1.0
0;1.9704542;0.5372221;1.0
0;1.4608736;0.3576588;1.0
0;1.7990291;0.48330054;1.0
0;0.95768726;0.29033026;1.0
0;2.260149;0.5505639;1.0
0;2.24979;0.58510864;1.0
0;1.0415895;0.29460567;1.0
0;1.388922;0.3661181;1.0
0;1.6352127;0.5578711;1.0
