DY
505
2

0;3.7314343;0.30752367;1.0
0;3.7019691;0.3399858;1.0
0;3.5470443;0.36457402;1.0
0;3.5903766;0.4085112;1.0
0;3.6375449;0.34752226;1.0
0;3.6841402;0.37341294;1.0
0;3.7564948;0.27853793;1.0
0;3.7308173;0.3634441;1.0
0;3.523234;0.37071437;1.0
0;3.7448647;0.4033174;1.0
0;4.0;0.34975782;1.0
0;3.6014988;0.3943783;1.0
0;3.5600202;0.36045003;1.0
0;3.7908816;0.37477538;1.0
0;3.623167;0.30779585;1.0
0;3.6517642;0.31407112;1.0
0;3.5976205;0.3940047;1.0
0;3.8296242;0.3785762;1.0
0;3.724776;0.370219;1.0
0;3.6053817;0.35046017;1.0
0;3.710417;0.34148705;1.0
0;3.6410193;0.3100125;1.0
0;3.546062;0.37526032;1.0
0;3.6543813;0.3069447;1.0
0;3.6583352;0.37944013;1.0
0;3.7608285;0.35338488;1.0
0;3.733507;0.33273026;1.0
0;3.5856426;0.30435985;1.0
0;3.6311078;0.31702366;1.0
0;3.8631275;0.37336123;1.0
0;3.5576556;0.3622572;1.0
0;3.6137714;0.39145797;1.0
0;3.4383183;0.37001055;1.0
0;3.674421;0.42167047;1.0
0;3.6833878;0.34145796;1.0
0;3.6821902;0.3600762;1.0
0;3.6570108;0.35131228;1.0
0;3.615948;0.37371007;1.0
0;3.5618687;0.33175737;1.0
0;3.6145895;0.45734322;1.0
0;3.5995889;0.3576167;1.0
0;3.9867017;0.28993544;1.0
0;3.6318014;0.39189026;1.0
0;3.8193302;0.31366867;1.0
0;3.686055;0.334568;1.0
0;3.7233229;0.27809852;1.0
0;3.8573117;0.33227262;1.0
0;3.6620932;0.39256886;1.0
0;3.892959;0.31562224;1.0
0;3.7542484;0.38736185;1.0
0;3.7433083;0.32781145;1.0
0;3.6453538;0.4144722;1.0
0;3.617149;0.3701429;1.0
0;3.7422261;0.32165584;1.0
0;3.599189;0.3087779;1.0
0;3.6778345;0.43228176;1.0
0;3.6953378;0.35649353;1.0
0;3.7317104;0.39594236;1.0
0;3.654206;0.32725576;1.0
0;3.6546686;0.34656423;1.0
0;3.5975678;0.3774571;1.0
0;3.7986064;0.42062515;1.0
0;3.7479622;0.44646305;1.0
0;3.8256452;0.36469343;1.0
0;3.688608;0.3988327;1.0
0;3.9248543;0.26959348;1.0
0;3.8469675;0.36061618;1.0
0;3.749858;0.4177362;1.0
0;3.5381806;0.40475377;1.0
0;3.603574;0.4315259;1.0
0;3.6797948;0.35753173;1.0
0;3.6433156;0.38654473;1.0
0;3.6945498;0.3349658;1.0
0;3.5224428;0.32621798;1.0
0;3.5749898;0.37887916;1.0
0;3.79593;0.3500485;1.0
0;3.679537;0.3507166;1.0
0;3.7764938;0.2936612;1.0
0;3.7857563;0.43623683;1.0
0;3.6346915;0.3903006;1.0
0;3.7003963;0.36927256;1.0
0;3.7618816;0.30035117;1.0
0;3.9170163;0.3784538;1.0
0;3.6429079;0.42520255;1.0
0;3.7583282;0.3762212;1.0
0;3.584163;0.39675945;1.0
0;3.7966113;0.36054602;1.0
0;3.8818104;0.33260688;1.0
0;3.7916124;0.42346174;1.0
0;3.7592032;0.31905636;1.0
0;3.6056137;0.42385712;1.0
0;3.6251948;0.33085987;1.0
0;3.615523;0.336488;1.0
0;3.6988218;0.38600025;1.0
0;3.513697;0.3051113;1.0
0;3.6583347;0.4158648;1.0
0;3.7849476;0.41544753;1.0
0;3.7511942;0.3737506;1.0
0;3.9050095;0.43751112;1.0
0;3.4764636;0.4023398;1.0
0;3.524818;0.3810303;1.0
0;2.2387161;0.17578043;2.0
0;2.0462239;0.20812124;2.0
0;2.1523721;0.17678975;2.0
0;2.471246;0.16080688;2.0
0;2.073004;0.19619079;2.0
0;2.0692568;0.112487555;2.0
0;2.1982665;0.1957423;2.0
0;2.445635;0.10442597;2.0
0;2.30031;0.040620547;2.0
0;2.2186136;0.17704013;2.0
0;2.367798;0.15295438;2.0
0;2.2314546;0.17728315;2.0
0;2.3306148;0.20644037;2.0
0;2.4954152;0.22017156;2.0
0;2.3664043;0.23116912;2.0
0;2.416246;0.12682493;2.0
0;2.1018004;0.16958517;2.0
0;2.290901;0.14896876;2.0
0;2.2041564;0.072736904;2.0
0;2.2850378;0.14927082;2.0
0;1.9574289;0.14032619;2.0
0;2.165666;0.11309019;2.0
0;2.2699249;0.22450325;2.0
0;2.3954985;0.18171157;2.0
0;2.138122;0.11787837;2.0
0;2.3132648;0.058189277;2.0
0;2.2204669;0.17075054;2.0
0;2.246265;0.11465722;2.0
0;2.1609538;0.07865831;2.0
0;2.315084;0.08106234;2.0
0;2.1451147;0.20704675;2.0
0;2.2023432;0.21148981;2.0
0;2.0826914;0.1423204;2.0
0;2.2746615;0.15496348;2.0
0;2.2064362;0.0794492;2.0
0;2.3474014;0.24806479;2.0
0;2.1155407;0.23515421;2.0
0;2.3982723;0.07027016;2.0
0;2.0217829;0.15814465;2.0
0;2.356564;0.14730488;2.0
0;2.2992294;0.168026;2.0
0;2.4890165;0.17912051;2.0
0;1.9439019;0.2746661;2.0
0;2.4919834;0.08788987;2.0
0;2.2732217;0.13350502;2.0
0;2.2358363;0.13518018;2.0
0;2.5499766;0.22525994;2.0
0;2.1715808;0.18135346;2.0
0;2.38255;0.14003603;2.0
0;2.3788357;0.16994637;2.0
0;2.31429;0.084498994;2.0
0;2.320106;0.0417323;2.0
0;2.452499;0.107900254;2.0
0;2.524344;0.26340818;2.0
0;2.143755;0.17612188;2.0
0;2.3599067;0.11418418;2.0
0;2.249446;0.18603545;2.0
0;2.4473515;0.14637816;2.0
0;2.4495258;0.16127993;2.0
0;2.2890399;0.22049472;2.0
0;2.5558171;0.11207121;2.0
0;2.2820146;0.19075732;2.0
0;2.3110437;0.099445;2.0
0;2.0485423;0.21818793;2.0
0;2.4221437;0.13494232;2.0
0;2.2640433;0.22189946;2.0
0;2.1661215;0.18466285;2.0
0;2.1657217;0.13690473;2.0
0;2.4527402;0.15645325;2.0
0;2.1234453;0.106751986;2.0
0;2.230726;0.13959584;2.0
0;2.4253166;0.08715405;2.0
0;2.3625681;0.17383222;2.0
0;2.1722388;0.13181473;2.0
0;2.0676057;0.15784697;2.0
0;2.332885;0.121106565;2.0
0;2.3108792;0.20675467;2.0
0;2.226857;0.11701871;2.0
0;2.3094726;0.19167727;2.0
0;2.3181515;0.10601869;2.0
0;2.4761555;0.1934218;2.0
0;2.2829478;0.17103896;2.0
0;2.4459531;0.15739995;2.0
0;2.1980424;0.0;2.0
0;2.3212128;0.17836696;2.0
0;2.0471404;0.19587995;2.0
0;2.1658301;0.061831348;2.0
0;2.2669096;0.12057984;2.0
0;2.1791255;0.18480399;2.0
0;2.427461;0.21031599;2.0
0;2.1016657;0.21339953;2.0
0;2.0192947;0.19697511;2.0
0;2.4682972;0.176124;2.0
0;2.2708898;0.13897859;2.0
0;2.2602384;0.20979512;2.0
0;2.0560284;0.11800238;2.0
0;2.409592;0.12800291;2.0
0;2.0173397;0.17334302;2.0
0;2.411621;0.20493202;2.0
0;2.5208464;0.17914598;2.0
0;2.1785479;0.15604226;2.0
0;0.938294;0.5616606;3.0
0;1.02189;0.60999143;3.0
0;1.1113898;0.63112336;3.0
0;0.92036486;0.57642853;3.0
0;1.2085836;0.4876557;3.0
0;0.96213573;0.64592206;3.0
0;1.0839463;0.6053069;3.0
0;1.289146;0.59995306;3.0
0;1.1972255;0.65357584;3.0
0;1.1509286;0.61589485;3.0
0;0.89140654;0.5525565;3.0
0;1.1859244;0.5928823;3.0
0;1.0534469;0.52587205;3.0
0;1.036116;0.55468756;3.0
0;1.068367;0.5713073;3.0
0;0.95995444;0.58661395;3.0
0;1.0756897;0.60028124;3.0
0;0.9546486;0.56853795;3.0
0;0.89084;0.5206439;3.0
0;1.045041;0.50907296;3.0
0;1.0893264;0.5715084;3.0
0;1.0117877;0.62155443;3.0
0;1.0574509;0.53049505;3.0
0;1.140616;0.54668826;3.0
0;0.8669011;0.5920881;3.0
0;1.060545;0.5065354;3.0
0;0.8219292;0.56798124;3.0
0;1.1499934;0.48228028;3.0
0;0.8646746;0.54211074;3.0
0;1.0811428;0.50550973;3.0
0;1.1459098;0.51093405;3.0
0;1.045267;0.54319745;3.0
0;1.050826;0.47736162;3.0
0;1.2353828;0.52530134;3.0
0;1.0212039;0.5406657;3.0
0;1.0344526;0.55071515;3.0
0;1.1756622;0.5099088;3.0
0;1.0949758;0.5766494;3.0
0;1.0762689;0.5895692;3.0
0;1.1938598;0.5124582;3.0
0;1.0059587;0.4785953;3.0
0;1.0463738;0.44343626;3.0
0;1.0979989;0.59422624;3.0
0;1.0470995;0.62833506;3.0
0;1.1290692;0.49409962;3.0
0;1.2218497;0.67637885;3.0
0;0.951956;0.56105024;3.0
0;1.0631311;0.47033858;3.0
0;1.2176455;0.5339904;3.0
0;1.0596054;0.56918395;3.0
0;0.8944031;0.5919689;3.0
0;0.8763357;0.5311234;3.0
0;0.83118236;0.6176333;3.0
0;1.1344941;0.6282425;3.0
0;1.3145871;0.5885389;3.0
0;1.008207;0.54859185;3.0
0;1.0914217;0.54810715;3.0
0;1.0713835;0.46411973;3.0
0;1.115802;0.5933235;3.0
0;1.2982498;0.5346245;3.0
0;1.0748698;0.5788028;3.0
0;1.0805693;0.53541696;3.0
0;0.93676436;0.53345627;3.0
0;0.79503626;0.48193935;3.0
0;1.1987182;0.5645707;3.0
0;1.056922;0.5094084;3.0
0;0.99934983;0.51012754;3.0
0;0.7863793;0.50694376;3.0
0;1.0523676;0.46207646;3.0
0;1.0849284;0.5808021;3.0
0;1.0217899;0.4620515;3.0
0;1.1067048;0.55757177;3.0
0;1.050963;0.52139336;3.0
0;1.1239828;0.4659073;3.0
0;0.77713335;0.62655205;3.0
0;1.1917735;0.47358227;3.0
0;0.88374084;0.53458726;3.0
0;0.87756425;0.5240355;3.0
0;1.021177;0.5864954;3.0
0;1.2030095;0.6603982;3.0
0;1.0283203;0.6122314;3.0
0;0.9832998;0.48515755;3.0
0;1.1366067;0.5660352;3.0
0;0.96668035;0.49095586;3.0
0;1.1347156;0.5732913;3.0
0;1.0708091;0.5806926;3.0
0;1.160126;0.5254902;3.0
0;1.1050057;0.54503953;3.0
0;1.1586064;0.56670773;3.0
0;0.8368269;0.6404351;3.0
0;0.91348684;0.49488664;3.0
0;1.0231783;0.5856226;3.0
0;1.0942029;0.5671218;3.0
0;1.2126224;0.59387064;3.0
0;0.8270139;0.549735;3.0
0;1.0202353;0.6421215;3.0
0;0.984063;0.569638;3.0
0;1.0248078;0.58975965;3.0
0;1.2373122;0.5793629;3.0
0;0.7988004;0.57082456;3.0
0;1.0988015;0.49419802;3.0
0;2.0977042;0.9065478;4.0
0;2.0773406;0.80086076;4.0
0;2.1325624;0.83368915;4.0
0;2.0702868;0.87440765;4.0
0;2.3244932;0.85851353;4.0
0;1.9912008;0.8609855;4.0
0;2.2522;0.80746883;4.0
0;2.3595648;0.8648902;4.0
0;1.9630687;0.88029206;4.0
0;2.2002938;0.859844;4.0
0;2.2894506;0.8621331;4.0
0;2.2685618;0.8746827;4.0
0;2.2332857;0.828055;4.0
0;2.0677423;0.80796313;4.0
0;2.1321943;0.8875378;4.0
0;2.272637;0.825418;4.0
0;2.1313105;0.8933735;4.0
0;2.223878;0.8643201;4.0
0;2.151558;0.8924872;4.0
0;2.0718234;0.84857446;4.0
0;2.0567951;0.89331967;4.0
0;2.187366;0.85334575;4.0
0;2.0137265;0.88994175;4.0
0;2.0282748;0.8510304;4.0
0;2.232258;0.86572206;4.0
0;2.044363;0.8568694;4.0
0;2.172038;0.8538852;4.0
0;2.244858;0.8891079;4.0
0;2.146617;0.8321119;4.0
0;2.1978245;0.9296034;4.0
0;2.2251613;0.8330137;4.0
0;2.148196;0.8488739;4.0
0;2.1629522;0.90455455;4.0
0;2.2410564;0.8673745;4.0
0;2.2556925;0.82188404;4.0
0;2.172713;0.88001484;4.0
0;2.3295588;0.8608363;4.0
0;2.2712183;0.8841356;4.0
0;2.1085267;0.91477907;4.0
0;2.1663218;0.89688474;4.0
0;1.9614155;0.8332373;4.0
0;2.103314;0.89041054;4.0
0;2.1548078;0.9005026;4.0
0;2.0648081;0.88495666;4.0
0;2.0472448;0.9180217;4.0
0;2.2937503;0.962292;4.0
0;2.0458772;0.89188373;4.0
0;2.3300428;0.9025555;4.0
0;2.3256347;0.8426949;4.0
0;1.9719006;0.8487422;4.0
0;2.159741;0.8934161;4.0
0;2.0728648;0.8914461;4.0
0;2.0028963;0.837876;4.0
0;2.0943635;0.86100394;4.0
0;2.0588822;0.9157974;4.0
0;2.1610224;0.84658486;4.0
0;2.336144;0.84235275;4.0
0;2.117562;0.8415741;4.0
0;2.08094;0.9023756;4.0
0;2.092899;0.90296936;4.0
0;2.2298958;0.8842053;4.0
0;2.0225062;0.9289451;4.0
0;2.1501055;0.8605463;4.0
0;2.3778293;0.90928173;4.0
0;2.3947191;0.89498353;4.0
0;2.267276;0.8894776;4.0
0;2.175492;0.8047404;4.0
0;2.106701;0.9119461;4.0
0;2.1827693;0.8827136;4.0
0;2.1396034;0.8425417;4.0
0;2.0430453;0.8170316;4.0
0;2.237354;0.8677761;4.0
0;2.0328295;0.8537988;4.0
0;2.232027;0.91792;4.0
0;2.1800137;0.8899453;4.0
0;2.1112666;0.84373754;4.0
0;2.2160823;0.89364636;4.0
0;2.0495558;0.93692875;4.0
0;2.2020495;0.8975966;4.0
0;2.2352138;0.86753446;4.0
0;2.1570249;0.8856006;4.0
0;2.1252527;0.88702625;4.0
0;1.9582871;0.878562;4.0
0;1.9690397;0.8614672;4.0
0;2.228067;0.9316759;4.0
0;2.2028177;0.9265007;4.0
0;2.2965794;0.856572;4.0
0;2.141376;0.8853157;4.0
0;2.1730025;0.8070708;4.0
0;2.0113134;0.81833094;4.0
0;2.1915667;0.8631947;4.0
0;2.118052;0.90336215;4.0
0;2.1729853;0.868998;4.0
0;2.238177;0.88236135;4.0
0;2.0477629;0.94266784;4.0
0;2.2231624;0.85596627;4.0
0;2.3462057;0.8158887;4.0
0;2.1031291;0.8300791;4.0
0;2.0531416;0.91080797;4.0
0;2.365485;0.88948774;4.0
0;2.0193608;0.8739505;4.0
0;0.5858154;0.86400384;5.0
0;0.0;0.67609435;5.0
0;0.018091012;0.7783943;5.0
0;0.4950659;0.8778354;5.0
0;0.5767438;0.7436664;5.0
0;0.42340097;0.8592408;5.0
0;0.71160734;0.6845642;5.0
0;0.7707934;0.62682843;5.0
0;0.6805859;0.78889877;5.0
0;0.35026044;0.66761184;5.0
0;0.5447647;1.0;5.0
0;0.43864006;0.7913825;5.0
0;0.17618693;0.7538129;5.0
0;0.2872102;0.7475447;5.0
0;0.108304225;0.9319672;5.0
0;0.30884936;0.96868795;5.0
0;0.31077242;0.8387253;5.0
0;0.2974851;0.8766864;5.0
0;0.29843557;0.83338404;5.0
0;0.35588664;0.79453635;5.0
0;0.50617534;0.8824399;5.0
0;0.5488239;0.7516949;5.0
0;0.43751186;0.8555704;5.0
0;0.6080459;0.69080555;5.0
0;0.45087567;0.8266969;5.0
0;0.49699152;0.8307269;5.0
0;0.16487156;0.8446133;5.0
0;0.35377294;0.90669715;5.0
0;0.28256896;0.9587302;5.0
0;0.48165956;0.67160314;5.0
0;0.55781966;0.6407329;5.0
0;0.04928786;0.88693416;5.0
0;0.7152467;0.75444764;5.0
0;0.10368743;0.8441551;5.0
0;0.5838191;0.7847403;5.0
0;0.45101285;0.78335166;5.0
0;0.28870907;0.84660697;5.0
0;0.37889612;0.8094521;5.0
0;0.6229387;0.8457031;5.0
0;0.23956212;0.7399817;5.0
0;0.44059098;0.7424849;5.0
0;0.28225493;0.8547777;5.0
0;0.6470404;0.6780439;5.0
0;0.3000831;0.8249832;5.0
0;0.21321328;0.7873798;5.0
0;0.675207;0.8218603;5.0
0;0.1827955;0.8792645;5.0
0;0.8264097;0.83364964;5.0
0;0.4587329;0.77783716;5.0
0;0.043825585;0.6725567;5.0
0;0.15599774;0.8584097;5.0
0;0.48842773;0.84091985;5.0
0;0.08956328;0.6254103;5.0
0;0.84686863;0.7468508;5.0
0;0.4347422;0.71374863;5.0
0;0.13585371;0.79380536;5.0
0;0.370416;0.7452509;5.0
0;0.25075096;0.8914354;5.0
0;0.4294962;0.792729;5.0
0;0.25583968;0.8626387;5.0
0;0.44544417;0.776426;5.0
0;0.64941925;0.945287;5.0
0;0.57784694;0.70995677;5.0
0;0.29236764;0.8622146;5.0
0;0.33838573;0.6255696;5.0
0;0.3916511;0.7512046;5.0
0;0.5436204;0.9385549;5.0
0;0.5116756;0.8807734;5.0
0;0.3342406;0.7496752;5.0
0;0.3674099;0.78348994;5.0
0;0.4642616;0.82771575;5.0
0;0.33329126;0.74482596;5.0
0;0.5604688;0.7455678;5.0
0;0.22818321;0.804311;5.0
0;0.50106597;0.93073964;5.0
0;0.5504789;0.93339664;5.0
0;0.35496438;0.8143497;5.0
0;0.43330604;0.81349456;5.0
0;0.5391676;0.63106954;5.0
0;0.53319395;0.85807836;5.0
0;0.44160038;0.87621284;5.0
0;0.06541356;0.85581857;5.0
0;0.788407;0.9090304;5.0
0;0.09038144;0.7724651;5.0
0;0.2316888;0.7045855;5.0
0;0.4144538;0.82848513;5.0
0;0.30394846;0.79848343;5.0
0;0.37421834;0.7248349;5.0
0;0.2973379;0.7472044;5.0
0;0.5379054;0.76196253;5.0
0;0.25070408;0.8175071;5.0
0;0.1111826;0.82719654;5.0
0;0.45022774;0.7622587;5.0
0;0.89377564;0.8385795;5.0
0;0.19713446;0.8801679;5.0
0;0.21094888;0.71462744;5.0
0;0.6622709;0.8192967;5.0
0;0.24999492;0.6544709;5.0
0;0.4581793;0.87148726;5.0
0;0.61317223;0.7769717;5.0
0;0.64198595;0.8492821;5.0
