DY
880
2

0;0.009258323;0.008454647;1.0
0;0.0026354948;0.012553437;1.0
0;0.0038280813;0.014140946;1.0
0;0.01122148;0.002686629;1.0
0;0.0017220143;0.014351308;1.0
0;0.004152311;0.0;1.0
0;0.009518966;0.008850536;1.0
0;0.004979967;0.014559245;1.0
0;0.006457302;0.01714036;1.0
0;7.60291E-4;0.009814628;1.0
0;0.0057140356;0.0090082185;1.0
0;0.0070553934;0.015963197;1.0
0;0.0130545525;0.0130678415;1.0
0;0.009087031;0.014554039;1.0
0;0.0051660994;0.008640844;1.0
0;0.010428985;0.007689681;1.0
0;0.004147461;0.011046082;1.0
0;0.012813692;0.008696346;1.0
0;0.0058259764;0.011742375;1.0
0;0.0023304215;0.0111703705;1.0
0;0.0066163745;0.0044721304;1.0
0;0.0058800466;0.019714735;1.0
0;0.008882851;0.020196198;1.0
0;0.007955057;0.005215557;1.0
0;0.0073748175;0.01163784;1.0
0;0.008431843;0.00888365;1.0
0;0.0050434307;0.0074464134;1.0
0;0.0027622506;0.0018227828;1.0
0;0.010368289;0.016808344;1.0
0;0.0016400506;0.00868842;1.0
0;0.0029763856;0.003536863;1.0
0;0.0040525976;0.01017191;1.0
0;0.007147652;0.012974849;1.0
0;0.0;0.016944911;1.0
0;0.0048889783;0.009942276;1.0
0;0.008667379;0.012459267;1.0
0;0.0073735234;0.0046338188;1.0
0;0.005210237;0.0064778468;1.0
0;0.001522021;0.013417567;1.0
0;0.0074668773;0.010150667;1.0
0;0.0019085229;0.009180033;1.0
0;0.011782176;0.003365526;1.0
0;0.004767215;0.016487474;1.0
0;0.006479012;0.007712173;1.0
0;0.010020559;0.008014214;1.0
0;0.009687496;0.0052690837;1.0
0;0.0091383355;0.0032563182;1.0
0;0.0067108925;0.013836428;1.0
0;0.012663135;0.010091199;1.0
0;0.0053198636;0.008411917;1.0
0;0.007066506;0.005561722;1.0
0;0.004864739;0.013836805;1.0
0;0.008647197;0.0064671226;1.0
0;0.0067624315;0.00543575;1.0
0;0.0074916556;0.012248942;1.0
0;0.0074435105;0.010159472;1.0
0;0.010633376;0.00553606;1.0
0;0.0035206827;0.00853327;1.0
0;0.008697524;0.0056609656;1.0
0;0.0048946682;0.011531148;1.0
0;0.011628481;0.017571714;1.0
0;0.007677865;0.0037420723;1.0
0;0.004102595;0.012479177;1.0
0;0.007772408;0.009772996;1.0
0;0.005968142;0.013463735;1.0
0;0.012367735;0.011073538;1.0
0;0.0028306362;0.015462141;1.0
0;0.00867736;0.011043234;1.0
0;0.005333054;0.012068662;1.0
0;0.0075468826;0.0069946423;1.0
0;8.447918E-4;0.004719417;1.0
0;0.004773529;0.0054752454;1.0
0;0.0038415892;0.0068871537;1.0
0;0.0076299314;0.0132996375;1.0
0;0.0059198225;0.011568968;1.0
0;0.0013979037;0.007605244;1.0
0;0.0075972;0.010648863;1.0
0;0.009550201;0.0018062667;1.0
0;0.005821638;0.014364103;1.0
0;0.0029174134;0.011199349;1.0
0;0.0102870045;0.004263946;1.0
0;0.0027560946;0.008529876;1.0
0;0.0032737483;0.010599552;1.0
0;0.002065642;0.0019482283;1.0
0;0.008109404;0.003827924;1.0
0;0.0031371776;0.006265175;1.0
0;0.0046992176;0.005342764;1.0
0;0.008951538;0.010169617;1.0
0;0.0059023006;0.007860731;1.0
0;0.0027279456;0.0081619965;1.0
0;0.0044171694;0.009522262;1.0
0;0.0036264814;0.005222877;1.0
0;0.013496584;0.015841482;1.0
0;0.0025964526;0.008693467;1.0
0;0.011918647;0.009173957;1.0
0;0.0068503586;0.005109095;1.0
0;0.005512386;0.012436299;1.0
0;0.0028594914;0.0069546136;1.0
0;0.0066925497;0.0034562903;1.0
0;0.004316737;0.010642209;1.0
0;0.0077443547;0.0073503926;1.0
0;0.0029992121;0.008202355;1.0
0;0.0051931273;0.015737457;1.0
0;0.0063849143;0.0063367523;1.0
0;0.006542618;0.016390515;1.0
0;0.008427575;0.009727721;1.0
0;0.004915829;0.0013138124;1.0
0;0.0030037323;0.00960289;1.0
0;0.005239241;0.0050870767;1.0
0;0.011138746;0.010306612;1.0
0;0.007203821;0.0095021995;1.0
0;0.013126081;0.0068861735;1.0
0;0.008515784;0.018137163;1.0
0;0.0040499433;0.012995864;1.0
0;0.007940589;0.005390937;1.0
0;0.005520986;0.012361654;1.0
0;0.005255173;0.009093766;1.0
0;0.009697123;0.0023305241;1.0
0;0.012664226;0.005636261;1.0
0;0.007485595;0.011263368;1.0
0;0.007373486;0.007125322;1.0
0;0.0036982046;0.014326465;1.0
0;0.0047245296;0.009032636;1.0
0;0.005439227;0.009994999;1.0
0;7.0528674E-4;0.0021628386;1.0
0;0.006496722;0.01499614;1.0
0;0.0076093627;0.017572112;1.0
0;0.011189834;0.0118017;1.0
0;0.005292028;0.0045802123;1.0
0;0.0054470557;0.014234388;1.0
0;0.0049591907;0.012952779;1.0
0;0.008170765;0.013647261;1.0
0;0.011853272;0.0046360935;1.0
0;1.0873483E-4;0.01357842;1.0
0;0.013138483;0.0043478133;1.0
0;0.0071910387;0.0046607056;1.0
0;0.0066642417;0.001250105;1.0
0;0.012770094;0.012334603;1.0
0;0.0033653157;0.0128220385;1.0
0;0.007006262;0.0045402762;1.0
0;0.00872839;0.008926135;1.0
0;0.012584128;0.0059595704;1.0
0;0.009719417;0.009633504;1.0
0;0.0076391594;0.010918954;1.0
0;0.004804108;0.010171104;1.0
0;0.0077027464;0.015651409;1.0
0;0.002162711;0.007623719;1.0
0;0.0052535255;0.008104223;1.0
0;0.0068088993;0.008839632;1.0
0;0.0084653115;0.008716264;1.0
0;0.0037295173;0.0050523514;1.0
0;0.0059456024;0.011250519;1.0
0;0.004424348;0.015238836;1.0
0;0.0049743834;0.008720685;1.0
0;0.009076179;0.00526987;1.0
0;0.0042067673;0.0026724606;1.0
0;0.00893169;0.009455614;1.0
0;0.0035790857;0.012931379;1.0
0;0.010004697;0.0071753496;1.0
0;0.0063517014;0.0071162614;1.0
0;0.01108972;0.010266863;1.0
0;0.0047089313;0.0059178337;1.0
0;0.0065107336;0.019526565;1.0
0;0.0058431034;0.0068602287;1.0
0;0.004713986;0.0068355794;1.0
0;0.008063091;0.014917465;1.0
0;0.008007093;0.001874221;1.0
0;0.0044001937;4.711702E-4;1.0
0;0.0040241512;0.009880281;1.0
0;0.014007284;0.007048315;1.0
0;0.002200743;0.010753324;1.0
0;0.01151921;0.014353343;1.0
0;0.009268165;0.010835143;1.0
0;0.009307011;0.016267357;1.0
0;0.010932599;0.0100414865;1.0
0;0.01170848;0.009888361;1.0
0;0.3160087;0.20165622;2.0
0;0.31924257;0.2303642;2.0
0;0.29950064;0.23328403;2.0
0;0.3139143;0.21921374;2.0
0;0.3085784;0.20712851;2.0
0;0.31027365;0.1922049;2.0
0;0.31521806;0.21749683;2.0
0;0.3009797;0.21693863;2.0
0;0.30743128;0.22793776;2.0
0;0.30805877;0.18870449;2.0
0;0.31159988;0.20537338;2.0
0;0.31359875;0.19897637;2.0
0;0.31927893;0.21722776;2.0
0;0.32258782;0.21587932;2.0
0;0.31617576;0.19221887;2.0
0;0.30380175;0.19992132;2.0
0;0.3037583;0.21832643;2.0
0;0.306257;0.19515291;2.0
0;0.3088079;0.20438793;2.0
0;0.31114438;0.21205217;2.0
0;0.31136873;0.23055997;2.0
0;0.31709397;0.20728576;2.0
0;0.3160109;0.19352168;2.0
0;0.30699083;0.20218852;2.0
0;0.3050165;0.20817176;2.0
0;0.30161822;0.19054775;2.0
0;0.29947022;0.19665296;2.0
0;0.32244742;0.22097157;2.0
0;0.30157718;0.22509812;2.0
0;0.29548067;0.20990261;2.0
0;0.3077113;0.1905547;2.0
0;0.30878636;0.20279089;2.0
0;0.32293183;0.20973566;2.0
0;0.31582674;0.1817555;2.0
0;0.30839652;0.19522126;2.0
0;0.3146973;0.20080379;2.0
0;0.3137606;0.21916845;2.0
0;0.3093217;0.19904806;2.0
0;0.30801734;0.21856768;2.0
0;0.29489437;0.23628722;2.0
0;0.31086677;0.1851949;2.0
0;0.31353584;0.209567;2.0
0;0.30826175;0.19508585;2.0
0;0.29742923;0.21145391;2.0
0;0.30038515;0.24154851;2.0
0;0.31876084;0.20975304;2.0
0;0.3148423;0.21129866;2.0
0;0.30326208;0.20913334;2.0
0;0.30741778;0.22536646;2.0
0;0.2950945;0.19250968;2.0
0;0.30475438;0.18611938;2.0
0;0.31256348;0.1872121;2.0
0;0.32744926;0.2323369;2.0
0;0.3112744;0.21504796;2.0
0;0.31737968;0.22503158;2.0
0;0.3127397;0.2031969;2.0
0;0.2972717;0.21135794;2.0
0;0.32197884;0.21523412;2.0
0;0.30268246;0.2101947;2.0
0;0.31113777;0.20356864;2.0
0;0.29091802;0.20052287;2.0
0;0.30669677;0.19989926;2.0
0;0.32063097;0.18957427;2.0
0;0.31060854;0.19308043;2.0
0;0.31280354;0.1953135;2.0
0;0.31846642;0.19963315;2.0
0;0.33354756;0.21914007;2.0
0;0.30807564;0.22230215;2.0
0;0.32568827;0.19359376;2.0
0;0.31885743;0.20339692;2.0
0;0.31191704;0.21653269;2.0
0;0.3122749;0.22069177;2.0
0;0.31144756;0.20441021;2.0
0;0.31137845;0.22564608;2.0
0;0.3067817;0.2099614;2.0
0;0.30631393;0.21149088;2.0
0;0.3081685;0.21558012;2.0
0;0.3157771;0.19524837;2.0
0;0.30673105;0.2198317;2.0
0;0.3136147;0.21212268;2.0
0;0.3091647;0.22066933;2.0
0;0.30634913;0.21174555;2.0
0;0.30085027;0.20105161;2.0
0;0.31640294;0.22213161;2.0
0;0.31081417;0.19921479;2.0
0;0.31971294;0.20696495;2.0
0;0.30908847;0.21800688;2.0
0;0.31202742;0.22243538;2.0
0;0.31794325;0.19551446;2.0
0;0.30271944;0.20313168;2.0
0;0.30549255;0.1957686;2.0
0;0.3254174;0.21624298;2.0
0;0.30545574;0.20459275;2.0
0;0.3078383;0.20596021;2.0
0;0.31766644;0.203976;2.0
0;0.31782192;0.20086625;2.0
0;0.3137234;0.21701391;2.0
0;0.3064963;0.2255976;2.0
0;0.3147885;0.21536484;2.0
0;0.31039536;0.22271459;2.0
0;0.31689373;0.21053022;2.0
0;0.30441183;0.20802869;2.0
0;0.32678273;0.20852293;2.0
0;0.32413685;0.23261543;2.0
0;0.30771282;0.21637698;2.0
0;0.31790674;0.19650188;2.0
0;0.31104943;0.18789652;2.0
0;0.30515274;0.20752656;2.0
0;0.3282624;0.20824222;2.0
0;0.30968928;0.21137023;2.0
0;0.3083124;0.19321239;2.0
0;0.3158958;0.19639118;2.0
0;0.32282627;0.2137816;2.0
0;0.30557504;0.19531016;2.0
0;0.31155795;0.21612571;2.0
0;0.3062861;0.2247002;2.0
0;0.30347303;0.21802843;2.0
0;0.31361416;0.18673843;2.0
0;0.30834445;0.20935526;2.0
0;0.31434247;0.2252464;2.0
0;0.31528017;0.21470785;2.0
0;0.32787585;0.2000586;2.0
0;0.31407654;0.21991411;2.0
0;0.30591258;0.2097198;2.0
0;0.30315828;0.20601107;2.0
0;0.31070074;0.21461986;2.0
0;0.30458644;0.18888265;2.0
0;0.3077371;0.1892388;2.0
0;0.318294;0.19430566;2.0
0;0.32673022;0.22701332;2.0
0;0.31101415;0.19788526;2.0
0;0.3089128;0.2033583;2.0
0;0.3201849;0.20098694;2.0
0;0.2960561;0.21450046;2.0
0;0.32255036;0.19231091;2.0
0;0.3062433;0.19855405;2.0
0;0.29522094;0.21168922;2.0
0;0.33296454;0.2123475;2.0
0;0.31502467;0.21514621;2.0
0;0.30756193;0.21034294;2.0
0;0.31639498;0.20214793;2.0
0;0.30276522;0.22623721;2.0
0;0.30327398;0.20444514;2.0
0;0.3006875;0.21618308;2.0
0;0.30949673;0.20677757;2.0
0;0.31057996;0.2076735;2.0
0;0.3238007;0.21454352;2.0
0;0.30902666;0.22561193;2.0
0;0.31219196;0.21560314;2.0
0;0.29894292;0.22386922;2.0
0;0.31949627;0.21011822;2.0
0;0.3225187;0.21338698;2.0
0;0.31046766;0.2142122;2.0
0;0.31819776;0.20678467;2.0
0;0.2865901;0.21235965;2.0
0;0.30396384;0.216038;2.0
0;0.30773878;0.20675707;2.0
0;0.31621522;0.20833005;2.0
0;0.31157392;0.20565832;2.0
0;0.31174576;0.22837563;2.0
0;0.31562766;0.18521217;2.0
0;0.30551198;0.22048798;2.0
0;0.30991188;0.2026625;2.0
0;0.29148996;0.19980952;2.0
0;0.31281576;0.18266186;2.0
0;0.32142353;0.22295159;2.0
0;0.32650006;0.22308537;2.0
0;0.31615025;0.20893022;2.0
0;0.3158267;0.21556073;2.0
0;0.30569178;0.22191691;2.0
0;0.30992386;0.19724798;2.0
0;0.3039932;0.1870729;2.0
0;0.30373013;0.19862248;2.0
0;0.32095057;0.19259787;2.0
0;0.31519678;0.19946547;2.0
0;0.30883503;0.19362003;2.0
0;0.50636935;0.56858295;3.0
0;0.5080248;0.57681704;3.0
0;0.508384;0.57236;3.0
0;0.51293737;0.5746417;3.0
0;0.51219505;0.5735601;3.0
0;0.50650424;0.5839504;3.0
0;0.50521755;0.5796858;3.0
0;0.5081292;0.58342993;3.0
0;0.5088592;0.5765465;3.0
0;0.5081405;0.57599145;3.0
0;0.51323396;0.5807647;3.0
0;0.5103718;0.58542293;3.0
0;0.510777;0.58115685;3.0
0;0.5099859;0.57470334;3.0
0;0.5106288;0.57546175;3.0
0;0.5102193;0.577593;3.0
0;0.50864244;0.5872914;3.0
0;0.506285;0.5841251;3.0
0;0.51456517;0.58415323;3.0
0;0.5049731;0.58533585;3.0
0;0.5040494;0.5787076;3.0
0;0.51170653;0.5725049;3.0
0;0.5101862;0.58239424;3.0
0;0.50922954;0.5797363;3.0
0;0.5101647;0.5841434;3.0
0;0.5116572;0.58668005;3.0
0;0.51259613;0.573205;3.0
0;0.5032146;0.5821616;3.0
0;0.51179487;0.58378726;3.0
0;0.5090442;0.5760735;3.0
0;0.50618726;0.5793764;3.0
0;0.5114557;0.5811408;3.0
0;0.50867623;0.5778723;3.0
0;0.5114416;0.5861275;3.0
0;0.5059335;0.5742021;3.0
0;0.5071262;0.5800973;3.0
0;0.51663905;0.579427;3.0
0;0.50813127;0.5808142;3.0
0;0.5114796;0.57680476;3.0
0;0.5112853;0.57764477;3.0
0;0.5095938;0.57179815;3.0
0;0.50315917;0.57997185;3.0
0;0.5064395;0.58159864;3.0
0;0.5125819;0.5784985;3.0
0;0.5113262;0.58112764;3.0
0;0.50426406;0.5873575;3.0
0;0.50411475;0.5837958;3.0
0;0.51077557;0.5752348;3.0
0;0.5031774;0.58216035;3.0
0;0.5126124;0.5714684;3.0
0;0.51227844;0.57732725;3.0
0;0.513038;0.5817814;3.0
0;0.50795126;0.57894033;3.0
0;0.50584304;0.5756947;3.0
0;0.51226884;0.58155245;3.0
0;0.51703876;0.57870454;3.0
0;0.50567055;0.5829537;3.0
0;0.51249254;0.5760513;3.0
0;0.50428975;0.574779;3.0
0;0.5070798;0.5782041;3.0
0;0.51133436;0.57787967;3.0
0;0.51039666;0.57787424;3.0
0;0.5081116;0.5747393;3.0
0;0.51262194;0.5825589;3.0
0;0.5094212;0.5762854;3.0
0;0.50653315;0.5756597;3.0
0;0.5158906;0.59183216;3.0
0;0.5084924;0.5782148;3.0
0;0.50378716;0.57265544;3.0
0;0.5066024;0.57492983;3.0
0;0.50957495;0.585848;3.0
0;0.50800663;0.5672963;3.0
0;0.5095358;0.5752757;3.0
0;0.50514495;0.57299924;3.0
0;0.51044697;0.5844788;3.0
0;0.5031227;0.58586496;3.0
0;0.5119895;0.579349;3.0
0;0.51055783;0.5862986;3.0
0;0.5109201;0.58620495;3.0
0;0.509819;0.5699125;3.0
0;0.50475705;0.5752563;3.0
0;0.5084277;0.5644413;3.0
0;0.5129246;0.58307433;3.0
0;0.50873667;0.5895691;3.0
0;0.5009823;0.5729438;3.0
0;0.5043873;0.5848258;3.0
0;0.5090189;0.58347744;3.0
0;0.5162585;0.5751704;3.0
0;0.5099093;0.5827802;3.0
0;0.5046427;0.58146024;3.0
0;0.5078052;0.5810172;3.0
0;0.51061267;0.57160884;3.0
0;0.51523995;0.579421;3.0
0;0.50853795;0.58496666;3.0
0;0.507127;0.58155197;3.0
0;0.50898665;0.5763857;3.0
0;0.51260823;0.5742;3.0
0;0.50863075;0.5750377;3.0
0;0.5081193;0.583011;3.0
0;0.5085179;0.5821148;3.0
0;0.510648;0.576753;3.0
0;0.50883543;0.57399976;3.0
0;0.5067143;0.57622224;3.0
0;0.5095861;0.5722703;3.0
0;0.50859946;0.58530045;3.0
0;0.50845623;0.5716436;3.0
0;0.5077008;0.56538504;3.0
0;0.5072635;0.5854948;3.0
0;0.5056219;0.57379127;3.0
0;0.509468;0.58427244;3.0
0;0.50813234;0.5749779;3.0
0;0.5075406;0.5740855;3.0
0;0.51156026;0.576684;3.0
0;0.5062558;0.5813484;3.0
0;0.5126536;0.5756626;3.0
0;0.510187;0.5780568;3.0
0;0.5043522;0.5736786;3.0
0;0.5132676;0.57617533;3.0
0;0.5061671;0.58254045;3.0
0;0.5032806;0.58129424;3.0
0;0.51240295;0.5767665;3.0
0;0.5073594;0.57350165;3.0
0;0.51426023;0.5892663;3.0
0;0.51050556;0.57401156;3.0
0;0.50803113;0.5754453;3.0
0;0.50823855;0.58793145;3.0
0;0.51303625;0.5752046;3.0
0;0.51097924;0.58385277;3.0
0;0.5087065;0.5779999;3.0
0;0.5080831;0.5781291;3.0
0;0.5036858;0.58734775;3.0
0;0.5089156;0.57610357;3.0
0;0.5064476;0.5738627;3.0
0;0.51613456;0.5792572;3.0
0;0.5133603;0.58108026;3.0
0;0.5137709;0.56872207;3.0
0;0.50855637;0.57664484;3.0
0;0.5077054;0.57706594;3.0
0;0.51627135;0.574587;3.0
0;0.51137394;0.5789175;3.0
0;0.5134208;0.5849508;3.0
0;0.5096544;0.58050615;3.0
0;0.50852543;0.5848612;3.0
0;0.5125098;0.581276;3.0
0;0.51158834;0.5811788;3.0
0;0.5113768;0.573725;3.0
0;0.5094926;0.5872957;3.0
0;0.51072335;0.5776454;3.0
0;0.51359725;0.57413673;3.0
0;0.51308465;0.57797027;3.0
0;0.5126965;0.58051085;3.0
0;0.5129884;0.5810468;3.0
0;0.51289845;0.574328;3.0
0;0.5073416;0.58596385;3.0
0;0.5104523;0.5835224;3.0
0;0.50785637;0.58125776;3.0
0;0.5154461;0.58769333;3.0
0;0.50667036;0.569827;3.0
0;0.5105674;0.57582676;3.0
0;0.5104838;0.5804227;3.0
0;0.5097459;0.5936998;3.0
0;0.5098087;0.5822292;3.0
0;0.51054275;0.582205;3.0
0;0.50845456;0.5782495;3.0
0;0.5072443;0.58509094;3.0
0;0.5039624;0.57831484;3.0
0;0.50964004;0.5755094;3.0
0;0.50976264;0.5734527;3.0
0;0.5010529;0.5778049;3.0
0;0.5091907;0.5713377;3.0
0;0.51069665;0.56690294;3.0
0;0.509378;0.5791932;3.0
0;0.5104741;0.573166;3.0
0;0.5111053;0.5833478;3.0
0;0.5081828;0.5743561;3.0
0;0.5129444;0.58067584;3.0
0;0.81016725;0.9943659;4.0
0;0.81145674;0.99443585;4.0
0;0.8125667;0.9803409;4.0
0;0.8075689;0.98813176;4.0
0;0.8102082;0.98563665;4.0
0;0.80950284;0.98732287;4.0
0;0.8077914;0.9704062;4.0
0;0.81018084;0.9859672;4.0
0;0.8202441;0.982129;4.0
0;0.8079768;0.9887541;4.0
0;0.8093434;0.9813082;4.0
0;0.80700475;0.99261934;4.0
0;0.81306744;0.9897553;4.0
0;0.80913997;0.97663414;4.0
0;0.8099629;0.9878364;4.0
0;0.811693;0.981677;4.0
0;0.8148437;0.9844593;4.0
0;0.8156698;0.99174327;4.0
0;0.8074908;0.9714299;4.0
0;0.8105622;0.99574196;4.0
0;0.8109211;0.97996277;4.0
0;0.80999535;0.97501826;4.0
0;0.808361;0.98500216;4.0
0;0.81213295;0.9919277;4.0
0;0.81028444;0.9860912;4.0
0;0.81350976;0.97869205;4.0
0;0.8068967;0.9742309;4.0
0;0.8094925;0.9970134;4.0
0;0.82089597;0.97904015;4.0
0;0.8074946;0.9893884;4.0
0;0.8057926;0.9893828;4.0
0;0.81654334;0.98800576;4.0
0;0.8098556;0.99099743;4.0
0;0.81181556;0.99726033;4.0
0;0.80976295;0.9854189;4.0
0;0.80592895;0.9859969;4.0
0;0.81263953;0.9912532;4.0
0;0.8255191;0.9837981;4.0
0;0.80657667;0.9854228;4.0
0;0.81342906;0.98391604;4.0
0;0.8044225;0.99731034;4.0
0;0.80683815;0.9889542;4.0
0;0.8135044;0.9925992;4.0
0;0.8132946;0.97591317;4.0
0;0.81620467;0.98078114;4.0
0;0.815296;0.9976364;4.0
0;0.8145229;0.99208856;4.0
0;0.8168861;0.9911072;4.0
0;0.81567925;0.97334087;4.0
0;0.8149697;0.9828308;4.0
0;0.8069266;0.9840678;4.0
0;0.8133802;0.99334854;4.0
0;0.8104811;0.9913697;4.0
0;0.8105939;0.990838;4.0
0;0.81289494;0.9934594;4.0
0;0.81256324;0.9791325;4.0
0;0.81523085;0.987568;4.0
0;0.8074748;0.98801124;4.0
0;0.8061596;0.9906794;4.0
0;0.80904454;0.9906187;4.0
0;0.8142318;0.9895442;4.0
0;0.8139193;0.9898585;4.0
0;0.8078363;0.9811407;4.0
0;0.8136208;0.9855133;4.0
0;0.8131885;0.983785;4.0
0;0.8028729;0.98958737;4.0
0;0.8021388;0.98237044;4.0
0;0.808653;0.99607444;4.0
0;0.8182762;0.99771863;4.0
0;0.80998224;0.98363495;4.0
0;0.8019865;0.9911621;4.0
0;0.815583;0.9912376;4.0
0;0.8099814;0.98748666;4.0
0;0.8088291;0.9895589;4.0
0;0.80972767;0.98290265;4.0
0;0.8074985;0.9870622;4.0
0;0.8142737;0.99926573;4.0
0;0.8129596;0.9806526;4.0
0;0.8042635;0.9843485;4.0
0;0.81923926;0.9829746;4.0
0;0.8194492;0.99917024;4.0
0;0.8087843;0.9887503;4.0
0;0.8098804;0.9856745;4.0
0;0.80690855;0.9872736;4.0
0;0.8107789;0.99023455;4.0
0;0.8067537;0.99352115;4.0
0;0.8070072;0.97984034;4.0
0;0.8116265;0.98873925;4.0
0;0.81540996;0.9899249;4.0
0;0.8076156;0.9936058;4.0
0;0.8075768;0.98523474;4.0
0;0.81079465;0.9784131;4.0
0;0.8182594;0.9833053;4.0
0;0.81903535;0.984777;4.0
0;0.8168493;0.99252754;4.0
0;0.8101318;0.97185487;4.0
0;0.8039542;0.9828216;4.0
0;0.8075891;0.98839283;4.0
0;0.80690056;0.99518675;4.0
0;0.8099027;0.97986794;4.0
0;0.81220573;0.99358106;4.0
0;0.8177474;0.9943364;4.0
0;0.80899656;1.0;4.0
0;0.817756;0.99367344;4.0
0;0.81029296;0.9826472;4.0
0;0.8134909;0.98781574;4.0
0;0.8161135;0.98196435;4.0
0;0.81371737;0.989863;4.0
0;0.8080709;0.982726;4.0
0;0.80440766;0.99052507;4.0
0;0.8106084;0.97674936;4.0
0;0.81765306;0.97553307;4.0
0;0.8116251;0.9861996;4.0
0;0.80808574;0.99427927;4.0
0;0.8095598;0.9864171;4.0
0;0.8104656;0.9816167;4.0
0;0.8103921;0.98826295;4.0
0;0.8104263;0.9875344;4.0
0;0.8082233;0.9909712;4.0
0;0.8118326;0.98105043;4.0
0;0.80513006;0.98289466;4.0
0;0.80530876;0.98634243;4.0
0;0.81772155;0.97869194;4.0
0;0.8105098;0.9822678;4.0
0;0.8123092;0.9813266;4.0
0;0.81599647;0.98813945;4.0
0;0.8114535;0.9846127;4.0
0;0.8042994;0.9766959;4.0
0;0.81556267;0.99394506;4.0
0;0.8121085;0.97620785;4.0
0;0.8113114;0.99346846;4.0
0;0.8101349;0.98684114;4.0
0;0.808817;0.98207927;4.0
0;0.80836004;0.981329;4.0
0;0.8093562;0.9857558;4.0
0;0.8100127;0.9784682;4.0
0;0.81299466;0.9929854;4.0
0;0.81026906;0.9865597;4.0
0;0.8113474;0.9848679;4.0
0;0.800346;0.98254675;4.0
0;0.80603534;0.98418784;4.0
0;0.8149921;0.98289376;4.0
0;0.8066526;0.9827521;4.0
0;0.8010872;0.9906161;4.0
0;0.806127;0.9827066;4.0
0;0.81379837;0.99105203;4.0
0;0.80964977;0.98312;4.0
0;0.80688936;0.99040014;4.0
0;0.8029788;0.9926382;4.0
0;0.8122072;0.98636824;4.0
0;0.81268376;0.9879077;4.0
0;0.8171137;0.98130864;4.0
0;0.81477183;0.99020076;4.0
0;0.80522275;0.98612547;4.0
0;0.8145122;0.97625643;4.0
0;0.8181188;0.9774227;4.0
0;0.81060874;0.9762908;4.0
0;0.80683315;0.98299867;4.0
0;0.8103214;0.9860165;4.0
0;0.8124541;0.98089457;4.0
0;0.8053566;0.9882173;4.0
0;0.8175262;0.98467857;4.0
0;0.8046738;0.9914453;4.0
0;0.809215;0.9870779;4.0
0;0.80932176;0.9852092;4.0
0;0.80766207;0.9822628;4.0
0;0.81247866;0.9873828;4.0
0;0.81050336;0.9910915;4.0
0;0.79996043;0.97985685;4.0
0;0.8059169;0.9817759;4.0
0;0.8117806;0.98203665;4.0
0;0.8120303;0.99738306;4.0
0;0.80997086;0.99795085;4.0
0;0.8094169;0.9913197;4.0
0;0.80779356;0.98335195;4.0
0;0.82199824;0.98122805;4.0
0;0.99211097;0.4285997;5.0
0;0.987959;0.4167464;5.0
0;1.0;0.42578283;5.0
0;0.99469686;0.4258865;5.0
0;0.9912319;0.4247719;5.0
0;0.99524647;0.4223914;5.0
0;0.9934944;0.43501207;5.0
0;0.98623127;0.42896327;5.0
0;0.9929911;0.4270621;5.0
0;0.9960125;0.423454;5.0
0;0.99532807;0.41906393;5.0
0;0.98869324;0.42818323;5.0
0;0.99493265;0.41701213;5.0
0;0.9926797;0.42227218;5.0
0;0.9979376;0.42741323;5.0
0;0.99376434;0.4290394;5.0
0;0.99507254;0.427508;5.0
0;0.9919485;0.43024942;5.0
0;0.9984748;0.4301292;5.0
0;0.9937189;0.42764482;5.0
0;0.9967907;0.4219957;5.0
0;0.99637616;0.41995907;5.0
0;0.9953881;0.42662808;5.0
0;0.9907111;0.42115375;5.0
0;0.9957777;0.42016527;5.0
0;0.99026525;0.42387924;5.0
0;0.9929736;0.42054802;5.0
0;0.99329275;0.4268851;5.0
0;0.99055505;0.4201173;5.0
0;0.98711926;0.42542803;5.0
0;0.9916165;0.42342916;5.0
0;0.99181473;0.41897136;5.0
0;0.99697936;0.42528287;5.0
0;0.9917674;0.42535353;5.0
0;0.9946429;0.41887125;5.0
0;0.9929206;0.4233888;5.0
0;0.9932185;0.42691433;5.0
0;0.9937711;0.4178039;5.0
0;0.98756003;0.42518932;5.0
0;0.9893137;0.42313707;5.0
0;0.99183834;0.4300389;5.0
0;0.9936794;0.43541524;5.0
0;0.9947524;0.42181516;5.0
0;0.99520034;0.43076065;5.0
0;0.9924435;0.4178618;5.0
0;0.9970215;0.42721987;5.0
0;0.99309534;0.42633086;5.0
0;0.9933877;0.4262586;5.0
0;0.9887452;0.42765325;5.0
0;0.997327;0.42233407;5.0
0;0.9882521;0.42201015;5.0
0;0.99140054;0.42679426;5.0
0;0.9915949;0.42627797;5.0
0;0.99439764;0.4329539;5.0
0;0.9933897;0.4335124;5.0
0;0.99595857;0.42279118;5.0
0;0.9952271;0.42756006;5.0
0;0.9917445;0.4212974;5.0
0;0.9920292;0.41616276;5.0
0;0.9880495;0.43074808;5.0
0;0.98846936;0.4256129;5.0
0;0.98667;0.42795628;5.0
0;0.99104714;0.42062935;5.0
0;0.9894191;0.4244782;5.0
0;0.99350595;0.4205778;5.0
0;0.9860288;0.41983944;5.0
0;0.9898104;0.42263356;5.0
0;0.9898941;0.42778137;5.0
0;0.9984098;0.43362603;5.0
0;0.99122024;0.43042016;5.0
0;0.99242854;0.4222018;5.0
0;0.9967422;0.4291276;5.0
0;0.9923112;0.43049332;5.0
0;0.9924904;0.42435184;5.0
0;0.9944609;0.42253184;5.0
0;0.99374586;0.42672244;5.0
0;0.9906969;0.43171728;5.0
0;0.99149865;0.42434245;5.0
0;0.99323446;0.42713276;5.0
0;0.9954097;0.4244074;5.0
0;0.99271166;0.42316747;5.0
0;0.99083257;0.4265133;5.0
0;0.99034065;0.4291256;5.0
0;0.9966111;0.4257505;5.0
0;0.99015653;0.42387912;5.0
0;0.99076235;0.42411447;5.0
0;0.99595374;0.4229325;5.0
0;0.9956792;0.42211285;5.0
0;0.9958364;0.4215834;5.0
0;0.989783;0.4293787;5.0
0;0.98946077;0.4295124;5.0
0;0.99082166;0.42788678;5.0
0;0.9988646;0.42488533;5.0
0;0.99249375;0.42357972;5.0
0;0.988956;0.42410216;5.0
0;0.9963286;0.43112504;5.0
0;0.9932669;0.4206957;5.0
0;0.98821956;0.432369;5.0
0;0.98584783;0.4294819;5.0
0;0.99387026;0.43023735;5.0
0;0.9905204;0.42797342;5.0
0;0.989931;0.42887878;5.0
0;0.9899283;0.41988996;5.0
0;0.9939699;0.41818863;5.0
0;0.98853207;0.42828894;5.0
0;0.9921713;0.4214555;5.0
0;0.992665;0.42066246;5.0
0;0.98990333;0.42281;5.0
0;0.9909554;0.42398715;5.0
0;0.99639153;0.42756248;5.0
0;0.9991456;0.42615226;5.0
0;0.9907645;0.42016983;5.0
0;0.99539006;0.42528024;5.0
0;0.9897147;0.42424226;5.0
0;0.99007934;0.4274149;5.0
0;0.98807544;0.4241429;5.0
0;0.98998773;0.43010443;5.0
0;0.9896475;0.43221414;5.0
0;0.9904159;0.42490265;5.0
0;0.9904235;0.4251508;5.0
0;0.98881674;0.42937618;5.0
0;0.9963508;0.42646456;5.0
0;0.99418473;0.4293423;5.0
0;0.98920727;0.41595188;5.0
0;0.99377483;0.42113242;5.0
0;0.9886845;0.42397884;5.0
0;0.9885527;0.43036452;5.0
0;0.990955;0.41864678;5.0
0;0.997837;0.43149307;5.0
0;0.9890598;0.4240887;5.0
0;0.9939392;0.41888607;5.0
0;0.9957943;0.42867726;5.0
0;0.9937028;0.41803443;5.0
0;0.9974786;0.43532228;5.0
0;0.9922565;0.42726296;5.0
0;0.99003035;0.4340595;5.0
0;0.991775;0.42304423;5.0
0;0.99250716;0.4342275;5.0
0;0.99817747;0.43349254;5.0
0;0.9898922;0.42251387;5.0
0;0.9926764;0.41834465;5.0
0;0.9960933;0.42904028;5.0
0;0.99105364;0.42524;5.0
0;0.99524844;0.42216173;5.0
0;0.9948988;0.42419797;5.0
0;0.98960686;0.43187287;5.0
0;0.9932816;0.4318271;5.0
0;0.9969591;0.42313573;5.0
0;0.9948998;0.42314613;5.0
0;0.9914872;0.42784023;5.0
0;0.99408764;0.42269886;5.0
0;0.99710584;0.42020774;5.0
0;0.9982001;0.4215482;5.0
0;0.9932022;0.4315165;5.0
0;0.99560803;0.4325626;5.0
0;0.9930274;0.42375138;5.0
0;0.98762316;0.42885497;5.0
0;0.9969744;0.4226791;5.0
0;0.99055225;0.42187122;5.0
0;0.9997802;0.41794226;5.0
0;0.99002594;0.42423952;5.0
0;0.9963827;0.4253537;5.0
0;0.9946686;0.42241254;5.0
0;0.9904044;0.4333991;5.0
0;0.9908706;0.42488986;5.0
0;0.9931201;0.42043465;5.0
0;0.9891121;0.4235762;5.0
0;0.98882115;0.41806325;5.0
0;0.99116623;0.4204261;5.0
0;0.99427676;0.43355992;5.0
0;0.9905727;0.4203822;5.0
0;0.99233204;0.42726833;5.0
0;0.99594766;0.42853025;5.0
0;0.9930648;0.4246447;5.0
0;0.99087304;0.4252484;5.0
0;0.9910349;0.42034453;5.0
