DY
1005
2

0;2.4874775;0.12966985;1.0
0;2.4814148;0.12712602;1.0
0;2.4517524;0.13016178;1.0
0;2.5236413;0.13258223;1.0
0;2.4195578;0.12518474;1.0
0;2.3834193;0.12440399;1.0
0;2.477372;0.12322433;1.0
0;2.4794934;0.12313384;1.0
0;2.4662147;0.13504516;1.0
0;2.476624;0.14259262;1.0
0;2.4323325;0.12615769;1.0
0;2.3924742;0.120064795;1.0
0;2.469048;0.12854347;1.0
0;2.4715986;0.13101202;1.0
0;2.4715798;0.12755819;1.0
0;2.4712896;0.12769459;1.0
0;2.4995525;0.129468;1.0
0;2.4414313;0.1312675;1.0
0;2.4422507;0.1383618;1.0
0;2.472956;0.12912132;1.0
0;2.4707925;0.12202224;1.0
0;2.4370916;0.12106177;1.0
0;2.4515693;0.13835146;1.0
0;2.4455621;0.12371497;1.0
0;2.4276466;0.13464838;1.0
0;2.4709933;0.13526252;1.0
0;2.39997;0.13272423;1.0
0;2.4077518;0.13550921;1.0
0;2.4580293;0.12508896;1.0
0;2.47459;0.12880884;1.0
0;2.485251;0.12496242;1.0
0;2.409241;0.1347494;1.0
0;2.4995627;0.13169765;1.0
0;2.4595933;0.13145067;1.0
0;2.4506688;0.13580415;1.0
0;2.4356663;0.13556431;1.0
0;2.4391723;0.12232876;1.0
0;2.4179504;0.12479045;1.0
0;2.4194572;0.124021575;1.0
0;2.4223325;0.12947737;1.0
0;2.4228919;0.1247965;1.0
0;2.499443;0.12002868;1.0
0;2.44444;0.12400469;1.0
0;2.5041745;0.1276418;1.0
0;2.476948;0.12175871;1.0
0;2.486945;0.12795456;1.0
0;2.4540358;0.12514853;1.0
0;2.5426702;0.12018743;1.0
0;2.4420366;0.12922987;1.0
0;2.4722183;0.13301657;1.0
0;2.4606075;0.12353933;1.0
0;2.4381402;0.1284917;1.0
0;2.5007663;0.13380721;1.0
0;2.4586577;0.12623511;1.0
0;2.469502;0.12933771;1.0
0;2.4477963;0.12719521;1.0
0;2.4579287;0.13482673;1.0
0;2.4750395;0.12467127;1.0
0;2.4504488;0.12790003;1.0
0;2.4620137;0.13300233;1.0
0;2.4342637;0.13770398;1.0
0;2.4393342;0.12715127;1.0
0;2.4134393;0.12871347;1.0
0;2.4718223;0.13187827;1.0
0;2.410214;0.13115636;1.0
0;2.4709437;0.13819139;1.0
0;2.4849036;0.12499402;1.0
0;2.4337955;0.13868418;1.0
0;2.4880035;0.12595578;1.0
0;2.4334352;0.12553607;1.0
0;2.4316814;0.12322815;1.0
0;2.372747;0.13512272;1.0
0;2.4335237;0.11723785;1.0
0;2.4357743;0.14568736;1.0
0;2.5261974;0.11990896;1.0
0;2.4045768;0.12508644;1.0
0;2.5325131;0.1355974;1.0
0;2.4484458;0.12459092;1.0
0;2.5222886;0.12916581;1.0
0;2.4425726;0.12723757;1.0
0;2.5043929;0.1331353;1.0
0;2.4832535;0.13469173;1.0
0;2.444827;0.12916616;1.0
0;2.4742656;0.12534644;1.0
0;2.4476614;0.13235337;1.0
0;2.5170898;0.13445002;1.0
0;2.442934;0.13026936;1.0
0;2.3819537;0.13248031;1.0
0;2.4376411;0.12811007;1.0
0;2.4826903;0.12946664;1.0
0;2.4319258;0.1209882;1.0
0;2.4182904;0.13198267;1.0
0;2.4139667;0.13275445;1.0
0;2.4835684;0.1354965;1.0
0;2.4227974;0.12684353;1.0
0;2.5053823;0.13408564;1.0
0;2.4124496;0.13402866;1.0
0;2.4572923;0.12905073;1.0
0;2.4146686;0.13050874;1.0
0;2.4121969;0.13203777;1.0
0;2.520091;0.13541384;1.0
0;2.454334;0.12376675;1.0
0;2.4669895;0.13444759;1.0
0;2.4339383;0.124228515;1.0
0;2.4496434;0.120044336;1.0
0;2.424964;0.1321991;1.0
0;2.4296913;0.12948935;1.0
0;2.5018222;0.12599824;1.0
0;2.4492228;0.14161341;1.0
0;2.4484348;0.12612635;1.0
0;2.4331763;0.13596463;1.0
0;2.4923794;0.12793383;1.0
0;2.475317;0.12822302;1.0
0;2.437231;0.13235217;1.0
0;2.4127479;0.12853982;1.0
0;2.4469044;0.12080467;1.0
0;2.412535;0.13668923;1.0
0;2.4263425;0.1288134;1.0
0;2.4435632;0.13818058;1.0
0;2.4317834;0.13088576;1.0
0;2.4210875;0.13697049;1.0
0;2.4449902;0.12373762;1.0
0;2.4407063;0.12366346;1.0
0;2.4676263;0.12670404;1.0
0;2.4866233;0.1321699;1.0
0;2.3780189;0.12699737;1.0
0;2.4868674;0.13450065;1.0
0;2.3761978;0.12718989;1.0
0;2.4589262;0.12317969;1.0
0;2.4326582;0.12738824;1.0
0;2.454183;0.1402067;1.0
0;2.4812768;0.118783325;1.0
0;2.458667;0.13540016;1.0
0;2.5242567;0.13215266;1.0
0;2.4347103;0.13047677;1.0
0;2.4837096;0.13165538;1.0
0;2.3853781;0.13510029;1.0
0;2.435926;0.12986201;1.0
0;2.4479406;0.12788112;1.0
0;2.4627512;0.121304385;1.0
0;2.451101;0.1379747;1.0
0;2.4669476;0.12868252;1.0
0;2.4447317;0.13414097;1.0
0;2.4216533;0.12602593;1.0
0;2.4201958;0.12579471;1.0
0;2.4533534;0.13756487;1.0
0;2.4943619;0.12516163;1.0
0;2.369379;0.13356487;1.0
0;2.482397;0.12298528;1.0
0;2.435801;0.119548775;1.0
0;2.388475;0.13255104;1.0
0;2.4458218;0.1299953;1.0
0;2.3651776;0.12988128;1.0
0;2.4825501;0.12591107;1.0
0;2.4714024;0.12711768;1.0
0;2.406008;0.13051157;1.0
0;2.4481878;0.12540337;1.0
0;2.5156164;0.12172539;1.0
0;2.4484742;0.13689294;1.0
0;2.4362671;0.13353272;1.0
0;2.4296503;0.12970775;1.0
0;2.3999374;0.13006517;1.0
0;2.4551094;0.1264295;1.0
0;2.4784372;0.12659408;1.0
0;2.4239857;0.13066064;1.0
0;2.4318473;0.122907944;1.0
0;2.4571295;0.11888913;1.0
0;2.46227;0.1288944;1.0
0;2.387861;0.12920038;1.0
0;2.417395;0.12826756;1.0
0;2.4241197;0.12759626;1.0
0;2.4241207;0.12911087;1.0
0;2.4554183;0.13402043;1.0
0;2.442841;0.12541956;1.0
0;2.463127;0.13014148;1.0
0;2.428677;0.12759073;1.0
0;2.3857164;0.13958797;1.0
0;2.410419;0.13526948;1.0
0;2.4486017;0.12893458;1.0
0;2.445109;0.13232356;1.0
0;2.4013202;0.12760986;1.0
0;2.4818387;0.13146375;1.0
0;2.4229329;0.12252494;1.0
0;2.4203794;0.1384177;1.0
0;2.4609697;0.13067819;1.0
0;2.4550037;0.13134769;1.0
0;2.4287727;0.12917604;1.0
0;2.4700713;0.1389611;1.0
0;2.466682;0.1221247;1.0
0;2.4947696;0.12817748;1.0
0;2.4077716;0.13334142;1.0
0;2.3834245;0.1286912;1.0
0;2.488406;0.13911813;1.0
0;2.5226634;0.1284026;1.0
0;2.4591582;0.13073602;1.0
0;2.4152317;0.13656674;1.0
0;2.4707277;0.12593617;1.0
0;2.4095001;0.1332124;1.0
0;2.4257703;0.12375218;1.0
0;2.4087157;0.13017423;1.0
0;2.4498167;0.13425554;1.0
0;0.45720828;0.016265383;2.0
0;0.541075;0.009736767;2.0
0;0.4959264;0.011910286;2.0
0;0.5029793;0.005657684;2.0
0;0.54008645;0.018896883;2.0
0;0.4312404;0.0060959794;2.0
0;0.48946956;0.014850026;2.0
0;0.46785071;0.0045414018;2.0
0;0.38040617;0.005933742;2.0
0;0.46085453;0.013040147;2.0
0;0.43856785;0.005363644;2.0
0;0.481522;0.010508015;2.0
0;0.39561355;0.0068348036;2.0
0;0.43662146;0.0128094135;2.0
0;0.45124742;0.012538927;2.0
0;0.53047544;0.0073212534;2.0
0;0.43556356;0.017596679;2.0
0;0.42485985;0.01681372;2.0
0;0.5194116;0.016904894;2.0
0;0.45836142;0.009578987;2.0
0;0.4334287;0.020332515;2.0
0;0.49449494;0.0067759105;2.0
0;0.5428601;0.016773496;2.0
0;0.4798869;0.0072773923;2.0
0;0.45139036;0.006542643;2.0
0;0.3902335;0.018744806;2.0
0;0.48793173;0.019052554;2.0
0;0.46217746;0.015766054;2.0
0;0.46023887;0.016991043;2.0
0;0.43689993;0.015846916;2.0
0;0.44934943;0.017227162;2.0
0;0.50818026;0.002369446;2.0
0;0.49663875;0.018949145;2.0
0;0.4931255;0.00787763;2.0
0;0.46011457;0.01015825;2.0
0;0.46820176;0.010454246;2.0
0;0.46538332;0.017264556;2.0
0;0.51960456;0.01670298;2.0
0;0.4437827;0.021817539;2.0
0;0.55517;0.016601974;2.0
0;0.45162317;0.011541982;2.0
0;0.51563126;0.006869237;2.0
0;0.46531814;0.006223248;2.0
0;0.47619978;0.006255846;2.0
0;0.45925048;0.009527446;2.0
0;0.5136032;0.016285997;2.0
0;0.46653038;0.022819027;2.0
0;0.5057424;0.016756672;2.0
0;0.47062594;0.011123515;2.0
0;0.45920944;0.015474985;2.0
0;0.5125907;0.015638893;2.0
0;0.5072831;0.021555288;2.0
0;0.45427483;0.011437294;2.0
0;0.53833777;0.016032148;2.0
0;0.48962724;0.011620288;2.0
0;0.49722478;0.017551243;2.0
0;0.44053504;0.0071039028;2.0
0;0.5107047;0.018356498;2.0
0;0.51594734;0.012723341;2.0
0;0.47229773;0.018383658;2.0
0;0.49949446;0.009534612;2.0
0;0.4745381;0.014383644;2.0
0;0.47361502;0.009858225;2.0
0;0.41228274;0.016174689;2.0
0;0.44151503;0.020975;2.0
0;0.48846257;0.010408669;2.0
0;0.48195687;0.007327393;2.0
0;0.5453212;0.014284811;2.0
0;0.47871122;0.019225236;2.0
0;0.49201745;0.0042090504;2.0
0;0.4906636;0.019531893;2.0
0;0.4149796;0.005574746;2.0
0;0.54053736;0.014481406;2.0
0;0.3971807;0.011914578;2.0
0;0.39909804;0.014480532;2.0
0;0.4578157;0.017033868;2.0
0;0.39505482;0.018032866;2.0
0;0.40483332;0.011618245;2.0
0;0.4417869;0.011880866;2.0
0;0.48976728;0.012327093;2.0
0;0.4180621;0.019049529;2.0
0;0.43501988;0.014338777;2.0
0;0.52651155;0.014167637;2.0
0;0.43742123;0.01688995;2.0
0;0.47893855;0.0062843915;2.0
0;0.44691372;0.012424637;2.0
0;0.50440687;0.008394843;2.0
0;0.48237625;0.012248438;2.0
0;0.47040626;0.006014003;2.0
0;0.44073433;0.019230304;2.0
0;0.45206958;0.009474398;2.0
0;0.5077906;0.012451379;2.0
0;0.49754488;0.008831664;2.0
0;0.5054085;0.012756364;2.0
0;0.5205104;0.020292217;2.0
0;0.46870106;0.013352386;2.0
0;0.44766968;0.012788897;2.0
0;0.5250833;0.015388596;2.0
0;0.4902098;0.009638416;2.0
0;0.44161475;0.012151025;2.0
0;0.4739444;0.021433821;2.0
0;0.43160444;0.018890426;2.0
0;0.44830775;0.008701796;2.0
0;0.5574557;0.025591025;2.0
0;0.4795821;0.017141111;2.0
0;0.48646095;0.019795662;2.0
0;0.42183736;0.01972167;2.0
0;0.4120132;0.0061767213;2.0
0;0.4897904;0.008012032;2.0
0;0.47656944;0.009367961;2.0
0;0.49163896;0.009697734;2.0
0;0.4402804;0.025879044;2.0
0;0.47883582;0.015662557;2.0
0;0.42315742;0.013302484;2.0
0;0.51582605;0.014754143;2.0
0;0.41734698;0.02145201;2.0
0;0.48932692;0.012779885;2.0
0;0.46350875;0.013681121;2.0
0;0.46755373;0.004446043;2.0
0;0.4214931;0.02363441;2.0
0;0.4385999;0.022727743;2.0
0;0.45547405;0.01213926;2.0
0;0.49642342;0.010352092;2.0
0;0.4875934;0.0027822768;2.0
0;0.49542958;0.017678043;2.0
0;0.43472144;0.010281761;2.0
0;0.45152172;0.017292567;2.0
0;0.50309867;0.008203252;2.0
0;0.53200233;0.016833471;2.0
0;0.4695747;0.00842837;2.0
0;0.50079083;0.016870484;2.0
0;0.49155587;0.008270612;2.0
0;0.47769597;0.014202278;2.0
0;0.48846227;0.014493314;2.0
0;0.50527066;0.009586449;2.0
0;0.4401765;0.008518452;2.0
0;0.46703765;0.012370091;2.0
0;0.47963616;0.025856607;2.0
0;0.50200206;0.01039627;2.0
0;0.4702535;0.0075226547;2.0
0;0.44688234;0.013485619;2.0
0;0.4557235;0.016053429;2.0
0;0.5238037;0.023432648;2.0
0;0.45877776;0.01780623;2.0
0;0.4426748;0.015600342;2.0
0;0.498102;0.017757375;2.0
0;0.5144475;0.013000022;2.0
0;0.4696072;0.0069025783;2.0
0;0.4728832;0.013033756;2.0
0;0.372397;0.0121219335;2.0
0;0.50403845;0.007938697;2.0
0;0.4685762;0.017764006;2.0
0;0.44449446;0.013978395;2.0
0;0.43806592;0.019766362;2.0
0;0.50139403;0.0030853183;2.0
0;0.4587496;0.024360375;2.0
0;0.47388485;0.018217454;2.0
0;0.41260284;0.010209694;2.0
0;0.46480337;0.018551914;2.0
0;0.4890025;0.019245652;2.0
0;0.44761667;0.020844704;2.0
0;0.4601344;0.019044317;2.0
0;0.52529657;0.02318082;2.0
0;0.50245756;0.013827639;2.0
0;0.47280934;0.011667875;2.0
0;0.41650516;0.0181992;2.0
0;0.40955448;0.0031001207;2.0
0;0.43832085;0.018771755;2.0
0;0.47145763;0.011478567;2.0
0;0.45036557;0.0;2.0
0;0.47168988;0.01922552;2.0
0;0.48843727;0.0131954355;2.0
0;0.5421837;0.008532457;2.0
0;0.4548409;0.00722501;2.0
0;0.49749765;0.01270312;2.0
0;0.5287016;0.0034183795;2.0
0;0.5377081;0.018281754;2.0
0;0.4997335;0.01636604;2.0
0;0.4666863;0.007886064;2.0
0;0.50378525;0.009339395;2.0
0;0.41143832;0.0097611835;2.0
0;0.49484208;0.009448234;2.0
0;0.44035527;0.011953044;2.0
0;0.47329044;0.006353881;2.0
0;0.53334373;0.007636377;2.0
0;0.4813964;0.009640688;2.0
0;0.5399085;0.0046058665;2.0
0;0.44544625;0.018084953;2.0
0;0.46241635;0.0058037643;2.0
0;0.441151;0.013229378;2.0
0;0.47498044;0.0036217032;2.0
0;0.5222922;0.010837209;2.0
0;0.4956686;0.008025961;2.0
0;0.46726614;0.024130778;2.0
0;0.506036;0.014731923;2.0
0;0.44373226;0.010797914;2.0
0;0.50877595;0.014798233;2.0
0;0.46382585;0.0056753266;2.0
0;0.48579732;0.009085425;2.0
0;0.5337974;0.010971983;2.0
0;0.41372272;0.003980983;2.0
0;0.77548206;0.26558214;3.0
0;0.2757217;0.39894113;3.0
0;0.09571398;0.339028;3.0
0;0.056290872;0.3268682;3.0
0;0.6115044;0.39972472;3.0
0;0.7443936;0.26854268;3.0
0;1.2244247;0.30935898;3.0
0;1.110583;0.3830238;3.0
0;0.9255271;0.36997923;3.0
0;0.76951444;0.42252213;3.0
0;2.0835896;0.44159803;3.0
0;1.3224154;0.44134864;3.0
0;1.1250741;0.36248302;3.0
0;1.3842806;0.37387407;3.0
0;0.6896384;0.4429273;3.0
0;0.61129767;0.32347324;3.0
0;0.7386505;0.39078528;3.0
0;1.8952619;0.43401903;3.0
0;0.8154792;0.32767615;3.0
0;1.7871128;0.4022067;3.0
0;1.6020647;0.26166463;3.0
0;0.9647947;0.34937012;3.0
0;1.0845637;0.36986694;3.0
0;1.5727143;0.30173218;3.0
0;1.2578323;0.3500309;3.0
0;0.7112279;0.37127;3.0
0;1.559407;0.29516685;3.0
0;1.7576845;0.39877513;3.0
0;0.6786458;0.44253102;3.0
0;1.3966908;0.29341716;3.0
0;0.9106962;0.27292734;3.0
0;1.6316984;0.4424971;3.0
0;0.49635318;0.35679194;3.0
0;0.82856864;0.3137935;3.0
0;1.8058755;0.43768957;3.0
0;1.2195443;0.41907182;3.0
0;0.8773253;0.3398957;3.0
0;0.8944129;0.33374128;3.0
0;0.7599864;0.31339434;3.0
0;1.1190387;0.38183746;3.0
0;0.80121326;0.28485528;3.0
0;0.9012554;0.33306456;3.0
0;0.38028982;0.32081535;3.0
0;0.93359447;0.28978541;3.0
0;0.53302264;0.34403646;3.0
0;1.299112;0.2876665;3.0
0;0.4979332;0.42230815;3.0
0;1.2988861;0.3571957;3.0
0;1.3731796;0.3104702;3.0
0;1.4481899;0.26564145;3.0
0;1.1445714;0.35128444;3.0
0;0.8500729;0.31775802;3.0
0;2.0048163;0.36147428;3.0
0;0.8376549;0.32043925;3.0
0;1.314167;0.29669687;3.0
0;1.3643774;0.29321164;3.0
0;0.96557784;0.37613958;3.0
0;1.158733;0.29964846;3.0
0;0.48616773;0.33399084;3.0
0;2.2225034;0.41275415;3.0
0;1.0188092;0.23381022;3.0
0;1.5877172;0.47069213;3.0
0;0.9846406;0.3616557;3.0
0;1.1487714;0.38881648;3.0
0;0.4993764;0.2513719;3.0
0;0.44956768;0.32705566;3.0
0;1.5003784;0.3812345;3.0
0;0.64678335;0.2827616;3.0
0;0.8206881;0.32516345;3.0
0;0.15649927;0.39549273;3.0
0;0.72376657;0.34822416;3.0
0;1.2881235;0.2994493;3.0
0;0.7999938;0.36904135;3.0
0;1.2509028;0.34626308;3.0
0;0.7221245;0.30163175;3.0
0;1.3225689;0.40994236;3.0
0;1.0319477;0.33751443;3.0
0;0.8733047;0.35697362;3.0
0;0.5390005;0.36608213;3.0
0;1.4417127;0.2338985;3.0
0;0.5023564;0.4707805;3.0
0;0.7530262;0.2694482;3.0
0;0.34782043;0.28269115;3.0
0;0.875603;0.26932654;3.0
0;0.6371852;0.35717946;3.0
0;1.2314221;0.3460402;3.0
0;1.0850409;0.35116237;3.0
0;0.8604478;0.31231606;3.0
0;0.7531736;0.36259606;3.0
0;0.52511144;0.20113422;3.0
0;0.49810043;0.36324263;3.0
0;0.9232435;0.3455628;3.0
0;1.5359019;0.32674542;3.0
0;1.4589676;0.30412754;3.0
0;1.0161911;0.29695606;3.0
0;0.6909529;0.38987723;3.0
0;1.4032267;0.32866395;3.0
0;0.46726426;0.3082592;3.0
0;0.6996784;0.4419608;3.0
0;0.91075414;0.3828202;3.0
0;0.9188775;0.2567488;3.0
0;0.8066408;0.2853232;3.0
0;0.8650846;0.29205525;3.0
0;0.961521;0.43167192;3.0
0;1.5424446;0.45419785;3.0
0;0.90065324;0.4126149;3.0
0;0.9242079;0.3072652;3.0
0;0.82556105;0.42234057;3.0
0;0.536781;0.3374516;3.0
0;1.1403477;0.40296987;3.0
0;0.8203679;0.3637872;3.0
0;0.75795025;0.35262415;3.0
0;1.3674768;0.36376512;3.0
0;0.94250685;0.3964093;3.0
0;1.7628208;0.35061032;3.0
0;0.6179652;0.48003864;3.0
0;0.3824258;0.38054198;3.0
0;1.5585066;0.310672;3.0
0;0.55358577;0.2783793;3.0
0;1.3832647;0.26129308;3.0
0;0.6328797;0.35187867;3.0
0;1.1314234;0.38379246;3.0
0;1.4092535;0.27644908;3.0
0;1.3261434;0.469235;3.0
0;1.0469909;0.3271034;3.0
0;0.71193;0.26058865;3.0
0;0.5613291;0.3622481;3.0
0;1.0754212;0.27993363;3.0
0;1.3842378;0.25049204;3.0
0;0.58419937;0.42379153;3.0
0;1.0001221;0.27876455;3.0
0;1.638853;0.28594363;3.0
0;0.93297696;0.42977974;3.0
0;0.89162767;0.35123658;3.0
0;1.3092948;0.39476612;3.0
0;0.9480145;0.4161789;3.0
0;1.0064955;0.39477202;3.0
0;1.3506724;0.3734273;3.0
0;1.0952667;0.3561215;3.0
0;0.73886555;0.29124093;3.0
0;0.7300198;0.3570972;3.0
0;0.736766;0.34119487;3.0
0;0.7876148;0.24202019;3.0
0;1.0338604;0.26751602;3.0
0;0.2871717;0.45951116;3.0
0;0.7968619;0.42735624;3.0
0;0.7430101;0.34710112;3.0
0;0.86901355;0.37559903;3.0
0;1.0092131;0.5057856;3.0
0;0.9750864;0.31789666;3.0
0;0.64509434;0.26963216;3.0
0;0.93920445;0.3699541;3.0
0;1.1122496;0.478762;3.0
0;0.8667943;0.38882473;3.0
0;0.29330382;0.36454228;3.0
0;1.1616199;0.3958507;3.0
0;1.3954133;0.41172966;3.0
0;1.436784;0.41551718;3.0
0;1.6872792;0.33293346;3.0
0;1.2977557;0.32840738;3.0
0;1.4758124;0.3516889;3.0
0;1.0268247;0.37651333;3.0
0;0.8562838;0.41425025;3.0
0;0.6450556;0.38170576;3.0
0;0.9707651;0.38115832;3.0
0;0.41247928;0.35248086;3.0
0;1.31975;0.28669727;3.0
0;0.95336044;0.4241865;3.0
0;0.4136431;0.39216065;3.0
0;1.0519668;0.30064082;3.0
0;1.3756027;0.33982244;3.0
0;0.20569956;0.4059812;3.0
0;2.1251047;0.5223418;3.0
0;0.8212227;0.3114831;3.0
0;0.0;0.34078252;3.0
0;0.9261956;0.5701502;3.0
0;0.26048672;0.3307323;3.0
0;0.8757101;0.50502086;3.0
0;1.0337567;0.3098158;3.0
0;1.0929506;0.3179555;3.0
0;1.6428782;0.33821613;3.0
0;0.79796416;0.32070532;3.0
0;1.2467905;0.33781987;3.0
0;0.9868432;0.3437817;3.0
0;0.87216014;0.47615469;3.0
0;1.6217555;0.33190492;3.0
0;1.2598703;0.33543298;3.0
0;1.2704632;0.27932572;3.0
0;0.8443284;0.35307238;3.0
0;0.7835074;0.3228951;3.0
0;1.2110081;0.31197408;3.0
0;0.46374333;0.26637363;3.0
0;1.1359901;0.30900913;3.0
0;1.4395945;0.30560273;3.0
0;1.3778288;0.30204222;3.0
0;0.87415826;0.3767143;3.0
0;0.6783369;0.28383073;3.0
0;0.8229503;0.33098233;3.0
0;0.3595748;0.44111487;3.0
0;1.0159256;0.3686684;3.0
0;0.8277498;0.433813;3.0
0;3.460473;0.7429555;4.0
0;3.270516;0.76450586;4.0
0;3.0252354;0.74603486;4.0
0;3.3656216;0.6672279;4.0
0;3.5209937;0.7082845;4.0
0;3.2390406;0.6486021;4.0
0;3.428148;0.737887;4.0
0;3.3582473;0.7297228;4.0
0;3.4737446;0.76167953;4.0
0;3.4453921;0.6998071;4.0
0;3.2993255;0.7145422;4.0
0;3.3199754;0.71996164;4.0
0;3.2805645;0.7188075;4.0
0;3.4976096;0.71583575;4.0
0;3.384536;0.68529916;4.0
0;3.1701198;0.6673392;4.0
0;3.7500665;0.7303095;4.0
0;3.2791557;0.6761682;4.0
0;3.2722144;0.7409555;4.0
0;3.051381;0.70854557;4.0
0;3.7220168;0.7267273;4.0
0;3.4443586;0.69474244;4.0
0;3.3798072;0.6645466;4.0
0;3.6794832;0.730446;4.0
0;2.9739044;0.71229976;4.0
0;3.263782;0.7371371;4.0
0;3.245831;0.69314957;4.0
0;3.4986384;0.72507423;4.0
0;3.1111436;0.77276087;4.0
0;3.6489697;0.708675;4.0
0;3.1993554;0.6989047;4.0
0;3.2975805;0.76536745;4.0
0;3.4113078;0.7405162;4.0
0;3.4445624;0.7509366;4.0
0;3.1541405;0.7114333;4.0
0;3.243035;0.6939607;4.0
0;3.8817296;0.7627232;4.0
0;3.5547345;0.7671077;4.0
0;3.7182066;0.6882572;4.0
0;3.4609544;0.6960264;4.0
0;3.5113385;0.7693805;4.0
0;3.4519112;0.6813256;4.0
0;3.0355787;0.6790149;4.0
0;2.8437004;0.7277053;4.0
0;3.1430976;0.7014876;4.0
0;3.3336768;0.7195189;4.0
0;3.0604823;0.6977354;4.0
0;2.9643638;0.67418694;4.0
0;3.1765296;0.7488909;4.0
0;3.5960553;0.6737071;4.0
0;3.3478343;0.7731497;4.0
0;3.0437758;0.72950375;4.0
0;3.3630083;0.6739297;4.0
0;3.268884;0.7481706;4.0
0;3.485508;0.7283381;4.0
0;3.3809605;0.70128417;4.0
0;3.2965226;0.71966505;4.0
0;3.5149126;0.709882;4.0
0;3.46589;0.73279047;4.0
0;3.0597157;0.7066026;4.0
0;3.441478;0.7606525;4.0
0;3.5257957;0.723895;4.0
0;3.5464337;0.7082107;4.0
0;3.3527071;0.6839202;4.0
0;3.2860956;0.7483802;4.0
0;3.2713492;0.6810214;4.0
0;3.4419832;0.6629188;4.0
0;3.2102618;0.6977866;4.0
0;3.579077;0.6952016;4.0
0;3.255237;0.73272055;4.0
0;3.3040426;0.7021323;4.0
0;3.8015132;0.6755882;4.0
0;3.215077;0.6697158;4.0
0;3.4905598;0.7165029;4.0
0;3.1379948;0.6969003;4.0
0;3.4654562;0.71960723;4.0
0;3.1304224;0.71293426;4.0
0;3.5292091;0.6834914;4.0
0;3.6223865;0.68881565;4.0
0;3.2140508;0.77811974;4.0
0;3.2842596;0.76059234;4.0
0;3.2868378;0.7367187;4.0
0;3.2585404;0.68910116;4.0
0;3.8094316;0.672445;4.0
0;3.2689688;0.6818312;4.0
0;2.84377;0.71259934;4.0
0;3.3938477;0.7250551;4.0
0;3.2599883;0.7216219;4.0
0;3.3131917;0.7354242;4.0
0;3.2277422;0.7532645;4.0
0;3.0692813;0.72573787;4.0
0;3.2103345;0.72106487;4.0
0;3.3688195;0.7597747;4.0
0;3.3769355;0.70922786;4.0
0;3.19481;0.73653483;4.0
0;3.39177;0.6748389;4.0
0;3.5032592;0.6991084;4.0
0;3.3175044;0.7582886;4.0
0;3.5325215;0.75420433;4.0
0;3.15647;0.71777284;4.0
0;3.668602;0.7166912;4.0
0;3.2582114;0.7037367;4.0
0;3.8165722;0.6876956;4.0
0;3.470701;0.6966088;4.0
0;3.4934127;0.69609493;4.0
0;3.4927244;0.7273664;4.0
0;3.820455;0.6927755;4.0
0;3.3164017;0.76473606;4.0
0;3.409663;0.67943805;4.0
0;3.5973296;0.74521405;4.0
0;3.3069065;0.6945406;4.0
0;3.4513915;0.7270212;4.0
0;3.3116395;0.7581617;4.0
0;3.2629724;0.74200857;4.0
0;3.274311;0.7363985;4.0
0;3.1641808;0.70224017;4.0
0;3.5865128;0.71485907;4.0
0;3.337388;0.7092012;4.0
0;3.4152787;0.70977724;4.0
0;3.5251827;0.696529;4.0
0;3.3479207;0.71945506;4.0
0;3.452015;0.7309974;4.0
0;3.1823187;0.7505264;4.0
0;3.462791;0.7211571;4.0
0;2.9207323;0.7203578;4.0
0;3.610698;0.71172374;4.0
0;3.4023595;0.7271745;4.0
0;3.4824138;0.726355;4.0
0;3.7423549;0.7082499;4.0
0;3.3655376;0.7072088;4.0
0;3.3177147;0.72228736;4.0
0;3.5118039;0.6973746;4.0
0;3.4300737;0.7284273;4.0
0;3.176307;0.6530978;4.0
0;3.1831286;0.6964134;4.0
0;3.547951;0.7024514;4.0
0;3.7082672;0.7180003;4.0
0;3.603873;0.7063395;4.0
0;3.0682323;0.7070698;4.0
0;3.6871164;0.76686186;4.0
0;3.2549088;0.71870136;4.0
0;3.1343787;0.7621256;4.0
0;3.3695416;0.71845806;4.0
0;3.2815888;0.76332694;4.0
0;3.4268289;0.6750614;4.0
0;3.3474195;0.70302904;4.0
0;3.4149108;0.76362354;4.0
0;3.14331;0.71487105;4.0
0;3.1282656;0.6983483;4.0
0;3.5172832;0.75927144;4.0
0;3.1596131;0.69867396;4.0
0;3.1475396;0.7383695;4.0
0;3.2567387;0.719109;4.0
0;3.0524063;0.7224714;4.0
0;3.715116;0.6914924;4.0
0;3.3771136;0.70975894;4.0
0;3.3867936;0.7341529;4.0
0;3.5005565;0.73267496;4.0
0;3.1884396;0.69381464;4.0
0;3.2946897;0.67025757;4.0
0;3.6126418;0.7152181;4.0
0;3.2874;0.65799755;4.0
0;3.2800512;0.6914485;4.0
0;3.2566726;0.78587794;4.0
0;3.7700133;0.7309647;4.0
0;3.3816087;0.7377458;4.0
0;3.1149979;0.6893319;4.0
0;3.5405715;0.74132156;4.0
0;3.4922125;0.7014261;4.0
0;4.0;0.7540893;4.0
0;3.392835;0.6804451;4.0
0;3.4000642;0.6848274;4.0
0;3.4192255;0.7018649;4.0
0;3.3619823;0.7222049;4.0
0;3.450252;0.80329925;4.0
0;3.4212916;0.69146127;4.0
0;3.52705;0.7165193;4.0
0;3.4210818;0.7054251;4.0
0;3.1284359;0.7137077;4.0
0;2.9537768;0.69169414;4.0
0;3.693615;0.71453816;4.0
0;3.0822327;0.75353205;4.0
0;3.4257693;0.6759788;4.0
0;3.8883913;0.7700969;4.0
0;3.563818;0.74598116;4.0
0;3.5313854;0.67584723;4.0
0;3.668514;0.739784;4.0
0;3.2193203;0.7272393;4.0
0;3.471786;0.7286895;4.0
0;3.4769998;0.74511874;4.0
0;3.4700415;0.71814895;4.0
0;3.6967258;0.7430075;4.0
0;3.3921056;0.7330319;4.0
0;3.5524538;0.67432153;4.0
0;2.8277519;0.6973398;4.0
0;3.4981053;0.72370976;4.0
0;3.5539558;0.72046727;4.0
0;3.2372484;0.72051865;4.0
0;3.597316;0.7060857;4.0
0;3.5690029;0.66663045;4.0
0;3.3411603;0.69481945;4.0
0;1.5966586;0.9218438;5.0
0;1.3232837;0.8231689;5.0
0;1.3653512;0.8447489;5.0
0;1.4826655;0.8370323;5.0
0;1.7871377;0.7675109;5.0
0;1.6273881;0.8624738;5.0
0;2.0347002;0.8197369;5.0
0;2.1076517;0.87723356;5.0
0;1.4610447;0.9010496;5.0
0;1.6396921;0.84672636;5.0
0;1.5330957;0.8871153;5.0
0;1.6462061;0.8336725;5.0
0;1.4446002;0.96141934;5.0
0;1.7151349;0.84584033;5.0
0;1.0623738;0.84492266;5.0
0;1.7051687;0.8760109;5.0
0;2.0052168;0.95093405;5.0
0;1.3956659;0.84841174;5.0
0;2.464361;0.8373438;5.0
0;1.6606015;0.7791779;5.0
0;1.662673;0.79587865;5.0
0;2.1937172;0.78114873;5.0
0;1.4396341;0.8420542;5.0
0;1.544459;0.8385621;5.0
0;1.1890235;0.85580146;5.0
0;1.7734038;0.8216886;5.0
0;1.5471581;0.8715847;5.0
0;1.2853583;0.8909906;5.0
0;1.5663234;0.9386252;5.0
0;1.5828581;0.8435463;5.0
0;1.3951274;0.8258489;5.0
0;1.3916037;0.8228251;5.0
0;1.334633;0.91598165;5.0
0;1.8396719;0.85869664;5.0
0;2.008636;0.8448894;5.0
0;1.3931557;0.84279245;5.0
0;2.2082796;0.8185775;5.0
0;1.5531137;0.77224165;5.0
0;1.3666189;0.78012055;5.0
0;1.7627321;0.8797219;5.0
0;1.7308182;0.9007436;5.0
0;1.2889584;0.8436334;5.0
0;1.1401225;1.0;5.0
0;1.2377284;0.8546065;5.0
0;1.3911495;0.8246562;5.0
0;1.9428713;0.8672766;5.0
0;1.5053338;0.7752114;5.0
0;1.3002704;0.8052805;5.0
0;1.9397477;0.7917126;5.0
0;1.2273843;0.8738326;5.0
0;1.5317852;0.8872413;5.0
0;1.3916738;0.81425655;5.0
0;1.7691545;0.81315166;5.0
0;1.3903221;0.8071433;5.0
0;1.567877;0.81694114;5.0
0;1.5133562;0.8733572;5.0
0;1.2987663;0.8618704;5.0
0;1.710155;0.92397845;5.0
0;1.5264487;0.7716171;5.0
0;2.1257522;0.8756349;5.0
0;1.0037165;0.8085964;5.0
0;1.9303522;0.8233788;5.0
0;1.5512142;0.8580088;5.0
0;2.2678137;0.9295879;5.0
0;1.9181808;0.8700747;5.0
0;1.5070305;0.89432675;5.0
0;1.3931507;0.8420674;5.0
0;1.3858079;0.8184085;5.0
0;1.7943039;0.8862642;5.0
0;1.8050702;0.88164717;5.0
0;1.378258;0.883448;5.0
0;2.066404;0.8670852;5.0
0;1.8954347;0.82186586;5.0
0;1.1601307;0.9209528;5.0
0;1.8297966;0.8002395;5.0
0;1.2921857;0.91674936;5.0
0;1.1332246;0.8496024;5.0
0;1.7696513;0.82864225;5.0
0;1.6827254;0.8519321;5.0
0;1.4786197;0.83292234;5.0
0;1.779549;0.814847;5.0
0;1.3057482;0.85619473;5.0
0;1.5324408;0.88482213;5.0
0;1.8536327;0.8217331;5.0
0;1.8042579;0.7907467;5.0
0;1.2574971;0.93006516;5.0
0;1.7593652;0.8575096;5.0
0;1.4896733;0.774092;5.0
0;1.570977;0.8271951;5.0
0;1.9864628;0.8168656;5.0
0;1.6370459;0.88584334;5.0
0;1.957821;0.7913296;5.0
0;1.5396148;0.81608784;5.0
0;1.3470613;0.83471304;5.0
0;1.2195758;0.7723107;5.0
0;1.3843437;0.8363146;5.0
0;2.0547485;0.85848844;5.0
0;1.4342624;0.83749384;5.0
0;1.1244798;0.7005522;5.0
0;1.9230523;0.85242605;5.0
0;1.7927194;0.83823663;5.0
0;2.0351522;0.9135725;5.0
0;2.0156608;0.83234465;5.0
0;1.3391138;0.9496813;5.0
0;1.105451;0.84580326;5.0
0;1.8079427;0.8698868;5.0
0;1.5293705;0.7241431;5.0
0;1.1853534;0.9104289;5.0
0;1.9526827;0.8167522;5.0
0;1.7499872;0.8869203;5.0
0;1.5942395;0.8445984;5.0
0;1.4236255;0.86662525;5.0
0;2.013766;0.8340338;5.0
0;1.5705613;0.8575122;5.0
0;1.0376527;0.93754774;5.0
0;0.9551421;0.953115;5.0
0;1.8255522;0.88839734;5.0
0;1.7318466;0.91791433;5.0
0;1.6123058;0.9319051;5.0
0;1.5389551;0.8543135;5.0
0;2.2437618;0.90191627;5.0
0;1.9831611;0.87506485;5.0
0;1.3959968;0.81074685;5.0
0;1.3884991;0.8102677;5.0
0;1.5405499;0.8981076;5.0
0;1.3067362;0.82601535;5.0
0;1.7740654;0.8409072;5.0
0;1.8245049;0.8734836;5.0
0;1.7326344;0.9087893;5.0
0;1.6820809;0.9140873;5.0
0;1.5605628;0.7547463;5.0
0;1.4734427;0.9027153;5.0
0;0.8815716;0.85532814;5.0
0;1.7263037;0.82847375;5.0
0;1.8159007;0.8461459;5.0
0;1.9621701;0.898536;5.0
0;1.4359946;0.824385;5.0
0;2.297583;0.81002086;5.0
0;1.6714517;0.9008812;5.0
0;1.5973576;0.8367433;5.0
0;1.4825685;0.87042373;5.0
0;1.8323184;0.8749302;5.0
0;1.4985996;0.7813731;5.0
0;1.5670958;0.80646706;5.0
0;1.6179211;0.82518744;5.0
0;1.535789;0.9494792;5.0
0;1.7261134;0.8921968;5.0
0;1.6893587;0.86789334;5.0
0;2.1514156;0.9299022;5.0
0;1.7975298;0.85396993;5.0
0;2.154728;0.84101856;5.0
0;1.3548018;0.8811242;5.0
0;1.717644;0.94232535;5.0
0;2.0193303;0.88651067;5.0
0;2.0118515;0.8811984;5.0
0;1.2419006;0.78740436;5.0
0;2.306478;0.9740122;5.0
0;1.6287979;0.84431213;5.0
0;1.534595;0.7953237;5.0
0;1.8878744;0.8648116;5.0
0;2.1312385;0.8167076;5.0
0;2.0393443;0.8981237;5.0
0;1.9077473;0.88095534;5.0
0;1.6005882;0.8254941;5.0
0;1.5870333;0.8530974;5.0
0;1.6281633;0.8003648;5.0
0;1.5049238;0.8660451;5.0
0;1.4485376;0.9111506;5.0
0;1.2852647;0.8837306;5.0
0;1.4224035;0.7658955;5.0
0;1.8596506;0.8360313;5.0
0;1.5189552;0.9384192;5.0
0;1.435529;0.88224757;5.0
0;1.5508939;0.78058136;5.0
0;1.5505879;0.8588697;5.0
0;1.6412889;0.91677356;5.0
0;1.7014316;0.8938071;5.0
0;1.4443243;0.7656235;5.0
0;1.6590356;0.80154485;5.0
0;2.0248609;0.82301325;5.0
0;1.9807723;0.8738388;5.0
0;1.5260903;0.75244313;5.0
0;2.079244;0.85565;5.0
0;1.7884923;0.7997361;5.0
0;1.7156428;0.8609792;5.0
0;2.1855376;0.80305254;5.0
0;1.664491;0.914811;5.0
0;1.4458951;0.77456605;5.0
0;1.4954059;0.7716275;5.0
0;1.639869;0.8410851;5.0
0;1.5239242;0.8877307;5.0
0;1.8579162;0.95850986;5.0
0;1.817613;0.88477415;5.0
0;1.283985;0.8705148;5.0
0;2.0936959;0.8190158;5.0
0;1.7809497;0.8238654;5.0
0;1.8176745;0.91877675;5.0
0;1.8506613;0.70711046;5.0
0;2.050715;0.8734153;5.0
0;1.3334807;0.92812204;5.0
0;1.1847489;0.85039854;5.0
