DY
1002
2

0;3.8425329;0.94791013;1.0
0;3.7827497;0.9553496;1.0
0;3.808774;0.91250235;1.0
0;3.8661463;0.9367466;1.0
0;3.7850587;0.97299623;1.0
0;3.9011245;0.9763044;1.0
0;3.8219197;0.9351177;1.0
0;3.7805882;0.9276949;1.0
0;3.791985;0.96268314;1.0
0;3.8502102;0.909616;1.0
0;3.8471591;0.956242;1.0
0;3.8521004;0.9312146;1.0
0;3.7098587;0.95888364;1.0
0;3.859744;0.9444299;1.0
0;3.810097;0.9558546;1.0
0;3.7781708;0.9146466;1.0
0;3.821018;0.97906464;1.0
0;3.9179497;0.902831;1.0
0;3.7984955;0.92723596;1.0
0;3.8657396;0.9398595;1.0
0;3.8134015;0.95900244;1.0
0;3.886501;0.93045294;1.0
0;3.739899;0.9025985;1.0
0;3.775871;0.9545593;1.0
0;3.890509;0.9118368;1.0
0;3.72967;0.91722244;1.0
0;3.672753;0.9438689;1.0
0;3.8359365;0.94844204;1.0
0;3.8296378;0.9796067;1.0
0;3.8305895;0.94468373;1.0
0;3.790303;0.967556;1.0
0;3.866389;0.9405598;1.0
0;3.7627425;0.9161478;1.0
0;3.6479619;0.94781816;1.0
0;3.695829;0.96447766;1.0
0;3.8927944;0.9419423;1.0
0;3.8831105;0.9365263;1.0
0;3.8177223;0.9378554;1.0
0;3.8034353;0.91272956;1.0
0;3.793312;0.95507514;1.0
0;3.7677224;0.9457839;1.0
0;3.8255155;0.95767254;1.0
0;3.8321025;0.93056494;1.0
0;3.8349144;0.9664289;1.0
0;3.8465724;0.94526577;1.0
0;3.7884927;0.93240136;1.0
0;3.784618;0.9416485;1.0
0;3.9004033;0.9491144;1.0
0;3.764051;0.9166728;1.0
0;3.821496;0.9499087;1.0
0;3.8009017;0.94988847;1.0
0;3.7933753;0.9387116;1.0
0;3.8343036;0.9808226;1.0
0;3.7093108;0.9310871;1.0
0;3.8507428;0.9783159;1.0
0;3.8558214;0.94018155;1.0
0;3.8490493;0.9435687;1.0
0;3.8329563;0.9122525;1.0
0;3.8761945;0.934227;1.0
0;3.7993503;0.92912203;1.0
0;3.858079;0.9210165;1.0
0;3.8978302;0.9314654;1.0
0;3.8799489;0.94168514;1.0
0;3.8041663;0.9135329;1.0
0;3.8012064;0.94848627;1.0
0;3.774585;0.9710506;1.0
0;3.8309438;0.95615244;1.0
0;3.8534594;0.9449476;1.0
0;3.723266;0.96957487;1.0
0;3.6660416;0.9437091;1.0
0;3.8006823;0.9383119;1.0
0;3.8195472;0.936478;1.0
0;3.7369318;0.93575996;1.0
0;3.773026;0.9217348;1.0
0;3.8066258;0.92157173;1.0
0;3.8260617;0.9299722;1.0
0;3.7707086;0.92772573;1.0
0;3.6395078;0.9225911;1.0
0;3.885316;0.94916946;1.0
0;3.8561976;0.9368905;1.0
0;3.7557874;0.9612254;1.0
0;3.8503764;0.9396396;1.0
0;3.8182058;0.95569885;1.0
0;3.7341273;0.9118752;1.0
0;3.8229198;0.9397267;1.0
0;3.8566818;0.9610019;1.0
0;3.8402507;0.92455626;1.0
0;3.806374;0.9285522;1.0
0;3.8454916;0.9598065;1.0
0;3.7938933;0.935406;1.0
0;3.8199508;0.94102585;1.0
0;3.8798826;0.95412195;1.0
0;3.8507988;0.9425898;1.0
0;3.8632636;0.9522449;1.0
0;3.829234;0.9433531;1.0
0;3.8163066;0.93209314;1.0
0;3.8636184;0.9489873;1.0
0;3.744528;0.9467813;1.0
0;3.8636024;0.96618736;1.0
0;3.775861;0.94008887;1.0
0;3.8425636;0.9046596;1.0
0;3.8647587;0.95349264;1.0
0;3.8522534;0.96164554;1.0
0;3.8170798;0.9434019;1.0
0;3.860901;0.9443163;1.0
0;3.81745;0.90738755;1.0
0;3.8353534;0.9444672;1.0
0;3.5989017;0.9100198;1.0
0;3.8130817;0.95828456;1.0
0;3.8283255;0.94729084;1.0
0;3.8107128;0.9628018;1.0
0;3.799827;0.9414558;1.0
0;3.80491;0.9825675;1.0
0;3.8944674;0.94561976;1.0
0;3.7916732;0.9368968;1.0
0;3.8508203;0.9125081;1.0
0;3.8094862;0.9816177;1.0
0;3.720046;0.95346975;1.0
0;3.764759;0.90558404;1.0
0;3.7973754;0.9782941;1.0
0;3.866193;0.94367135;1.0
0;3.763212;0.9550454;1.0
0;3.8032517;0.9330328;1.0
0;3.8946886;0.955763;1.0
0;3.8440092;0.955597;1.0
0;3.828631;0.9655253;1.0
0;3.761006;0.94228035;1.0
0;3.7988498;0.9413771;1.0
0;3.7719326;0.96565145;1.0
0;3.8141034;0.94478506;1.0
0;3.8063858;0.9366606;1.0
0;3.8379476;0.9648898;1.0
0;3.7903788;0.9251321;1.0
0;3.7685544;0.9542321;1.0
0;3.721312;0.95925474;1.0
0;3.7945406;0.94289947;1.0
0;3.8123593;0.9534495;1.0
0;3.8595855;0.95662;1.0
0;3.7830548;0.9447062;1.0
0;3.8522992;0.9548122;1.0
0;3.9072163;0.94531834;1.0
0;3.7298996;0.9307702;1.0
0;3.6472254;0.9209946;1.0
0;3.7373967;0.9482872;1.0
0;3.9060338;0.9360601;1.0
0;3.844468;0.94178575;1.0
0;3.7873452;0.92227066;1.0
0;3.7718344;0.9302232;1.0
0;3.8427424;0.9323998;1.0
0;3.8110878;0.93062675;1.0
0;3.8320332;0.92591286;1.0
0;3.8081028;0.96468496;1.0
0;3.8563266;0.9450535;1.0
0;3.7594519;0.9634948;1.0
0;3.8436687;0.9629527;1.0
0;3.6998775;0.9600555;1.0
0;3.7858827;0.95217514;1.0
0;3.923337;0.9351055;1.0
0;3.764314;0.9766902;1.0
0;3.8100772;0.9028768;1.0
0;3.8927014;0.9297741;1.0
0;3.7661407;0.9721418;1.0
0;3.7738192;0.9694767;1.0
0;3.7967489;0.9332851;1.0
0;3.715513;0.9110486;1.0
0;3.7021592;0.96047676;1.0
0;3.7735083;0.93971306;1.0
0;3.8296928;0.93095917;1.0
0;3.7587764;0.96584195;1.0
0;3.8075793;0.9405679;1.0
0;3.8181672;0.9334323;1.0
0;3.8132215;0.9339927;1.0
0;3.7956693;0.967576;1.0
0;3.8296342;0.9416838;1.0
0;3.7430995;0.96818715;1.0
0;3.8391623;0.91479284;1.0
0;3.6854959;0.9230722;1.0
0;3.7480683;0.9490156;1.0
0;3.897322;0.930096;1.0
0;3.773613;0.9741033;1.0
0;3.82824;0.9103278;1.0
0;3.803409;0.9373333;1.0
0;3.7887309;0.9512269;1.0
0;3.8626354;0.9429594;1.0
0;3.8469908;0.96856725;1.0
0;3.895786;0.9362704;1.0
0;3.8888235;0.95467025;1.0
0;3.7771573;0.9554106;1.0
0;3.8948355;0.9649467;1.0
0;3.8602195;0.9466384;1.0
0;3.6080194;0.96635896;1.0
0;3.7462304;0.92766184;1.0
0;3.9868712;0.9592362;1.0
0;3.9440696;0.94588685;1.0
0;3.7663844;0.9297446;1.0
0;3.7527094;0.9507537;1.0
0;3.847335;0.9090908;1.0
0;3.7441099;0.952456;1.0
0;3.8087425;0.9557881;1.0
0;3.7700307;0.9748574;1.0
0;3.875132;0.9515785;1.0
0;3.8604603;0.9277508;1.0
0;3.8798954;0.93685484;1.0
0;3.7914402;0.93486667;1.0
0;3.7697487;0.9378936;1.0
0;3.6894772;0.9707496;1.0
0;3.7886462;0.93144155;1.0
0;3.8849227;0.950014;1.0
0;3.8876352;0.9607551;1.0
0;3.764446;0.9227868;1.0
0;3.7359023;0.924977;1.0
0;3.8824422;0.9727454;1.0
0;3.7729797;0.9157312;1.0
0;3.8162475;0.9563537;1.0
0;3.7317455;0.92662406;1.0
0;3.74545;0.94923425;1.0
0;3.834386;0.93550324;1.0
0;3.7655125;0.9136806;1.0
0;3.8200314;0.92364126;1.0
0;3.848527;0.9400126;1.0
0;3.7690718;0.9488317;1.0
0;3.76129;0.93972;1.0
0;3.894108;0.9421008;1.0
0;3.8512821;0.95452136;1.0
0;3.7605398;0.9496919;1.0
0;3.8126194;0.9619995;1.0
0;3.8350453;0.9402111;1.0
0;3.7698212;0.9827365;1.0
0;3.8356266;0.9893238;1.0
0;3.7152421;0.94222873;1.0
0;3.9170055;0.9516077;1.0
0;3.8840675;0.9646596;1.0
0;3.8839216;0.940289;1.0
0;3.8558385;0.97292066;1.0
0;3.8130527;0.92944413;1.0
0;3.8395686;0.9386977;1.0
0;4.0;0.92672104;1.0
0;3.849607;0.97471255;1.0
0;3.8279488;0.91248244;1.0
0;3.6851401;0.94478;1.0
0;3.8200305;0.9535583;1.0
0;3.734903;0.9355596;1.0
0;3.8039012;0.91378015;1.0
0;3.806838;0.93879306;1.0
0;3.691883;0.9372345;1.0
0;3.8033943;0.9571766;1.0
0;3.890765;0.94778496;1.0
0;3.7472084;0.921857;1.0
0;3.918786;0.940639;1.0
0;3.8882995;0.9490195;1.0
0;3.8334682;0.93200415;1.0
0;3.826416;0.9477143;1.0
0;3.8283837;0.9591901;1.0
0;3.7585888;0.9486931;1.0
0;3.788206;0.9225788;1.0
0;3.9159584;0.97055167;1.0
0;3.805352;0.9351273;1.0
0;3.8707616;0.9061685;1.0
0;3.8177426;0.9440239;1.0
0;3.9017632;0.9441841;1.0
0;3.7030544;0.9289193;1.0
0;3.7550132;0.93050015;1.0
0;3.9647868;0.9264047;1.0
0;3.784235;0.92983884;1.0
0;3.8012197;0.9559401;1.0
0;3.7936308;0.9468864;1.0
0;3.8318884;0.9653499;1.0
0;3.7614348;0.9433669;1.0
0;3.7599933;0.9268001;1.0
0;3.7470558;0.90797526;1.0
0;3.8552601;0.9162989;1.0
0;3.7970507;0.96133465;1.0
0;3.6953485;0.95152795;1.0
0;3.8484075;0.89763486;1.0
0;3.792521;0.9464444;1.0
0;3.8005407;0.95378715;1.0
0;3.7839236;0.97971445;1.0
0;3.8070374;0.94486254;1.0
0;3.7628734;0.9355453;1.0
0;3.7517557;0.94113654;1.0
0;3.7935543;0.9399448;1.0
0;3.8154502;0.9402711;1.0
0;3.894926;0.977195;1.0
0;3.8617458;0.9617263;1.0
0;3.8474364;0.9384073;1.0
0;3.7937489;0.90957284;1.0
0;3.8997226;0.93357164;1.0
0;3.8500423;0.9466592;1.0
0;3.7588232;0.9613361;1.0
0;3.804779;0.95879006;1.0
0;3.9792562;0.94298875;1.0
0;3.7897646;0.93241763;1.0
0;3.8416302;0.9540147;1.0
0;3.9050803;0.9254544;1.0
0;3.7788615;0.94317764;1.0
0;3.9289424;0.933133;1.0
0;3.8667657;0.9307744;1.0
0;3.780431;0.97960436;1.0
0;3.7662272;0.9324406;1.0
0;3.837159;0.98271656;1.0
0;3.8231688;0.9667016;1.0
0;3.8367393;0.96912754;1.0
0;3.8368087;0.95255923;1.0
0;3.8217885;0.91993815;1.0
0;3.8994453;0.9338547;1.0
0;3.8840525;0.9653037;1.0
0;3.844156;0.93511534;1.0
0;3.8653357;0.92503995;1.0
0;3.8057735;0.9548695;1.0
0;3.7917712;0.9137097;1.0
0;3.7969265;0.9534308;1.0
0;3.7570894;0.9477034;1.0
0;3.8113647;0.93893254;1.0
0;3.78147;0.9649573;1.0
0;3.7637691;0.9452913;1.0
0;3.800444;0.9460257;1.0
0;3.7474296;0.95259994;1.0
0;3.8704941;0.92123306;1.0
0;3.8051715;0.95026654;1.0
0;3.8729925;0.9772907;1.0
0;3.7689428;0.9314327;1.0
0;3.7745988;0.95858675;1.0
0;3.806499;0.94860077;1.0
0;3.7793407;0.945042;1.0
0;3.7889638;0.92933977;1.0
0;3.8237524;0.9147671;1.0
0;3.7878356;0.94989425;1.0
0;3.804255;0.9791523;1.0
0;3.7484639;0.93946785;1.0
0;3.7268891;0.94868356;1.0
0;3.8646894;0.95979935;1.0
0;3.9054284;0.9655353;1.0
0;3.8760839;0.95641226;1.0
0;3.8163836;0.9716786;1.0
0;3.8326857;0.9514001;1.0
0;3.835551;0.92850447;1.0
0;3.8237936;0.98296225;1.0
0;3.85325;0.947754;1.0
0;3.8516443;0.8997233;1.0
0;3.7947197;0.9136011;1.0
0;3.9364285;0.9563909;1.0
0;3.785535;0.94989187;1.0
0;3.8709717;0.95838344;1.0
0;3.8259377;0.95557076;1.0
0;3.85528;0.94816566;1.0
0;3.8286915;0.90128785;1.0
0;3.9041307;0.94662863;1.0
0;3.9303968;0.94018185;1.0
0;3.8009143;0.9276922;1.0
0;3.8550618;0.9875913;1.0
0;3.7626777;0.95966905;1.0
0;3.7538762;0.9710469;1.0
0;3.8180428;0.9574162;1.0
0;3.8478346;0.96931934;1.0
0;3.7717793;0.95968133;1.0
0;3.8100245;0.92329806;1.0
0;3.7959461;0.95109326;1.0
0;3.7990434;0.94181484;1.0
0;3.834054;0.9404329;1.0
0;3.8666663;0.93040305;1.0
0;3.9104543;0.94968516;1.0
0;3.7346256;0.9600817;1.0
0;3.7709813;0.9644198;1.0
0;3.8643262;0.9852948;1.0
0;3.7869263;0.9469241;1.0
0;3.7372823;0.9156452;1.0
0;3.7327979;0.9207367;1.0
0;3.913096;0.9729833;1.0
0;3.9015079;0.9503036;1.0
0;3.8709872;0.94075364;1.0
0;3.8075125;0.92808425;1.0
0;3.9218268;0.941093;1.0
0;3.835151;0.9553974;1.0
0;3.8408089;0.94747114;1.0
0;3.9430637;0.930229;1.0
0;3.7636468;0.94230705;1.0
0;3.7859373;0.93378913;1.0
0;3.6927657;0.9325469;1.0
0;3.7954597;0.9400062;1.0
0;3.8283474;0.9684234;1.0
0;3.6642487;0.9567945;1.0
0;3.8652675;0.94319683;1.0
0;3.8243203;0.93929803;1.0
0;3.9467154;0.91754997;1.0
0;3.7879589;0.97014534;1.0
0;3.7470133;0.90878373;1.0
0;3.8884356;0.96382046;1.0
0;3.7994053;0.9761415;1.0
0;3.745147;0.9304783;1.0
0;3.878121;0.94527817;1.0
0;3.8773026;0.9196515;1.0
0;3.8518405;0.9466105;1.0
0;3.7619498;0.94213223;1.0
0;3.8123975;0.94691813;1.0
0;3.7023084;0.9402014;1.0
0;3.8622272;0.92559415;1.0
0;3.6645775;0.90995085;1.0
0;3.8922772;0.9288989;1.0
0;3.9083853;0.9036452;1.0
0;3.8279636;0.9437644;1.0
0;3.8458915;0.95258325;1.0
0;3.7330496;0.9536506;1.0
0;3.8478372;0.9490234;1.0
0;3.6971729;0.9415821;1.0
0;3.7554042;0.960124;1.0
0;3.771044;0.96257955;1.0
0;3.7854133;0.9297625;1.0
0;3.7716262;0.9553626;1.0
0;3.8192942;0.9424487;1.0
0;3.6982715;0.97761464;1.0
0;3.760977;0.94421566;1.0
0;3.8379705;0.9466298;1.0
0;3.8036988;0.9131478;1.0
0;3.8560507;0.9700615;1.0
0;3.8956404;0.94838434;1.0
0;3.7435563;0.937035;1.0
0;3.7465932;0.9304525;1.0
0;3.8040764;0.9347993;1.0
0;3.7837803;0.94332844;1.0
0;3.7677357;0.9554907;1.0
0;3.7545438;0.93136823;1.0
0;3.7494187;0.9325938;1.0
0;3.8012793;0.9657506;1.0
0;3.9343097;0.96964574;1.0
0;3.7577991;0.9601566;1.0
0;3.9110513;0.9371121;1.0
0;3.7832258;0.92445;1.0
0;3.8004785;0.9467117;1.0
0;3.7395523;0.95338017;1.0
0;3.7958288;0.9037241;1.0
0;3.7408361;0.9434513;1.0
0;3.7546532;0.9555583;1.0
0;3.699914;0.99405026;1.0
0;3.8144846;0.95467657;1.0
0;3.7669322;0.93283194;1.0
0;3.8503156;0.95449877;1.0
0;3.8849344;0.90588903;1.0
0;3.836084;0.9209622;1.0
0;3.7957737;0.9406492;1.0
0;3.830796;0.9538045;1.0
0;3.7570202;0.9079363;1.0
0;3.8001838;0.9692632;1.0
0;3.8861892;0.9734148;1.0
0;3.765384;0.9552445;1.0
0;3.8411224;0.939156;1.0
0;3.8752458;0.9493375;1.0
0;3.8464935;0.9528977;1.0
0;3.8072286;0.9274377;1.0
0;3.721955;0.9602531;1.0
0;3.8355765;0.96525985;1.0
0;3.7732677;0.9418646;1.0
0;3.7977278;0.9580452;1.0
0;3.8573766;0.938847;1.0
0;3.702908;0.9074242;1.0
0;3.8184037;0.9780819;1.0
0;3.8722405;0.94671863;1.0
0;3.8009787;0.9369529;1.0
0;3.8561234;0.94370854;1.0
0;3.7684774;0.9646531;1.0
0;3.7504401;0.95842797;1.0
0;3.8330257;0.9539558;1.0
0;3.8015704;0.9242812;1.0
0;3.7774503;0.96240664;1.0
0;3.7609556;0.9376844;1.0
0;3.77884;0.94451714;1.0
0;3.6773582;0.9407004;1.0
0;3.7635672;0.91043377;1.0
0;3.9996035;0.9318027;1.0
0;3.7959685;0.94299597;1.0
0;3.7709646;0.9308441;1.0
0;3.6983588;0.96245825;1.0
0;3.7036965;0.93466127;1.0
0;3.7228372;0.9010983;1.0
0;3.7572196;0.93176615;1.0
0;3.8136487;0.9459329;1.0
0;3.872188;0.9282612;1.0
0;3.838228;0.91968113;1.0
0;3.8473299;0.9398595;1.0
0;3.8520498;0.92159635;1.0
0;3.7215428;0.9425653;1.0
0;3.8164034;0.9664159;1.0
0;3.8931067;0.9711222;1.0
0;3.7600656;0.95588356;1.0
0;3.8100843;0.96378607;1.0
0;3.844782;0.95259863;1.0
0;3.795654;0.93587655;1.0
0;3.872391;0.9340669;1.0
0;3.7836473;0.9557539;1.0
0;3.825063;0.94343084;1.0
0;3.8349843;0.94006646;1.0
0;3.7943945;0.9438927;1.0
0;3.746137;0.932315;1.0
0;3.9057472;0.9146302;1.0
0;3.7355356;0.970917;1.0
0;3.7629526;0.9235718;1.0
0;3.8850284;0.92416674;1.0
0;3.8348105;0.970699;1.0
0;3.794504;1.0;1.0
0;3.796301;0.92102414;1.0
0;3.8664446;0.9489553;1.0
0;3.8498707;0.95249116;1.0
0;0.040054098;0.026686607;2.0
0;0.032399535;0.034555938;2.0
0;0.08204983;0.019778267;2.0
0;0.06269104;0.03240128;2.0
0;0.055435333;0.035373192;2.0
0;0.022606265;0.016231917;2.0
0;0.070806935;0.016966986;2.0
0;0.05837197;0.014897245;2.0
0;0.06944107;0.022897007;2.0
0;0.10341116;0.029158216;2.0
0;0.09476384;0.029640688;2.0
0;0.07392475;0.02136417;2.0
0;0.04791156;0.039624985;2.0
0;0.09437215;0.028244108;2.0
0;0.07566729;0.016184963;2.0
0;0.043594275;0.024284888;2.0
0;0.12821212;0.019799694;2.0
0;0.07942739;0.025800109;2.0
0;0.08427364;0.01735656;2.0
0;0.062636845;0.013931366;2.0
0;0.037977647;0.019632807;2.0
0;0.052058637;0.012541976;2.0
0;0.05552648;0.025623156;2.0
0;0.0664966;0.029370116;2.0
0;0.05908726;0.030348219;2.0
0;0.08845207;0.03536111;2.0
0;0.07812557;0.027557861;2.0
0;0.061829958;0.022324152;2.0
0;0.09830312;0.017374534;2.0
0;0.0988491;0.023502866;2.0
0;0.11176467;0.03254767;2.0
0;0.056941386;0.025359701;2.0
0;0.075705364;0.012219776;2.0
0;0.08323855;0.026293583;2.0
0;0.040485423;0.029584387;2.0
0;0.052408893;0.020151589;2.0
0;0.06323188;0.021843262;2.0
0;0.102659814;0.02327788;2.0
0;0.09998609;0.014675567;2.0
0;0.08639913;0.026597878;2.0
0;0.08683225;0.0062302183;2.0
0;0.056586877;0.022001449;2.0
0;0.06579721;0.016394274;2.0
0;0.05852963;0.015980328;2.0
0;0.097436436;0.04048028;2.0
0;0.07707705;0.035854656;2.0
0;0.03487327;0.014518026;2.0
0;0.08896178;0.029070709;2.0
0;0.08837414;0.013163725;2.0
0;0.051556543;0.018631047;2.0
0;0.046393186;0.02892072;2.0
0;0.055434436;0.031168422;2.0
0;0.09147985;0.020656064;2.0
0;0.089312255;0.027960809;2.0
0;0.074794345;0.020153027;2.0
0;0.07400201;0.013788709;2.0
0;0.06726474;0.027294263;2.0
0;0.06671607;0.018504137;2.0
0;0.07422126;0.023137812;2.0
0;0.082323045;0.01514941;2.0
0;0.057882193;0.03168023;2.0
0;0.0651612;0.011908722;2.0
0;0.052946366;0.01656332;2.0
0;0.09864621;0.0119095845;2.0
0;0.06405265;0.028833142;2.0
0;0.075963356;0.026020134;2.0
0;0.03130622;0.017051617;2.0
0;0.007907176;0.040445622;2.0
0;0.06375301;0.02548776;2.0
0;0.020942327;0.010090211;2.0
0;0.11497385;0.021202818;2.0
0;0.018269723;0.008141915;2.0
0;0.08719997;0.017970039;2.0
0;0.07152962;0.028021423;2.0
0;0.08811167;0.020659588;2.0
0;0.058839574;0.0143678915;2.0
0;0.06679938;0.03095458;2.0
0;0.09859067;0.010980376;2.0
0;0.05207879;0.026765125;2.0
0;0.065255925;0.022274323;2.0
0;0.054265648;0.024673454;2.0
0;0.078076534;0.017306155;2.0
0;0.06981529;0.01723986;2.0
0;0.06456728;0.024656916;2.0
0;0.099914655;0.027027214;2.0
0;0.063755915;0.020181214;2.0
0;0.037505113;0.012352582;2.0
0;0.07276111;0.029442739;2.0
0;0.122108184;0.020311791;2.0
0;0.08954427;0.015871465;2.0
0;0.0581628;0.035527423;2.0
0;0.13295132;0.033698775;2.0
0;0.06162684;0.02444473;2.0
0;0.06908657;0.035667997;2.0
0;0.04856952;0.030198587;2.0
0;0.085060365;0.021068934;2.0
0;0.044556808;0.023794865;2.0
0;0.1043569;0.032368634;2.0
0;0.086888015;0.014604813;2.0
0;0.070078656;0.016435906;2.0
0;0.104663484;0.014696563;2.0
0;0.06561357;0.0340634;2.0
0;0.09494613;0.027391477;2.0
0;0.07598978;0.03683513;2.0
0;0.076201856;0.043380287;2.0
0;0.08331984;0.026762608;2.0
0;0.044059195;0.02274069;2.0
0;0.054823507;0.03260448;2.0
0;0.062425885;0.02476168;2.0
0;0.0601864;0.028885055;2.0
0;0.09653773;0.016404701;2.0
0;0.022758102;0.026922809;2.0
0;0.0240467;0.020804185;2.0
0;0.058021042;0.019460455;2.0
0;0.05200489;0.017702918;2.0
0;0.07766626;0.024327382;2.0
0;0.1152072;0.031644855;2.0
0;0.07530741;0.023130622;2.0
0;0.007763849;0.018685909;2.0
0;0.09278413;0.020552091;2.0
0;0.059644;0.028515112;2.0
0;0.08097577;0.041022647;2.0
0;0.0641223;0.019578159;2.0
0;0.06435028;0.033769097;2.0
0;0.07047258;0.022279285;2.0
0;0.04148692;0.034708012;2.0
0;0.07517192;0.017182194;2.0
0;0.05726768;0.028279843;2.0
0;0.010260427;0.013937262;2.0
0;0.09061989;0.020208322;2.0
0;0.080714196;0.016272686;2.0
0;0.07669723;0.03096019;2.0
0;0.0932654;0.015857946;2.0
0;0.08019553;0.019718228;2.0
0;0.06754513;0.026798561;2.0
0;0.10780884;0.031114852;2.0
0;0.08669967;0.023812769;2.0
0;0.07863842;0.007361907;2.0
0;0.050027423;0.016452588;2.0
0;0.07325895;0.024010936;2.0
0;0.07188234;0.0102517065;2.0
0;0.07561086;0.009653183;2.0
0;0.100139946;0.02339688;2.0
0;0.0490846;0.034069654;2.0
0;0.09161311;0.02108993;2.0
0;0.06848213;0.019881448;2.0
0;0.09596308;0.015755557;2.0
0;0.097637765;0.021671196;2.0
0;0.066218905;0.025499985;2.0
0;0.08441786;0.030775037;2.0
0;0.08150675;0.01854958;2.0
0;0.052707862;0.033608176;2.0
0;0.08295346;0.041872185;2.0
0;0.11133334;0.020897731;2.0
0;0.05501834;0.031453732;2.0
0;0.11337777;0.021086765;2.0
0;0.09622532;0.030220158;2.0
0;0.08582448;0.019485764;2.0
0;0.0938396;0.020614;2.0
0;0.08931315;0.01838974;2.0
0;0.02589786;0.03580346;2.0
0;0.07368356;0.012724754;2.0
0;0.09071753;0.019528402;2.0
0;0.08976553;0.010812841;2.0
0;0.068582684;0.026405752;2.0
0;0.07520887;0.026252454;2.0
0;0.082472645;0.013180046;2.0
0;0.09654893;0.01204354;2.0
0;0.11353207;0.028996075;2.0
0;0.085881814;0.033428274;2.0
0;0.06293313;0.012163332;2.0
0;0.071265586;0.016485449;2.0
0;0.053251386;0.027211934;2.0
0;0.08040089;0.028407257;2.0
0;0.030138997;0.03539167;2.0
0;0.08303632;0.021756114;2.0
0;0.012097253;0.03315734;2.0
0;0.058173776;0.033753924;2.0
0;0.045287777;0.033935912;2.0
0;0.057252005;0.032406025;2.0
0;0.082950994;0.04048416;2.0
0;0.05720027;0.018984813;2.0
0;0.036453452;0.022467025;2.0
0;0.08363941;0.021218564;2.0
0;0.08478133;0.023744676;2.0
0;0.07218915;0.028539415;2.0
0;0.053911585;0.031918876;2.0
0;0.08760554;0.01370185;2.0
0;0.049157605;0.01780193;2.0
0;0.09210221;0.022641534;2.0
0;0.08938705;0.027413119;2.0
0;0.087151825;0.026370376;2.0
0;0.076093465;0.035004973;2.0
0;0.055067834;0.014900696;2.0
0;0.07772762;0.023945719;2.0
0;0.06264267;0.009531666;2.0
0;0.083219066;0.025746109;2.0
0;0.09734977;0.022378871;2.0
0;0.1231202;0.033620257;2.0
0;0.047984563;0.018800452;2.0
0;0.0968096;0.022669792;2.0
0;0.07241847;0.021274146;2.0
0;0.037905086;0.019927323;2.0
0;0.07179142;0.032582473;2.0
0;0.012474831;0.03816283;2.0
0;0.078134984;0.02752004;2.0
0;0.069715634;0.034671124;2.0
0;0.08040269;0.020414468;2.0
0;0.0561027;0.01430512;2.0
0;0.087698705;0.018188266;2.0
0;0.05586733;0.019377118;2.0
0;0.052060876;0.025819667;2.0
0;0.057904366;0.03345675;2.0
0;0.08464696;0.03970473;2.0
0;0.09452869;0.014171811;2.0
0;0.09536536;0.021603895;2.0
0;0.08061029;0.03127635;2.0
0;0.09369784;0.026923887;2.0
0;0.039164126;0.0016060355;2.0
0;0.0454002;0.025964625;2.0
0;0.06732096;0.039732266;2.0
0;0.057527684;0.033027843;2.0
0;0.036638882;0.016733516;2.0
0;0.04343975;0.038902644;2.0
0;0.069492586;0.021720955;2.0
0;0.05161746;0.021527534;2.0
0;0.094810866;0.014825126;2.0
0;0.055471387;0.003585178;2.0
0;0.06681953;0.01796932;2.0
0;0.09375092;0.028798267;2.0
0;0.03921877;0.021881083;2.0
0;0.0931738;0.0372782;2.0
0;0.06428757;0.018805053;2.0
0;0.060941108;0.01946218;2.0
0;0.07052095;0.012759627;2.0
0;0.066784374;0.026172496;2.0
0;0.07848345;0.030458014;2.0
0;0.06454914;0.02675851;2.0
0;0.07125394;0.01585579;2.0
0;0.11855926;0.041418258;2.0
0;0.11104579;0.009206231;2.0
0;0.109801985;0.027082652;2.0
0;0.067568645;0.023428949;2.0
0;0.095129766;0.024435237;2.0
0;0.07186174;0.019953784;2.0
0;0.05883465;0.023130981;2.0
0;0.07210987;0.03279919;2.0
0;0.056306493;0.02752493;2.0
0;0.05047084;0.015828466;2.0
0;0.06736015;0.02834017;2.0
0;0.05661487;0.025028298;2.0
0;0.03695017;0.023305204;2.0
0;0.08386202;0.020765645;2.0
0;0.09919578;0.04113467;2.0
0;0.061278824;0.021266885;2.0
0;0.078255914;0.028013082;2.0
0;0.08424251;0.013176739;2.0
0;0.07653487;0.02826834;2.0
0;0.0769756;0.03383;2.0
0;0.11084469;0.030553214;2.0
0;0.081063114;0.024115195;2.0
0;0.038161285;0.03540008;2.0
0;0.050350804;0.019355115;2.0
0;0.10347857;0.02856149;2.0
0;0.062365644;0.01673632;2.0
0;0.09724362;0.019310823;2.0
0;0.11964497;0.014380762;2.0
0;0.042715948;0.032706365;2.0
0;0.050548326;0.023996267;2.0
0;0.046201933;0.024555389;2.0
0;0.12294731;0.028644107;2.0
0;0.058004696;0.014223078;2.0
0;0.06234706;0.038973685;2.0
0;0.11539689;0.025554558;2.0
0;0.06411648;0.021971323;2.0
0;0.10426777;0.01066774;2.0
0;0.01814521;0.034485616;2.0
0;0.030734254;0.02798281;2.0
0;0.008862988;0.026628366;2.0
0;0.041651744;0.026414093;2.0
0;0.08871073;0.025273273;2.0
0;0.0989837;0.021835137;2.0
0;0.03692016;0.021584626;2.0
0;0.06339268;0.014984536;2.0
0;0.10292407;0.038703904;2.0
0;0.07745687;0.025246955;2.0
0;0.08377938;0.0106772315;2.0
0;0.099586345;0.018977406;2.0
0;0.096354544;0.009267923;2.0
0;0.063564666;0.0104132015;2.0
0;0.10937043;0.018720495;2.0
0;0.09748907;0.043470312;2.0
0;0.0730733;0.019040322;2.0
0;0.096834466;0.02076018;2.0
0;0.04752144;0.02241324;2.0
0;0.08893042;0.016067114;2.0
0;0.060008362;0.021017954;2.0
0;0.10206881;0.024447102;2.0
0;0.041053355;0.011173437;2.0
0;0.09610372;0.028763754;2.0
0;0.08418988;0.022751907;2.0
0;0.08268876;0.032705214;2.0
0;0.016257321;0.024768151;2.0
0;0.04741215;0.032305285;2.0
0;0.051856633;0.028042562;2.0
0;0.07120937;0.0207371;2.0
0;0.090195954;0.028552573;2.0
0;0.06886486;0.015415094;2.0
0;0.09422412;0.03347825;2.0
0;0.06850452;0.027519824;2.0
0;0.081074305;0.027659101;2.0
0;0.095688745;0.03062066;2.0
0;0.05412053;0.017441837;2.0
0;0.08611427;0.010076334;2.0
0;0.067225106;0.013107856;2.0
0;0.09887508;0.026279561;2.0
0;0.07204694;0.026017545;2.0
0;0.061766133;0.012696568;2.0
0;0.05289307;0.016860856;2.0
0;0.02480947;0.030554581;2.0
0;0.104261495;0.021229781;2.0
0;0.06462663;0.03062778;2.0
0;0.0730509;0.026645694;2.0
0;0.03595987;0.009441499;2.0
0;0.10601076;0.03341044;2.0
0;0.05508239;0.027620273;2.0
0;0.07402217;0.015586871;2.0
0;0.060600035;0.012806509;2.0
0;0.043011114;0.019442622;2.0
0;0.10367094;0.0294088;2.0
0;0.03282907;0.024599321;2.0
0;0.052093126;0.0340291;2.0
0;0.059084576;0.033427052;2.0
0;0.008820438;0.03786148;2.0
0;0.056409284;0.018446615;2.0
0;0.067853056;0.027772853;2.0
0;0.064911045;0.032237552;2.0
0;0.06597816;0.021435497;2.0
0;0.055367254;0.013995935;2.0
0;0.0690794;0.021613244;2.0
0;0.097081035;0.015214771;2.0
0;0.09813247;0.015085632;2.0
0;0.09811209;0.011652602;2.0
0;0.050299294;0.023966644;2.0
0;0.06309572;4.8124982E-4;2.0
0;0.055689067;0.031545985;2.0
0;0.092097506;0.030983701;2.0
0;0.025370236;0.007041649;2.0
0;0.097816706;0.021180816;2.0
0;0.04266892;0.0101106325;2.0
0;0.032582276;0.025383214;2.0
0;0.049637754;0.027589427;2.0
0;0.05466092;0.038633868;2.0
0;0.053583726;0.018474946;2.0
0;0.063847736;0.02383204;2.0
0;0.0;0.0374704;2.0
0;0.06069745;0.01693391;2.0
0;0.034252487;0.01988418;2.0
0;0.08553133;0.01573269;2.0
0;0.1300064;0.0157383;2.0
0;0.08608986;0.014945133;2.0
0;0.05277572;0.035968337;2.0
0;0.056836132;0.019269623;2.0
0;0.09640426;0.024974154;2.0
0;0.073729694;0.026380442;2.0
0;0.11774723;0.016059421;2.0
0;0.0900907;0.019064194;2.0
0;0.098144785;0.04055441;2.0
0;0.04941246;0.023233157;2.0
0;0.06792427;0.028660141;2.0
0;0.018722996;0.009437831;2.0
0;0.078437984;0.011932594;2.0
0;0.043645337;0.0338497;2.0
0;0.035091843;0.034115814;2.0
0;0.058668256;0.018148648;2.0
0;0.08740197;0.03064446;2.0
0;0.08597385;0.026367499;2.0
0;0.09355787;0.015773676;2.0
0;0.037638586;0.024112104;2.0
0;0.019840052;0.020764494;2.0
0;0.04969374;0.016990641;2.0
0;0.12098821;0.023059078;2.0
0;0.06627086;0.0407886;2.0
0;0.09683066;0.020503053;2.0
0;0.13177693;0.023513867;2.0
0;0.03687761;0.023853322;2.0
0;0.08113925;0.02392156;2.0
0;0.047334664;0.027987484;2.0
0;0.042209826;0.025747404;2.0
0;0.06652773;0.022271017;2.0
0;0.09201129;0.021856925;2.0
0;0.041436307;0.02401791;2.0
0;0.09113005;0.021012345;2.0
0;0.0961241;0.019108774;2.0
0;0.04100095;0.016708205;2.0
0;0.034139168;0.018828567;2.0
0;0.08055363;0.029552031;2.0
0;0.07425015;0.0067191618;2.0
0;0.0431737;0.031462938;2.0
0;0.056528427;0.027894154;2.0
0;0.055427942;0.019073613;2.0
0;0.0704625;0.0202071;2.0
0;0.033896856;0.022374844;2.0
0;0.08980024;0.013980117;2.0
0;0.08672722;0.022854153;2.0
0;0.06296269;0.018740917;2.0
0;0.06486021;0.012770269;2.0
0;0.07855018;0.017122729;2.0
0;0.081438676;0.01790324;2.0
0;0.0636538;0.015741535;2.0
0;0.09940606;0.025213089;2.0
0;0.06557617;0.019627988;2.0
0;0.06100695;0.028197154;2.0
0;0.0931691;0.025325546;2.0
0;0.09148075;0.017677033;2.0
0;0.08256446;0.020020654;2.0
0;0.05359873;0.014835911;2.0
0;0.14066367;0.015701413;2.0
0;0.046789125;0.036149677;2.0
0;0.12945145;0.020571219;2.0
0;0.07242026;0.025289595;2.0
0;0.09124359;0.030272432;2.0
0;0.09082055;0.017790353;2.0
0;0.06918398;0.025647458;2.0
0;0.09276442;0.029598985;2.0
0;0.080998614;0.019527253;2.0
0;0.0624129;0.024938993;2.0
0;0.07738834;0.019135594;2.0
0;0.079955235;0.0;2.0
0;0.08872484;0.026357505;2.0
0;0.056222063;0.02794952;2.0
0;0.07497484;0.029916294;2.0
0;0.054151434;0.021033486;2.0
0;0.033430148;0.045226984;2.0
0;0.07884669;0.033530954;2.0
0;0.051570877;0.025452672;2.0
0;0.03569337;0.012784866;2.0
0;0.056617558;0.017920066;2.0
0;0.04927764;0.02041296;2.0
0;0.06091244;0.028070318;2.0
0;0.044335097;0.015762027;2.0
0;0.075026356;0.01843202;2.0
0;0.06394986;0.030887926;2.0
0;0.06263393;0.011971997;2.0
0;0.08064276;0.008286945;2.0
0;0.076362655;0.028455073;2.0
0;0.033926416;0.015657984;2.0
0;0.0366138;0.03238474;2.0
0;0.087147124;0.028258847;2.0
0;0.09407833;0.02276075;2.0
0;0.11191426;0.02774783;2.0
0;0.022472342;0.01746578;2.0
0;0.11213127;0.033440858;2.0
0;0.08124675;0.021306071;2.0
0;0.079883575;0.019780569;2.0
0;0.11605507;0.017450249;2.0
0;0.08192397;0.03500267;2.0
0;0.087526046;0.03479027;2.0
0;0.06043028;0.039958473;2.0
0;0.061765686;0.032255027;2.0
0;0.068040274;0.013815889;2.0
0;0.050800044;0.016419943;2.0
0;0.067884184;0.014921476;2.0
0;0.0490949;0.0141771315;2.0
0;0.07209308;0.032068796;2.0
0;0.036729805;0.01254593;2.0
0;0.057768878;0.01551504;2.0
0;0.072252974;0.023318578;2.0
0;0.078223;0.03398071;2.0
0;0.109987415;0.03232873;2.0
0;0.048578028;0.021113226;2.0
0;0.0660973;0.03394526;2.0
0;0.035787877;0.022239882;2.0
0;0.06497061;0.027207116;2.0
0;0.02417928;0.023927169;2.0
0;0.09761067;0.022098808;2.0
0;0.09782767;0.03437086;2.0
0;0.10127514;0.033368595;2.0
0;0.032516435;0.028253239;2.0
0;0.062071376;0.011879098;2.0
0;0.097846486;0.013745999;2.0
0;0.07722373;0.015703857;2.0
0;0.06593292;0.027992157;2.0
0;0.07488549;0.015543729;2.0
0;0.05913541;0.009036395;2.0
0;0.08948828;0.04481821;2.0
0;0.04453038;0.021511499;2.0
0;0.0867102;0.020640677;2.0
0;0.10112778;0.026047241;2.0
0;0.06814016;0.019558458;2.0
0;0.06498697;0.021255596;2.0
0;0.12607409;0.025269749;2.0
0;0.06878222;0.003609122;2.0
0;0.05620124;0.001610925;2.0
0;0.06686007;0.014671396;2.0
0;0.09546591;0.020512545;2.0
0;0.05163179;0.028571412;2.0
0;0.08524983;0.006224538;2.0
0;0.07421902;0.02839906;2.0
0;0.10414504;0.024625855;2.0
0;0.059197668;0.024540218;2.0
